36.4800
36.1900
37.0000
37.4000
38.3800
39.1000
38.9200
39.5200
39.0600
39.9900
41.2700
41.8500
41.0000
41.0000
42.6000
44.0500
42.6600
42.6800
43.1600
42.4700
44.1900
43.7200
45.2800
44.6600
44.6000
44.9700
45.0900
44.1400
43.8400
43.7800
43.6400
43.8300
43.1400
42.6100
42.7200
43.4100
43.0200
43.3500
43.6300
43.6200
44.1600
43.7200
42.7800
42.2800
43.4600
44.2800
44.5500
43.6200
45.1100
44.9700
45.8600
45.6200
45.3600
44.8300
44.7200
43.7100
44.3000
45.0500
45.6700
44.5900
44.4600
44.5100
44.8700
44.8300
43.7400
44.7700
43.5500
42.3000
42.4700
43.5300
42.2400
41.9900
42.6500
42.3200
41.9200
42.1000
41.2700
39.8000
41.1800
41.9900
42.5600
42.1800
42.9700
43.0400
42.2100
41.0100
40.8600
40.2700
39.9300
39.7400
39.4500
38.9000
40.5100
39.7600
39.6300
38.7300
39.9900
40.4900
40.7700
41.0200
41.0100
42.1800
41.3500
40.6600
38.2200
37.8400
38.2900
39.7700
39.9600
39.6000
38.9800
39.4700
39.0000
39.3500
40.0100
40.1500
41.1500
40.6400
39.1200
39.0300
37.6600
37.9900
38.3500
37.7200
39.2400
38.9100
39.5400
39.3700
37.9700
37.6200
37.4900
37.1900
36.5200
37.0400
36.8300
37.3400
38.3600
38.4600
37.5600
36.6900
35.6100
36.1400
36.6100
37.9400
38.1800
38.2900
38.1800
37.7500
39.1100
39.2300
40.2500
40.6600
40.8000
40.5300
40.3800
40.4900
40.4800
37.1500
37.2200
36.6800
37.1300
37.4600
37.4700
37.8500
37.4400
36.9500
37.1600
37.0400
37.1600
37.0500
36.7400
37.4800
38.4200
38.2600
37.8300
37.4900
38.3800
39.7300
39.6300
39.5500
39.8800
39.2300
39.0000
38.6900
38.3200
38.2700
38.5800
38.4500
38.8600
38.8700
38.9800
39.2000
38.8600
38.6600
38.1500
37.4100
37.6300
37.2200
37.1800
37.9100
38.0600
36.6400
35.7500
36.0000
35.5100
35.8500
36.1100
35.9400
35.9900
37.1000
37.0000
37.6100
38.2800
37.5800
36.8800
36.9100
36.8200
36.3300
36.1400
35.7500
35.8100
37.5100
36.2800
35.8400
36.8800
37.4700
37.3400
37.9700
38.3400
38.2900
37.9200
38.1300
38.6600
38.3200
37.8100
38.5600
39.7000
40.5100
39.8000
39.8500
40.7400
41.3900
40.5900
41.3600
41.0500
41.0700
40.8900
40.6400
39.8300
40.9400
41.8800
42.0300
42.8600
42.5500
42.2100
43.3500
43.6700
43.4300
43.5400
43.2400
43.0500
43.8700
44.1500