9.2300
9.4500
9.3600
9.1600
9.4300
9.4400
9.6300
9.9300
9.8000
9.7600
10.0200
10.1800
10.1700
10.2500
10.2700
10.4800
10.3600
10.4300
10.3200
10.1600
10.2000
10.4200
10.7600
10.7400
10.6700
10.6700
10.6400
10.2900
10.3300
10.2100
10.1000
10.2800
10.1500
10.4100
10.3800
10.4600
10.4300
10.3200
10.3700
10.1700
10.2700
10.2400
9.8700
9.4700
9.5500
9.7700
9.8100
9.8700
10.3100
10.2800
10.3500
10.5400
10.6000
10.4400
10.2700
10.0100
10.1100
10.2200
10.0600
9.8300
10.0300
10.0200
10.1700
10.0600
9.8100
9.6300
9.6000
9.3200
9.9000
10.1700
9.8500
9.8600
9.9900
9.9500
9.7600
9.7000
9.6300
9.6600
9.8200
9.8600
9.7500
9.7300
9.9700
9.7300
9.5800
9.3700
9.3300
9.2100
9.1500
9.1000
9.0600
8.9200
8.7100
8.4900
8.5000
8.4300
8.6000
8.4900
8.6100
8.6300
8.6300
8.8900
8.5800
8.5500
8.3000
8.3900
8.4500
8.6400
8.5500
8.5200
8.3200
8.5200
8.4800
8.6500
8.8200
8.6900
8.9000
8.9200
8.5500
8.6200
8.3900
8.3900
8.5300
8.5100
8.7500
8.6300
8.9000
8.9200
8.7300
8.7600
8.4000
8.3500
8.3000
8.4200
8.3300
8.2800
8.3300
8.3800
8.2600
8.1400
8.0200
8.0200
8.1900
8.4500
8.4500
8.4700
8.4300
8.1800
8.3700
8.5000
8.6000
8.8000
8.8600
8.9800
8.8300
8.6900
8.7300
8.7700
8.7500
8.8000
8.8200
8.8700
8.6300
8.6300
8.4800
8.5000
8.5400
8.4400
8.5600
8.4200
8.5200
8.7600
9.1000
9.0500
9.3300
9.3500
9.6300
9.8400
9.5800
9.4900
9.4700
9.2500
9.1300
9.0600
8.8400
8.8900
8.9900
8.8600
8.9100
8.8500
8.7800
9.0700
9.0900
9.1200
9.1300
8.7100
8.7700
8.6900
8.8000
8.9400
9.1800
9.2100
9.0100
9.1000
8.7800
8.7000
8.7300
8.6500
8.5700
8.7500
8.6500
8.6100
8.7400
8.4800
8.3900
8.4300
8.4300
8.3100
8.1300
8.0500
8.1800
8.3400
8.2500
8.2700
8.3500
8.3100
8.2800
8.4000
8.4000
8.4100
8.4100
8.4200
8.5700
8.5700
8.5000
8.5700
8.6800
8.6500
8.5900
8.7400
8.7500
8.9100
8.6400
8.7000
8.5700
8.6200
8.7300
8.6200
8.5000
8.6800
8.9900
9.0700
9.2600
9.1000
9.1000
9.0800
8.9700
8.9400
8.9200
8.9200
8.8800
8.9400
9.0000