411.2300
413.4400
418.0300
422.4000
421.7300
423.2400
422.5500
421.3900
419.8100
424.7000
429.1100
427.7500
420.3000
427.4100
420.4100
446.6600
444.6300
447.2800
453.0100
456.4800
456.1900
455.1200
459.6800
463.9700
468.8300
476.6800
493.1700
493.4200
502.6000
509.4600
497.6700
502.2100
502.1200
514.8500
513.0400
516.3900
522.4100
525.7600
535.4100
542.4400
544.4700
545.1800
533.1600
530.2600
530.6900
541.9900
545.1700
552.0000
568.1000
589.5800
585.5600
585.5700
601.1000
605.9600
602.5000
599.3400
596.0500
606.9800
614.4800
617.6200
609.8600
599.5500
618.6300
629.3200
624.3100
633.6800
636.2300
628.4400
626.2000
622.7700
605.2300
580.1300
609.7000
608.3400
587.4400
572.9800
571.7000
560.2800
610.0000
607.7000
603.0000
583.9800
582.1300
585.9800
581.8200
565.2500
569.4800
568.1800
569.1800
570.5200
566.7100
558.2200
553.1700
546.0800
530.1200
530.3800
561.2800
556.9700
570.5600
565.3200
562.2900
572.2700
579.1700
577.7300
560.9900
564.2900
562.8300
571.4600
571.7200
580.3200
571.1700
576.1600
572.1600
571.5300
574.1300
585.7800
587.4100
585.7400
577.6700
582.1000
570.7700
572.0300
574.5000
569.0500
584.0000
592.5200
599.4100
609.9400
605.8800
613.8900
608.2100
604.4300
598.9000
604.9700
606.9100
606.9400
606.2600
614.3200
604.3000
603.8300
600.9200
574.9700
574.8800
585.1600
595.0300
610.7600
606.8100
607.7900
615.7000
622.5500
620.9100
619.8600
620.7300
621.7000
630.0000
631.6900
630.8300
636.3400
648.1100
665.1500
656.0600
668.8700
662.6300
663.2200
675.6800
674.8000
673.4700
663.8700
665.2400
674.9700
670.2300
676.2700
680.4400
662.7400
660.5900
669.7900
682.9800
691.2800
699.7800
701.9100
702.1000
698.7000
700.0900
690.7900
673.5400
665.1800
681.3200
667.1000
659.3900
661.3100
671.4500
666.8000
652.5900
638.1700
635.8500
640.9100
628.1000
629.7100
634.7600
649.7900
644.6100
632.6400
609.8400
634.0300
613.3600
616.8300
609.5400
604.0000
595.3200
596.5400
576.8000
584.6200
582.8500
558.0000
537.7500
547.0600
542.8300
542.9000
536.8800
525.6200
527.6800
565.7300
560.9100
561.7000
571.5000
589.5300
584.7800
582.9400
589.3600
585.2800
586.1900
575.8500
538.7900
547.2400
533.2500
529.8200
541.3900
539.0000
529.6900
509.7900
518.8300
533.9000
526.3100
521.7300
519.3300
520.1700
513.0000
515.0600
509.5900
532.1700
549.0300
542.1000
527.0000
523.9000
525.3100
517.1000
523.5100
520.3000
501.7500
485.9200
506.0900
502.6800
500.0000