38.0700
38.2000
38.4900
38.5900
38.5700
39.0100
38.6100
38.8400
37.8000
38.3000
39.0400
39.4000
40.0900
39.8000
39.5500
39.7200
39.0000
38.9800
38.8200
38.9700
39.8100
39.3400
39.2300
38.9800
38.8700
39.3500
38.9700
38.6000
37.2100
37.5500
36.7100
36.9600
36.6800
36.1900
36.8000
37.4400
37.7000
37.7000
37.7000
37.3700
37.3000
36.5900
36.5500
36.2800
36.8500
37.4500
37.8600
37.7400
38.0200
38.2400
37.9100
38.3200
38.5600
38.8100
38.5600
38.2900
38.9600
39.6000
39.4800
39.0800
39.2000
39.6600
39.1900
38.6800
38.4800
38.2200
38.4400
38.3900
38.7800
38.8100
37.5300
37.4800
38.2200
37.4500
37.4800
37.7500
37.4900
37.5000
37.8500
36.9700
36.9000
37.2100
37.3000
37.2100
36.5500
36.1700
35.9500
36.1600
36.0100
36.5800
36.6200
36.6500
36.4000
36.7000
36.4400
35.9900
36.0800
36.2500
36.3100
36.4600
36.9000
36.5100
36.8500
36.9900
36.2800
36.4100
36.7500
37.2900
36.9800
37.0600
36.4600
37.0000
36.4500
36.9600
37.2900
37.8100
38.0400
37.9600
37.6900
37.9300
37.7500
37.7100
38.1300
38.7400
39.3500
39.8500
39.7800
39.4600
38.7600
38.9000
38.9400
39.2900
39.1600
39.6400
39.4100
39.7900
39.7500
39.7300
39.2100
38.6500
38.2000
37.9500
37.9600
38.6600
38.5300
39.7000
39.3400
38.8700
39.3900
39.2200
39.3400
38.7000
38.6900
38.6900
38.5900
38.2900
38.0200
37.5800
37.5400
37.7100
37.5600
37.9200
37.9800
38.1000
37.9400
37.5000
37.6500
38.1000
38.5200
38.7800
38.1800
38.6400
38.1800
38.0300
37.7700
37.9000
38.0600
37.3600
38.0200
38.3100
38.1700
38.3300
38.9700
39.3600
38.8500
38.6500
39.0200
38.7100
38.9900
39.0300
39.0600
39.3600
39.5200
39.7800
39.6800
39.3900
39.4700
39.5000
39.9100
40.7500
40.5300
40.6800
40.2800
40.4300
39.9300
39.6600
39.7600
39.3400
39.4400
40.9200
40.5000
40.2600
40.3600
40.7600
40.3300
40.4700
40.0600
40.7100
40.2100
40.1600
40.2600
40.6900
40.8000
40.8500
41.3800
41.4500
41.2200
41.2000
41.5200
42.2200
42.4100
42.7500
42.2600
42.5600
42.2700
42.2300
43.1200
42.7100
42.8500
43.3600
43.7800
43.9100
43.6500
43.8000
43.6400
43.4600
43.1200
43.2300
42.8200
43.1800
43.4900
43.4000
43.6900
43.8300
43.7700
43.7700
43.8900
43.8400
44.2900
45.0700
45.0200
45.5200
45.8500