27.1518
27.0464
26.9842
26.7401
26.7353
26.8597
26.5294
26.4050
26.5342
26.6683
26.5007
26.5342
26.6922
26.6730
26.7975
26.4385
26.2662
26.3380
26.0747
25.9215
25.9741
26.0651
26.3284
26.5151
26.6683
26.6012
26.4529
26.3810
26.4050
26.3667
26.5486
26.7353
26.9794
26.8837
26.9172
26.9459
27.1422
27.0943
27.3049
27.0991
27.4390
27.4725
27.4198
26.9746
26.9315
27.5203
27.7405
27.8746
28.2097
28.2384
28.2958
28.4442
28.8272
28.9134
28.9086
28.7745
28.9134
29.1958
29.3585
29.2580
29.1910
29.3394
29.3155
29.2676
29.4208
29.3442
29.1862
28.7889
28.5591
28.5878
28.5256
28.6501
28.9277
28.9421
28.4873
28.6644
28.6597
29.0713
29.4878
29.6122
29.6745
29.7080
29.7894
29.9904
30.1819
29.8755
29.9234
29.9665
29.3107
29.7846
29.6984
29.5261
29.6266
29.9426
29.7894
29.4734
29.5883
29.6745
29.3777
29.8803
29.7990
29.7463
29.5788
29.5788
28.9708
28.8272
28.8655
29.2197
29.2963
29.6218
29.4447
29.6601
29.4447
29.7463
29.9186
30.0144
30.0957
30.0718
29.7942
29.8325
29.7367
29.8468
30.0957
30.1149
30.8617
30.9382
31.0340
30.9957
30.9957
31.4074
31.4361
31.2015
31.1776
31.3308
31.3451
31.8143
31.5606
31.4983
31.1441
30.9430
30.6080
30.6941
30.9478
31.7808
31.8813
31.7425
31.6419
31.7568
31.8765
31.7712
31.6084
31.5462
31.4600
31.6467
31.5893
31.6754
31.7951
31.7999
31.5558
31.4648
31.2590
31.3739
31.2733
31.5175
31.4600
31.4648
31.4074
31.3069
31.3739
31.3356
31.4744
32.0345
31.9244
32.1637
32.2307
32.4749
33.1594
32.6807
33.0876
32.9871
33.1977
33.4418
33.3270
33.3222
33.3030
33.1211
33.1833
32.8195
33.0685
32.8100
33.4275
33.8822
34.2796
34.1407
33.9397
33.6860
33.2312
33.1642
34.4902
34.5285
33.0493
31.9004
31.6659
31.5031
31.2877
31.3834
31.4888
31.3451
31.3547
31.3308
31.0962
31.1345
31.0292
30.8856
30.3878
31.0388
31.0531
30.9622
30.5122
30.2537
30.1005
30.1197
30.1963
30.3159
30.8617
30.8090
30.6654
30.9095
31.1537
31.1154
30.7755
30.8234
30.8952
30.9143
31.3691
31.2733
31.6754
31.5989
31.2686
31.2829
31.2111
31.5606
31.2781
31.3787
31.6180
31.3403
31.1441
31.1393
30.8377
31.3547
32.0500
33.2700
33.0700
33.3400
33.3500
33.5700
33.8500
33.3700
33.3600
33.0200
32.7000
32.7800
32.7400