28.5700
28.2800
28.4800
28.7200
28.5300
29.2000
29.3200
29.2300
28.9700
29.3500
29.8900
30.2400
30.5000
30.2300
30.9500
31.3400
31.1800
31.0500
31.0000
30.9500
31.2400
31.2900
31.8500
31.8600
32.2800
32.1000
32.6500
32.2100
32.3500
32.4400
32.4600
32.8600
32.7500
32.5400
32.3300
32.9700
33.4100
33.2700
33.2700
32.8900
33.1000
33.7300
33.2200
31.9900
32.4100
33.0500
33.6400
33.5600
34.2200
33.7700
34.1700
33.8200
34.5100
33.1600
33.5600
33.7100
33.8100
34.4000
34.6300
34.4600
34.4800
34.3100
34.7000
34.3100
33.4600
33.5900
33.2200
32.6100
33.0100
33.5500
33.1800
32.8500
33.8400
33.3900
32.9000
33.0600
32.6200
32.4000
33.1300
33.2600
33.5800
33.5500
33.7700
33.7600
33.3200
32.6100
32.5200
32.6700
32.5200
31.9200
32.2000
32.2300
32.3300
32.3600
32.0100
31.3100
32.0100
32.0100
32.1800
31.5400
31.6000
32.0500
31.2900
31.0500
29.8200
30.3100
30.7100
31.6900
31.3200
31.6500
31.1300
31.7700
31.7900
31.6700
32.3900
32.6300
32.8900
31.9900
31.2300
31.5700
30.8500
31.0700
31.4100
31.1700
32.3700
32.1900
32.5100
32.5300
31.3700
30.4300
30.4400
30.2000
30.1400
30.6500
30.4000
30.6500
31.4300
31.8900
31.3800
30.6400
30.0200
30.3300
30.9500
31.9000
31.0100
30.8800
30.6900
30.5800
32.0200
32.1400
32.3700
32.5100
32.6500
32.6400
32.2700
32.1100
32.9100
33.6500
33.8000
33.9200
33.7500
33.8400
33.5000
32.2600
32.3200
32.0600
31.9600
31.4600
31.2700
31.4400
32.2600
32.7900
32.4600
32.1300
32.4300
32.4200
32.8100
33.3400
33.4100
32.5700
33.1200
34.5300
33.8300
33.4200
32.9000
32.5300
32.8000
32.4400
32.6200
32.5700
32.6000
32.6800
32.4700
32.2300
31.6900
31.5100
31.7800
31.9400
32.3300
33.2400
33.4400
33.4700
33.2400
33.4900
33.3100
33.3600
33.4000
34.0100
34.0300
34.3600
34.3900
34.2400
34.3900
33.4700
32.9800
32.9000
32.7000
32.5400
32.2400
32.6400
32.6500
32.9200
32.6400
32.8400
33.4000
33.2900
33.1800
33.8800
34.0900
34.6100
34.7000
35.3000
35.4000
35.1400
35.4800
35.7500
35.5400
35.9600
35.5300
37.5600
37.4200
37.4900
38.0900
37.8700
37.7100
37.5300
37.5500
37.3000
36.9000
37.6800
38.3400
37.7500
38.1300
37.9400
38.1400
38.6600
38.6200
38.0900
38.1600
38.1500
37.8800
37.7300
37.9800