36.0300
35.9800
36.1400
35.9000
36.6000
36.7600
36.9100
37.3100
36.6200
37.0400
39.1500
39.6700
39.7800
39.5000
39.8500
39.7800
39.2800
39.3600
39.0800
39.1300
39.3500
39.3400
40.0800
39.5700
39.6700
39.8900
40.1000
39.4600
39.5000
39.4300
39.6200
40.3600
40.4200
40.1900
39.8200
39.3300
38.8500
38.8200
39.5700
39.2100
39.1500
38.6600
37.9600
38.0800
38.2000
38.5800
38.8900
38.6400
39.4200
39.0500
39.7900
39.7000
40.2900
40.0500
40.1400
39.8200
39.9200
40.4400
40.3800
40.1200
40.0100
40.4000
39.9000
39.0800
38.6900
38.7900
38.0400
37.6100
37.9400
38.8300
38.0400
37.9300
38.6400
38.3900
38.2800
37.8100
37.2200
37.4600
37.8300
38.3800
38.9700
38.9800
39.0400
38.9900
38.2000
37.5000
37.4400
37.4500
37.0900
37.1300
37.3300
37.1900
36.9000
36.3500
35.6800
35.0900
35.8700
35.8000
35.6800
36.0000
36.1900
36.9000
36.1500
36.3700
35.7400
35.6800
36.2000
37.3200
36.8400
37.1000
36.3300
37.3000
36.6200
36.4400
36.9100
37.5600
38.0000
38.2700
37.3200
37.7300
36.9600
36.6300
37.0800
36.5200
37.6700
37.2400
37.2800
37.4300
36.6200
36.3100
36.1200
36.4400
35.8300
36.4700
36.1800
36.5700
37.5900
37.9900
37.4900
36.9900
36.7000
37.9500
38.3400
39.3700
39.2200
39.0800
39.3500
39.0800
39.8000
39.8400
40.0100
40.1800
40.3600
40.4300
40.5300
40.2800
40.4300
40.8500
40.8200
40.5400
40.3400
39.7000
39.5700
39.7400
39.6000
39.5500
39.5200
39.3900
39.7400
39.3600
39.3000
40.3400
40.4500
40.0700
40.2300
40.2600
40.8900
41.6800
41.1600
40.7700
40.9200
40.5100
40.3200
39.8300
39.0100
38.7600
39.5900
39.1800
39.5000
39.6400
39.5500
39.5800
39.7200
39.2900
38.6700
38.1800
37.9600
38.1100
38.5600
39.4500
39.5300
39.2300
38.4500
38.4400
38.5500
38.1700
38.6900
39.0400
39.1200
40.3300
39.8200
40.7700
41.3300
40.4500
40.0000
40.2800
40.2500
40.4500
39.7400
39.3900
39.3300
40.2100
40.0400
40.1100
40.7400
40.3800
40.1100
40.4000
40.6000
40.6000
40.4400
40.6500
40.5700
40.7300
41.2800
41.4300
42.2500
42.0200
41.5200
41.3500
41.5500
42.1600
42.3100
42.3500
42.1900
42.1100
41.7900
41.8900
41.4700
42.0600
44.0000
43.2900
42.5200
42.6500
42.2100
42.1000
42.6100
42.2600
42.2400
42.0200
42.0800
43.0600
43.0600