28.8900
29.3700
29.2400
29.0700
28.9100
28.7800
28.9300
29.1400
29.1700
28.7800
29.2200
29.4200
30.0400
29.8900
29.8200
30.0800
29.8400
29.8200
29.7100
28.6300
29.1900
29.1700
29.5500
29.6000
29.8000
30.4200
30.7500
30.5700
30.9300
31.1500
31.0400
31.2300
31.3500
31.3700
31.5500
31.7400
31.9600
31.7100
31.5800
31.2000
31.5200
31.6400
31.6500
30.3900
31.0500
31.1100
31.1300
31.3300
32.1600
31.6500
31.8200
31.8000
31.6900
31.8700
31.9300
31.7400
31.8600
32.0400
31.8700
31.2700
31.2600
31.6600
32.3300
31.9800
31.4300
31.3200
30.8400
30.8200
30.9900
31.1000
30.7500
30.7900
31.2000
30.9300
30.6800
30.7100
30.4200
30.9400
30.8900
31.0300
31.0800
30.8300
33.0200
32.9500
32.5600
32.2500
32.5900
32.9800
32.6600
33.5000
32.8500
33.0500
32.4700
32.3000
32.2100
31.8200
32.1700
32.1600
31.9200
32.1000
32.2500
32.5000
32.1500
31.8800
30.9200
30.8800
31.3100
32.1700
32.1300
31.8500
31.6900
31.9300
31.2600
31.2600
31.4500
31.2900
30.1500
29.8800
29.3800
29.2800
28.7900
28.6300
28.8700
29.1400
29.5200
29.0400
28.9900
28.5000
28.3900
27.5500
27.5700
27.6600
27.3100
27.3900
26.9100
27.2500
27.6000
27.2900
27.0000
26.8700
26.6900
26.7100
27.1800
27.5400
27.4900
26.0900
25.6800
25.1300
25.5400
25.6300
25.7100
26.4800
26.4700
25.9400
25.9300
25.8200
26.2500
26.3200
26.1700
26.5100
26.3200
26.2700
26.2100
26.3800
26.4200
26.3700
26.5800
26.5300
26.7500
26.8800
26.6300
27.3600
27.2900
27.2400
27.3300
27.1900
27.3900
27.1900
27.2000
27.2300
27.1700
27.0200
27.0300
27.5100
27.6600
27.4800
27.5600
27.1800
27.7700
27.8800
27.9600
28.1500
28.2100
28.3200
28.3000
28.0900
28.0300
28.0500
28.1000
28.7300
29.1000
29.0700
28.5200
28.0400
27.2900
26.9300
26.9900
27.0500
26.8400
27.1000
26.8500
26.6000
26.6300
26.0000
25.4700
25.3900
25.2600
24.8900
24.5300
24.4800
24.9600
25.5500
26.3400
26.3900
26.7400
26.7100
26.4300
26.6000
26.7600
26.7000
26.7900
26.7100
26.7200
26.7200
27.1800
26.9700
27.1700
27.2200
27.1500
27.0900
27.3900
28.0800
27.8900
28.0300
27.7800
27.7400
27.4700
27.4900
27.0600
27.3900
28.6700
28.4400
29.2200
28.0100
28.3400
28.4800
28.3400
28.3400
28.5600
28.4200
28.3900
28.7800
28.6400