54.4600
54.4000
54.8000
54.8800
54.6700
54.6600
54.6100
54.9600
54.9500
55.6600
56.5000
56.9000
56.7900
56.6800
56.7300
56.9200
55.8200
55.3400
54.9000
54.7800
54.9500
54.8200
55.5100
55.1300
54.8700
54.5900
54.5700
54.0100
54.2300
54.2500
53.7900
53.8400
54.2500
53.8600
53.8100
53.8000
53.8200
54.1100
54.5400
54.3200
54.8700
54.4400
54.4900
53.8800
54.2700
54.6000
54.9500
54.8800
55.0700
55.1900
55.3800
55.1000
55.3200
55.0800
55.0800
55.0500
54.9900
55.7300
55.7400
55.4600
55.0300
55.1900
55.9400
55.9500
55.4900
55.6000
54.5700
53.9200
54.6200
54.9800
54.4900
54.7000
55.5500
54.6300
54.6200
55.0200
54.5400
54.7300
55.3100
55.5800
55.8200
55.6200
55.2100
54.7000
54.4700
53.5600
53.5600
53.6900
53.2800
53.5400
53.7000
53.4000
53.1100
53.3300
52.5200
51.9900
52.7000
52.9600
52.8400
53.1500
52.6800
52.8900
52.5100
52.1500
50.9200
51.5500
51.8100
53.0900
53.1500
53.6800
53.1900
53.7000
53.3600
54.4200
55.0400
55.1000
55.4700
55.3100
54.5400
54.7000
53.9200
53.9300
54.4800
54.1800
55.6600
55.7600
56.0000
56.4700
55.4300
55.5200
55.4200
55.4500
55.3800
55.8400
55.6800
56.0400
56.8500
56.5000
56.1000
55.5200
55.2500
55.4100
56.5200
57.6000
57.3400
56.5500
55.8500
55.7500
56.9300
56.7900
57.2200
57.4700
57.1500
57.6100
57.1700
57.7800
57.8400
58.4300
58.5100
58.3600
58.1700
58.0800
57.9700
58.4200
58.5100
58.3900
58.3800
57.9300
58.0800
58.1000
58.1900
59.3600
59.2500
59.0400
58.8400
57.3900
57.7800
58.4500
58.4100
58.4700
58.4500
58.6400
58.6400
58.8600
58.3900
58.0800
58.4300
58.6600
58.5100
58.4900
58.8700
58.9000
59.5300
59.2200
58.4800
58.2000
58.3600
58.3200
58.9100
59.2300
59.3300
59.1100
58.4200
58.2000
57.6900
57.8600
58.2300
58.1900
57.7900
59.3600
57.3700
56.4000
57.3100
56.3600
55.3800
55.3000
55.4200
55.5900
54.7700
54.6700
54.7400
55.2200
55.0600
55.4000
56.1200
55.6700
55.3800
55.8900
56.2800
56.7400
56.4100
56.6700
57.2400
57.5400
57.3100
57.3300
58.0300
57.4000
57.5800
57.4000
57.9500
58.2600
58.1200
58.3700
57.5800
57.4800
57.1000
56.8900
56.3300
56.9300
58.3900
58.6200
59.1400
58.9100
59.2500
59.1000
59.3200
59.4200
59.4100
59.1400
58.8300
59.1700
59.7200