30.8100
30.2100
30.8200
30.9600
31.0800
32.5300
32.1800
32.3000
31.9200
32.1600
34.3400
35.4300
35.0400
34.6600
35.8100
36.2300
36.5500
36.6000
35.9100
36.0000
37.0000
36.8200
37.8500
37.7600
38.3400
38.3600
38.4000
37.5300
38.3700
38.7900
38.6500
39.5300
38.9100
38.1100
37.7600
38.2000
37.6200
38.0200
37.9900
37.8500
37.9900
37.0900
36.6500
35.7200
36.0600
36.5200
36.8100
36.6700
38.6700
39.3500
40.0800
40.9000
41.4000
41.1000
41.7000
41.1000
41.0800
42.3700
42.1900
41.9000
42.0400
42.3200
42.3400
42.3900
41.7500
41.4400
40.5400
39.4400
39.6200
40.4600
41.2500
41.0900
41.8000
41.4300
40.5800
40.4200
39.0300
38.7100
39.2700
40.1900
39.6300
39.3700
40.7300
40.1600
38.9200
37.4600
37.2000
36.6100
36.8000
36.1800
36.2500
35.9300
36.4500
35.8900
34.7300
30.2600
31.8500
32.4300
32.1800
31.8600
32.1200
32.7800
32.1500
32.0200
30.8400
30.8300
31.2700
33.1100
32.6500
32.7800
31.8400
32.3000
31.7000
32.0800
33.3700
33.6400
34.6400
34.6700
33.0500
33.8100
32.8100
32.9500
33.5500
32.8300
34.9900
34.5100
34.7000
34.6500
32.3100
31.4100
30.6500
30.5200
31.2600
31.7200
31.3900
31.9300
32.2100
33.4500
32.1600
31.7900
31.3300
31.9400
33.4900
34.6000
34.1200
33.9200
34.0400
33.7800
34.9800
34.6900
35.2500
35.3100
35.1700
35.0100
34.6800
34.1600
34.4800
34.6700
34.9700
33.9600
34.6000
35.4900
35.7100
30.1300
30.5100
31.2300
30.9200
30.4100
31.0500
31.4100
31.3000
32.7700
32.2200
31.9700
32.1900
32.5800
32.7400
33.4700
33.5900
33.4700
33.5600
33.6100
33.6800
33.4800
32.9300
32.4000
33.3000
33.3500
33.3800
33.4100
33.7800
33.1800
33.1000
32.4500
31.4700
31.0300
31.0100
31.2000
31.9000
32.6800
32.2000
31.5900
30.4700
30.9500
31.3700
31.4600
32.1000
32.3100
31.8500
32.3900
32.1400
31.9800
32.4100
31.5700
30.7300
30.9400
31.0000
30.6400
30.4400
30.5000
31.4800
31.3200
30.8700
31.3400
31.8000
32.2400
31.9200
33.1000
33.5100
33.1300
32.9900
33.0800
33.6000
33.8000
33.7600
33.9600
34.6200
34.2900
33.8800
34.2100
34.8800
35.7300
36.0000
35.9000
35.4900
35.6800
35.1500
35.1200
34.9900
35.3500
36.9400
36.3700
36.3600
36.0900
36.3000
36.6700
36.5200
36.8000
36.8300
36.7100
36.7300
37.3300
37.5000