32.7600
32.7500
32.7300
32.0900
32.0800
32.2900
32.3500
32.3400
32.3300
32.3800
32.1100
31.5600
31.6400
31.8300
31.2600
31.9200
31.9200
31.6100
31.4700
31.6400
31.7000
31.5800
31.7700
31.5400
31.7500
31.6500
31.5400
31.3100
31.2000
31.1900
31.0900
31.6200
31.9000
31.7300
31.8400
32.1200
32.2400
31.9700
31.9300
32.0700
32.1400
31.9700
32.2400
32.0100
31.8800
31.9100
31.9200
32.1900
32.2000
31.6300
31.6400
31.4600
31.2400
31.6100
31.7200
31.7700
31.7700
32.1800
32.4700
31.9900
32.1400
32.5800
32.5000
32.4100
32.3200
32.0900
31.9200
31.3900
31.4700
31.5600
31.4700
31.6400
31.8600
31.4900
31.2900
31.6800
31.4300
31.9300
32.2900
32.5400
32.7600
32.7900
33.0000
32.6900
32.4300
32.3700
32.1900
32.4000
32.5300
32.8400
32.5000
32.6000
32.2200
32.3600
32.0700
31.9300
32.1800
32.3800
31.9600
32.0400
32.0600
32.4500
32.0500
32.3100
32.0400
32.1000
32.3000
32.8100
33.1100
33.2500
33.1100
32.9200
32.9000
33.2300
33.6100
33.9000
33.6500
33.5400
33.0500
33.0200
32.7900
33.0900
33.3400
33.5600
33.5400
33.5900
33.5800
33.1700
33.4200
33.1300
33.2100
33.2400
33.2300
33.6700
33.6300
33.8000
33.7400
33.7400
33.8300
33.5000
33.3300
33.3600
33.8400
34.4200
34.6800
34.2100
33.9300
33.6700
34.3400
34.6000
34.4200
34.4500
34.4300
34.7000
34.7100
34.6500
34.3400
33.8200
33.5800
33.6800
33.5000
33.4800
33.1600
33.2000
33.1800
33.1200
33.0000
33.0000
32.7200
32.7200
33.0300
33.1800
33.1200
32.5500
32.5000
32.3100
32.8400
32.6700
32.5900
32.5000
32.5800
32.8200
32.6400
32.7800
32.7700
32.8800
32.6100
32.6700
32.5000
32.8500
32.9200
32.9600
32.8800
32.8000
32.8100
32.7100
32.8000
32.6000
32.6600
32.6800
33.0300
33.1300
32.9600
32.8100
32.4800
32.3300
32.5900
32.3300
32.8800
32.8500
32.6800
32.2500
32.1000
31.3900
31.5000
30.3600
29.8600
29.6900
29.4000
29.0200
29.3600
29.0800
28.8900
28.7200
28.5500
28.8500
28.7500
29.3000
29.6100
29.9700
29.5800
29.4500
29.9600
29.8000
29.7400
29.7700
29.7600
29.7800
29.7300
29.4200
29.9800
30.2700
30.0500
31.1700
31.0500
30.8900
30.7100
30.5900
30.3200
30.7200
31.3200
31.1900
31.1900
30.8000
30.9400
31.0800
31.4800
31.4600
31.4700
31.6900
31.3700
31.3700
31.7000