40.7700
40.9000
40.9500
40.7900
40.9800
41.2600
41.2300
41.3500
41.3700
41.4300
41.5400
41.1000
41.0100
40.8000
40.6700
41.3800
41.2800
39.9500
39.4600
39.5600
39.4000
39.5700
39.5800
39.6100
39.8800
39.3100
39.3700
39.3000
39.7100
39.8400
39.6000
39.9100
39.7300
39.8700
39.8400
37.9100
37.7300
38.2300
37.9600
37.6100
37.7300
37.9600
38.2600
38.1900
38.2300
38.1900
38.2100
38.6800
39.0500
38.3000
38.4100
38.7300
38.4100
38.4400
38.2300
38.3000
38.4800
38.4900
38.6500
38.1700
38.2800
38.5800
38.8800
38.7800
38.5800
37.9900
37.8100
37.2200
37.2700
37.3700
37.3100
37.7600
37.9900
38.0000
37.8900
38.3300
38.0500
38.2700
38.4900
38.6100
38.7000
38.8400
38.8800
38.8000
38.5500
38.5800
38.5200
38.1200
38.2200
38.3600
38.4500
38.2600
37.6200
37.6000
37.4300
37.7500
37.8300
38.0600
37.7900
37.9800
38.2300
38.4700
38.2000
38.5100
38.3900
38.4200
38.9200
39.4800
39.4800
39.7200
39.5700
39.7300
39.7100
39.8400
39.9400
40.0700
40.0200
39.6400
39.1000
39.2500
39.1700
39.3900
39.7300
39.9300
39.9000
40.4200
41.0100
41.0400
40.9600
40.8800
41.0300
41.1100
41.3400
41.6900
41.8600
41.9100
41.9100
42.0000
41.9300
41.6900
41.4400
41.2200
41.9500
42.4200
42.5700
42.2400
42.1800
41.8200
42.3400
42.3900
42.1000
42.3500
43.3700
43.5500
43.4600
43.3700
43.1600
43.2500
43.0700
43.1100
42.6500
42.6100
42.6000
42.8000
42.8100
42.8900
42.9800
42.8000
42.9900
43.1400
42.9500
43.5200
43.4600
43.3900
43.4300
43.5000
43.9600
43.6600
43.5700
43.5200
43.8300
43.9700
44.0100
44.4500
44.3600
44.3600
43.8200
43.9400
43.9100
44.1700
44.4400
44.4600
44.2200
44.3600
44.4300
44.0800
44.2400
44.1200
44.5100
44.5600
45.0200
45.2700
44.9800
44.9500
44.6200
43.8200
43.9100
43.9500
44.4400
44.3900
44.2300
43.4900
43.3200
42.0700
42.0400
41.8000
41.2700
41.3400
41.1800
40.9600
41.5200
41.4500
41.1800
40.9900
41.0300
41.4800
41.4500
41.8800
42.1800
42.6500
42.2800
42.3500
43.2000
43.2700
43.2700
43.3700
43.4400
43.4800
42.9400
42.8400
43.5300
43.9100
43.5100
43.6000
43.4500
43.2000
42.7900
42.6400
42.2100
42.6800
43.6500
43.6200
43.5500
43.3700
43.1500
43.1600
43.5500
43.2400
43.2400
43.1600
43.1200
43.2000
43.5100