12.1200
12.0300
12.3200
12.2300
12.4700
12.7000
12.6600
12.5500
12.6500
12.8800
12.7900
12.9200
13.0600
12.9400
12.7400
13.1100
12.9400
12.8100
12.7500
12.7600
12.9600
13.0100
12.9200
12.7800
12.8800
12.9400
12.9800
12.8800
13.1200
13.4800
13.4300
13.7800
13.7000
13.7800
13.8200
13.7700
13.8000
13.7000
13.4400
13.5600
13.5300
13.4900
13.3800
12.9800
13.0200
13.1800
13.1900
13.2700
13.3200
13.0000
13.1500
13.1700
13.1200
13.1500
13.0900
12.8600
12.9200
13.1100
13.1700
13.0200
13.0200
13.0700
13.0400
13.2500
13.1700
12.9200
12.8600
12.5000
12.4800
12.6600
12.4000
12.4400
12.3400
12.2500
12.1200
12.2600
12.0500
12.1400
12.2200
12.4200
12.4500
12.5200
12.5800
12.3100
12.2100
12.0800
12.0700
12.0100
12.0300
12.3700
12.3600
12.2200
12.1900
12.1300
11.9800
11.9500
12.2300
12.4200
12.2100
12.3800
12.5500
12.6100
12.3200
12.0900
11.8400
11.8200
12.0200
12.4500
12.3600
12.5500
12.3000
12.3300
12.3400
12.6200
12.6300
12.5800
12.6900
12.4500
12.1300
12.0800
12.0100
12.1800
12.4500
12.6200
12.8300
12.7200
12.8100
12.8300
12.8400
12.6700
12.6500
12.7500
12.6000
12.7200
12.6400
12.6700
12.6100
12.8200
12.7700
12.4500
12.1000
11.7900
11.9700
11.9800
12.1100
12.0600
12.0000
12.1100
12.2500
11.7100
11.5300
11.7200
11.7600
11.7800
11.8600
11.7000
11.6600
11.7900
11.6700
11.6700
11.6100
11.6700
11.3800
11.5100
11.5600
11.4200
11.5200
11.3900
11.3900
11.2900
11.2900
11.3700
11.3900
11.4600
11.5000
11.2600
11.5000
11.5700
11.4000
11.1700
11.1400
11.2000
11.1200
11.2400
11.0500
10.8900
10.8900
10.9700
10.8000
10.8800
10.9100
11.0000
10.9200
10.8300
10.7800
10.6400
10.7000
10.6100
10.7400
10.9600
11.1000
11.1500
11.0400
10.8100
10.7300
10.4900
10.4500
10.4500
10.4500
10.5400
10.6600
10.3700
10.4800
10.0700
10.1500
9.9600
9.9100
9.7400
9.7800
9.7200
9.8900
9.9700
9.9200
9.9700
10.1000
10.2000
10.1700
10.4000
10.4200
10.6700
10.5700
10.7200
10.8600
10.8400
10.8600
10.7200
10.7200
10.7400
10.7700
10.7400
10.9000
11.0500
10.9100
11.0200
10.9000
10.8000
10.7700
10.6400
10.5100
10.7000
11.0000
10.9400
11.2000
10.8500
10.8500
10.9000
11.0900
11.1100
11.0300
11.0000
10.9500
11.0700
11.1400