42.4000
43.2000
43.6300
44.0700
44.1400
44.3200
44.1900
43.9300
43.7000
44.5700
44.9100
44.1300
43.7400
43.5800
42.7700
42.6300
42.6100
43.4300
44.0200
43.7000
45.0700
44.7900
44.1100
43.7400
44.7100
45.1400
45.8000
45.7000
46.2600
47.2700
47.1800
47.1700
47.0800
46.8700
47.1400
46.6900
46.8900
46.7400
46.6400
46.7600
47.2200
46.5800
46.7900
45.6500
45.7200
46.3100
46.8600
46.0000
45.8600
45.7000
45.9600
46.5000
46.7300
46.3000
46.5200
46.5000
45.6000
47.0000
47.0000
46.5200
49.5600
50.1600
50.2300
49.9300
49.6400
49.6200
48.7700
47.6700
47.6900
48.1900
47.8200
47.2300
47.7700
47.9100
49.0700
49.2100
48.9300
49.0400
49.3600
45.3100
43.5200
44.0400
44.4500
44.9300
44.0100
43.1400
42.9800
43.0500
42.0800
41.8400
41.2400
41.5300
40.8300
40.2100
39.6200
39.2300
40.7800
40.2600
40.3400
41.1300
41.2000
41.8100
41.3600
40.8900
40.4900
40.5000
41.7500
42.4300
42.0000
43.2400
42.7500
42.8800
41.5900
41.5000
40.9900
41.1100
40.9000
40.9900
40.7600
41.6900
40.6900
40.6800
40.9600
39.8500
38.7700
38.5700
38.1500
37.8600
37.6300
38.0400
37.6900
37.7600
37.5500
38.1600
38.0300
38.6600
39.0000
38.1600
37.6600
37.2400
37.0700
35.3200
35.3000
36.6700
37.1400
36.0600
36.5100
36.3300
36.7000
36.5800
37.2000
37.6000
37.5300
37.7300
37.4800
36.9700
37.6500
38.1700
38.0400
40.1800
39.9000
39.5700
39.3000
38.7200
39.0000
38.5300
39.1200
38.8000
38.4100
38.1500
38.1700
38.3700
39.0000
38.2000
37.8900
37.3500
38.1700
39.0400
39.1300
39.4700
39.4300
39.4100
39.6000
40.2900
39.9000
39.3000
39.7200
39.6000
39.8100
40.7000
41.4000
42.0900
41.6600
42.0800
42.2000
41.8900
43.2900
43.2500
43.9200
43.9300
43.5300
44.3000
43.5400
44.2600
43.6600
43.9500
44.4300
44.1000
43.6900
44.4900
44.0000
44.2900
44.5600
42.6900
42.3300
42.1200
41.9100
41.4800
40.7900
40.7800
40.7000
41.7100
41.8500
42.1600
42.9900
42.7800
42.6600
42.3200
42.7400
43.1900
43.4000
43.3600
43.5500
43.4300
44.7100
44.6800
44.4800
45.9100
45.9700
45.5700
46.1800
46.5200
46.0000
46.9900
46.6300
46.5000
46.5200
46.2400
45.5600
46.3100
46.2500
45.2700
45.4800
46.1600
44.3800
44.9800
45.7600
45.5300
45.7800
46.0500
45.7000
47.1900
46.9300