44.8800
44.5700
44.8600
44.2400
43.2300
43.8700
44.2100
44.0700
43.1800
43.7600
45.1800
47.1300
47.9100
48.0500
49.0700
49.1600
48.7800
49.0400
48.4100
48.2300
48.2600
48.4800
49.9800
49.6000
49.2800
49.3700
49.0300
48.3300
48.9100
48.5600
48.0700
48.1800
48.0100
47.9100
46.9600
47.2400
46.9000
46.7000
46.8900
47.2500
47.4100
47.0800
47.0300
45.2200
45.3000
44.7600
45.1600
44.7300
46.0700
46.2100
47.5000
46.8700
47.5700
47.5600
46.6900
45.6000
45.7200
46.8600
46.6400
46.5100
45.8000
45.9900
46.4100
45.8400
45.0400
44.8000
43.6200
42.2200
43.0400
44.2100
42.8800
42.8000
43.7000
42.8000
42.2900
41.6200
41.3600
42.0000
45.2600
45.0200
45.1700
45.0400
45.5100
45.0100
44.3500
43.4800
43.7400
43.5900
42.7700
43.0900
43.3600
42.7300
42.5700
41.6100
39.8200
39.0700
39.7300
40.1100
39.8400
39.6800
39.2200
40.2500
39.6600
40.0800
38.6500
38.4500
38.8900
40.5300
40.9000
40.6400
40.0000
40.6400
40.2800
41.6300
41.9800
41.3700
42.2300
42.3900
41.0700
41.1100
39.6700
40.2200
40.7400
41.0000
42.5900
42.8300
43.3700
42.9500
42.6300
42.5600
42.2900
42.9600
42.4400
43.6000
43.2000
43.6100
43.9000
44.0400
43.2800
42.4100
42.0200
41.2900
41.4800
43.4900
43.8400
43.7800
43.8000
43.1400
44.5800
44.9400
45.5500
45.7800
45.7000
45.8600
45.5600
45.2300
45.6400
45.9000
46.1200
46.1000
46.5100
46.0900
45.7100
46.1800
46.1500
46.1900
46.3300
46.0200
46.1800
46.5000
45.8800
47.4100
48.2900
48.0000
48.6200
48.5400
49.3400
49.6600
49.2700
48.6900
48.6000
48.6500
48.1800
48.3100
47.5600
46.6500
47.7200
47.8800
47.6000
47.5600
47.5300
48.4300
48.6100
48.6700
48.0600
47.6100
48.2900
48.1400
48.7800
49.4100
50.2800
50.1100
49.6900
50.1900
49.6600
49.4400
50.0300
49.5800
49.7800
50.9400
50.6300
51.1900
52.1900
50.4800
49.7200
49.6200
49.8400
50.0300
49.6400
50.1400
50.4100
51.4400
50.9600
51.2300
51.8900
51.8500
51.5100
51.9900
52.6700
52.9900
52.7500
52.5700
53.5800
53.8000
53.5800
53.5700
54.0900
54.1900
53.4200
53.2300
54.0900
54.6300
54.3800
54.7000
53.8100
53.7800
53.5000
53.0100
52.2500
53.1200
54.0700
52.7000
52.0400
51.8400
52.4400
52.5000
53.3700
52.9300
52.9500
53.0300
51.6100
51.4400
51.4700