88.4200
88.0100
87.0700
87.0700
88.3300
88.9700
88.2600
88.5600
88.1600
87.9300
87.1700
87.1600
87.7700
89.3600
88.4900
89.3000
88.9700
88.8200
88.0600
87.9100
87.2900
84.8400
86.0800
86.4900
87.2500
88.6500
87.3800
87.0500
87.6100
88.8800
87.8000
88.0600
87.9100
87.0700
87.2700
87.3200
87.4200
87.3800
88.8200
89.5900
89.7400
89.2400
89.5500
88.4200
90.6400
92.3300
91.8700
92.1200
93.3600
93.5900
94.1800
93.0000
93.3000
93.1700
93.5700
93.5600
93.6100
94.7400
94.3100
94.0500
94.9100
95.4300
95.1700
95.2700
94.8200
94.9900
93.9400
92.4800
93.3100
93.1900
94.6500
94.0800
94.7900
94.9400
95.2000
95.5800
93.8000
94.1800
95.1500
96.3800
96.5900
96.0000
96.3900
92.5000
93.5300
92.9000
93.7400
93.3500
92.6300
92.8300
92.9700
91.6000
91.2500
91.3200
88.8800
88.7800
89.8000
89.9000
89.0200
90.4900
90.5300
90.7700
90.8100
90.2500
88.0900
88.5800
89.8700
91.0600
90.7400
91.4800
91.1100
91.3700
90.8500
91.6400
92.4500
93.1200
93.4900
92.4600
91.2400
91.5900
89.8600
90.0200
91.1100
90.0300
92.5700
94.7700
95.6500
94.6400
93.7000
91.8100
90.6000
89.4300
89.4000
90.7500
89.5900
89.9500
87.5200
87.4600
85.1500
84.7800
83.8700
83.4400
85.1300
86.2500
85.3000
82.0700
85.6200
84.8900
85.4500
85.4100
85.2300
85.5700
85.4900
85.6100
85.5900
86.3700
86.3500
86.4900
86.6100
85.6500
86.5700
85.4300
84.8400
85.2500
85.4100
84.5600
85.1300
85.7000
86.1300
86.3800
85.9000
88.9800
88.9500
89.0500
89.3000
89.6400
89.3100
89.1500
88.8500
89.8400
89.1200
90.3000
91.5000
91.7500
91.2300
91.8800
92.1100
91.5800
92.6300
92.8200
93.3100
93.7100
93.6300
93.3000
92.1100
91.6900
92.5200
92.2600
93.5400
94.1300
95.2600
94.8500
92.2100
91.9500
90.8500
90.5600
91.2600
91.6400
89.9200
90.7800
91.5100
91.4400
92.2200
90.7200
89.6700
90.4400
90.5600
89.7700
89.1700
87.9500
88.7100
90.9800
91.1500
90.9200
91.9900
91.6700
91.4900
91.8400
92.3300
92.7500
92.0200
91.8100
92.3700
91.7300
91.7900
92.0200
93.5000
93.3400
92.5700
91.6100
93.2700
93.3500
92.5800
93.0900
91.9500
92.2200
91.1700
91.1800
90.1300
91.7300
94.0400
96.5300
97.8700
98.3400
98.8600
100.7000
103.3800
103.1900
103.8900
104.4900
104.7100
104.9200
104.9800