24.0700
23.9200
23.9100
23.5400
24.0000
25.0700
25.3700
25.4300
24.9500
24.5600
25.2300
25.5500
25.6500
25.4400
25.3200
25.3100
25.1400
25.2500
25.2000
25.1100
26.6000
26.3100
27.1700
26.8000
26.7000
27.0400
27.3500
26.6600
26.8200
26.6000
26.4900
27.2800
27.2300
27.3300
27.6700
27.9900
28.4100
28.6600
28.9600
29.2200
29.4500
29.8000
30.3900
29.0500
29.4500
28.3100
28.2500
28.1500
28.4000
28.2500
28.0800
28.0300
27.8000
28.3200
28.4900
27.9800
28.2700
29.0600
29.6700
29.7000
29.9400
30.8300
31.1700
30.8700
32.5200
32.8900
31.9900
31.2400
31.8700
33.2300
32.4800
32.8100
32.7200
32.5900
32.2700
32.0600
32.0900
32.4000
32.8300
33.7100
34.4600
34.0300
34.3400
34.7600
34.1400
32.8300
31.8400
31.7000
31.8300
32.1400
31.7500
31.3000
30.9600
30.4500
28.4700
28.3300
29.4400
29.3300
29.2600
29.4100
28.9900
29.7800
28.8900
29.1800
27.2100
27.5300
28.6500
29.9000
30.1500
30.4800
29.5400
30.1900
30.3000
31.0300
31.4800
31.5100
31.9400
32.0500
31.0400
31.4400
30.6300
30.8000
30.8200
30.8400
32.0900
31.8400
32.3900
31.9700
31.5700
30.9500
30.9700
30.8300
30.4700
31.4400
31.2800
32.2900
31.8400
31.7600
31.0300
30.6800
30.5200
30.1500
30.6900
31.5700
31.7200
31.2700
30.8400
30.8400
31.3400
32.0900
32.3500
32.3800
32.5100
32.6000
33.1100
33.8200
34.0300
34.6100
34.8000
34.6600
34.1300
33.5500
33.7600
34.4700
34.5800
34.2700
33.9400
33.7900
34.3300
34.5600
34.8100
34.2200
33.9900
33.3000
33.4500
33.8000
34.4400
35.0200
34.7500
34.4000
34.2600
33.8200
33.6300
33.9000
33.0800
32.7500
33.2000
32.7900
33.2600
33.4700
34.2100
34.9500
35.2300
35.9000
35.4500
35.4900
35.6800
35.4600
36.2900
36.3500
36.8600
37.2100
35.7000
35.5500
34.7500
34.9300
34.9800
34.7200
34.9300
35.2000
32.6800
32.8000
33.1200
32.0000
31.4100
32.1700
31.9800
31.3500
30.6800
31.2400
31.8000
32.3900
32.4100
32.6700
32.8300
32.9700
32.4900
32.6000
33.3500
33.1300
33.1200
33.3200
33.7800
33.2600
34.1300
33.3600
35.2600
34.8500
34.2400
33.9400
34.9500
35.5000
34.8900
35.5300
34.7400
35.2000
35.3500
34.9700
34.5800
35.3000
36.4800
36.1800
36.3000
35.9300
35.6500
35.7600
35.8000
35.2300
35.0500
34.8400
35.5400
35.2100
35.0900