23.2100
22.7100
23.1100
22.9500
22.6800
22.8900
22.9300
22.4000
22.6000
23.1300
23.5700
23.7600
23.8100
23.8800
23.8300
24.4100
24.7500
24.6400
24.2500
24.5600
24.8300
24.7300
25.0200
24.8500
24.9100
25.4800
25.2400
25.0700
25.1500
24.6600
24.7800
24.9500
25.3300
24.9700
24.4600
24.8800
25.4800
25.4200
24.8200
24.8400
24.5500
24.5900
25.1200
24.6200
24.5500
24.3200
24.8300
25.3200
26.0400
25.9300
25.8000
25.9700
26.1400
26.0300
25.8900
25.3500
25.5900
25.8100
25.9400
25.6900
25.8000
26.4100
26.8200
26.6600
26.7100
26.3400
25.9500
25.2900
25.6000
26.1600
25.9100
26.3100
26.3000
26.0500
25.9200
26.2000
26.1400
26.8900
27.1500
27.1800
27.1700
27.1500
27.3900
27.0900
27.1100
27.1600
27.5100
27.3500
27.7300
27.7700
27.4700
27.2200
27.1300
26.7000
25.8400
25.7500
26.1500
26.2500
26.5600
26.7500
26.7100
27.3500
26.8000
27.0700
26.2300
25.9900
26.5500
27.1300
26.9400
27.1700
26.7000
27.1000
26.7100
27.3200
27.3900
27.6800
27.7500
27.7700
26.6500
26.5800
26.4800
26.5000
26.4700
26.6800
27.0300
27.3500
27.5500
27.3700
27.3700
27.6200
27.1300
27.1900
27.5300
28.0300
28.0500
28.2700
27.9700
27.6200
27.4000
27.2400
26.9700
27.0400
26.9500
27.2000
27.6400
27.4300
27.0800
26.8800
26.7000
26.7700
26.4800
26.1600
26.1100
26.0400
26.0000
26.0300
25.9000
26.2100
26.3800
26.2800
26.3500
26.6500
26.7000
26.8600
26.8600
26.8600
26.6800
26.5600
26.4800
26.6900
26.7300
26.9500
27.2100
26.6600
26.5700
26.6000
26.8100
27.4200
27.4400
27.1800
27.1600
26.2700
26.6500
26.3500
25.9000
25.9500
26.0800
25.9900
25.4800
25.5700
25.4400
25.2800
25.4800
25.3500
25.4300
25.8100
25.4300
25.4500
25.7200
25.9600
25.9500
26.5300
26.8600
26.6800
26.5000
26.6600
26.6000
26.3600
26.6900
26.9400
26.1600
25.9400
26.2800
26.1200
25.7000
25.3800
25.3400
25.2500
24.3600
24.3000
24.5100
24.6300
24.7500
24.5000
24.6900
24.8400
25.1900
25.0600
25.2600
25.0700
25.0300
25.2600
25.0900
25.4700
25.4800
25.4900
25.5600
25.6500
25.5000
25.5600
25.7900
26.0800
26.1500
26.6900
26.7300
26.9000
26.7300
26.9900
26.7600
27.0600
27.3700
27.4600
27.4500
27.5300
27.4300
27.5400
27.4500
27.2500
27.4000
27.5600
27.7800
27.7000
27.5900