41.4700
40.9600
41.2300
41.1700
40.8500
40.5300
38.0500
38.1000
38.1100
38.2500
39.0100
39.2300
39.3500
38.9800
39.1300
39.4700
39.8200
39.8600
39.2900
39.6000
40.5100
41.4100
41.5600
41.5400
43.0200
43.3700
43.2100
43.4600
43.9700
43.6400
43.4300
43.9200
44.0300
44.3900
43.5600
43.0900
42.9500
42.8200
42.4900
42.4700
43.3200
42.8300
43.3500
42.5800
42.3400
41.7100
41.6300
41.7300
42.8700
42.1600
40.8500
39.8800
40.1800
40.8500
40.2600
40.0100
40.5900
41.4900
41.7300
41.2900
40.3600
40.5000
40.5300
40.1900
39.8200
39.1500
38.8000
38.4600
38.8900
39.4500
38.7300
38.9500
39.5200
39.1200
39.0800
38.9700
39.4000
39.5900
40.8000
40.5200
40.6400
40.3400
40.5700
39.3000
38.9100
37.8600
37.9200
37.6000
37.6800
37.5700
37.8100
37.7800
37.4500
36.5500
36.3300
35.2600
35.9600
34.3600
33.8500
33.8600
33.2500
33.4700
33.1300
33.3800
32.8500
32.5700
33.0900
34.0400
33.6700
33.9700
33.3200
33.4200
33.3600
33.7100
33.8600
33.7500
34.6600
34.9700
34.1600
34.1500
33.9900
34.4000
34.9000
34.6200
34.8400
34.8300
35.6100
34.9800
34.9000
34.6500
34.5200
34.3600
33.8900
34.4000
34.2400
34.6200
34.6200
34.4400
33.9000
33.7400
33.0600
33.3100
34.7800
35.5400
36.1700
36.2100
36.4000
35.9800
36.6500
36.6500
36.2200
36.1700
36.2300
35.8500
34.9100
34.2900
34.3700
34.4200
34.6300
34.6400
34.6300
34.5500
33.8900
34.1800
34.0600
33.4700
33.9800
34.5900
35.2500
35.2600
35.8800
36.4200
36.5400
36.4700
37.0600
37.4400
37.9200
38.1600
37.7000
37.6000
37.5300
37.4300
37.3500
37.3500
37.1400
37.2300
37.1600
37.3000
37.3100
37.6900
38.3300
39.0600
39.6800
39.3400
38.9500
39.1400
39.8600
39.3800
39.9600
40.5100
40.8800
41.0000
40.3300
40.8900
38.6400
38.8800
38.0200
37.8500
37.8100
37.9900
37.6000
37.4700
37.8200
36.6900
36.0700
36.6400
36.2900
35.8800
34.8500
34.9700
35.5600
34.6100
34.4000
33.9800
34.3500
34.2200
33.8300
33.9900
33.9800
34.2100
33.9600
34.8100
34.8100
34.5900
34.8100
34.9000
35.0300
35.0600
35.0100
34.5400
35.0800
35.5200
35.4300
35.2300
34.7900
34.8200
34.8400
34.5100
34.3000
34.7000
35.4800
35.3900
35.9300
35.1700
35.2400
35.4400
36.0900
36.1900
36.9200
36.7800
36.3000
37.1800
37.2900