32.9300
32.4400
32.4300
32.7600
32.6100
33.1400
34.0000
33.5700
32.2200
32.1300
32.4100
32.6900
32.0400
31.7200
31.3900
31.8700
31.4300
32.0100
32.0400
32.2300
32.0100
32.3300
33.6400
33.3700
33.6500
34.4400
38.0600
38.4300
38.5700
38.4800
38.0600
38.4200
37.8000
37.4300
36.6100
36.5200
37.2100
37.0700
36.6900
36.0000
35.9000
36.3000
35.7700
34.8700
35.5500
36.1200
36.8400
36.6300
37.4700
36.6600
37.3500
37.3600
37.0400
36.7500
36.9400
36.4600
36.6200
37.7700
37.6800
36.8800
36.9200
36.7000
36.7300
36.3800
36.4800
36.3300
35.6900
35.1200
35.9800
36.5400
36.7600
36.7300
37.6300
38.4100
37.8600
37.4000
38.1000
37.7400
38.7500
33.1500
33.1800
32.5900
33.6100
34.0900
33.2800
32.5600
32.2800
32.2800
31.9300
31.3700
31.1700
29.6600
30.1900
29.1700
29.2900
28.4500
29.3000
29.1800
29.6800
29.4000
29.3100
29.9800
29.2100
29.3400
28.2000
28.3600
27.4400
28.9900
29.0700
30.1200
29.7500
30.2600
29.5600
29.9500
31.1400
31.3300
31.8700
31.6900
30.2700
30.8100
30.0800
30.3900
30.6500
30.4300
31.7500
31.5400
32.1600
32.2200
31.2800
29.9900
29.7100
29.3700
29.4100
30.0800
30.0100
30.2300
29.9200
30.4900
29.9100
28.6600
28.3900
28.2500
35.0400
35.8600
35.8200
35.1800
35.1300
34.6900
35.4800
35.8200
36.3400
36.1800
36.2100
35.9700
35.7400
35.4400
36.8000
37.8100
37.5500
37.0500
37.4300
37.9600
37.1300
37.1000
37.2400
37.3100
37.6800
37.3100
37.5100
37.6700
37.7100
39.2100
38.7300
38.4900
38.1200
37.8900
38.1800
39.0300
38.8400
38.6500
38.9600
38.6800
38.8100
38.3600
38.4600
37.9300
38.4900
38.2600
38.2100
38.4300
39.0400
39.4300
39.4100
39.6000
38.3600
37.8300
37.8900
37.5800
37.9000
38.7300
37.9800
37.2800
36.3700
36.5700
36.4900
36.1100
38.5400
38.3900
37.9900
38.5700
38.2800
38.9600
38.8700
37.5700
37.0700
36.4000
36.5700
36.3100
35.3800
36.2300
36.1000
35.8700
35.6300
35.8300
35.9700
35.7300
34.5700
35.8800
36.2400
36.6200
36.1000
36.0000
35.5000
39.0600
38.8200
39.2000
39.6000
39.9700
39.0900
38.9600
39.4600
40.9400
41.4100
41.8600
41.7600
41.3900
41.2500
41.0300
40.4000
40.9100
42.1600
40.9500
40.4300
40.7700
40.1400
39.7000
39.5000
39.5900
39.9900
39.6600
39.3700
39.7500
39.9600