8.5700
8.8400
8.6900
8.7500
8.6700
9.0100
9.7800
9.5300
9.1100
9.0700
9.1900
9.4000
9.2700
9.2000
9.2900
10.0400
9.8200
9.9100
9.6300
9.4400
9.5700
9.0400
8.7900
8.9300
8.7800
8.5400
8.6100
8.1600
8.3800
8.2500
8.0600
8.2500
8.1300
8.1900
8.0200
8.0500
8.1000
8.0800
8.0600
7.9200
8.0000
7.7600
7.2900
6.9100
6.8800
7.0300
7.3200
7.1200
7.3400
7.5900
7.9000
8.2000
8.5900
8.3000
8.1200
7.9300
7.9200
7.8400
7.7000
7.3700
7.6300
7.5600
7.6600
7.5800
7.3400
7.2200
7.1900
6.9800
7.1700
7.6500
7.3900
7.3900
7.6200
7.6400
7.6000
7.5300
7.3400
7.2000
7.2800
7.2200
7.2700
7.4200
7.5900
7.4700
7.2800
6.9900
6.9700
7.0000
7.0200
7.0500
7.0500
7.0900
6.7900
6.4900
6.2500
6.1800
6.2600
6.0900
6.2100
6.4100
6.3000
6.5400
6.2600
6.0300
5.9500
5.8600
5.8500
5.9900
6.0100
5.8000
4.9900
5.0600
5.0200
5.1500
5.3200
5.1700
5.3400
5.4600
5.2400
5.5500
5.2900
5.3000
5.8500
6.1000
5.8700
5.7900
6.0500
6.1600
6.1400
6.1200
5.8100
5.8900
5.7200
5.6000
5.4700
5.3900
5.3300
5.4800
5.2400
5.0000
4.9000
4.7300
4.6600
4.9500
5.0400
5.3200
5.3700
4.9400
4.9100
5.2800
5.4200
5.7500
5.9000
5.9400
5.6300
5.4900
5.4400
5.5800
5.5100
5.7800
5.8600
5.9200
5.6700
5.6200
5.6500
5.2300
5.1000
5.0000
5.2200
5.0200
4.8900
5.3700
5.7800
5.8100
5.9900
6.0800
6.4400
5.8700
5.5300
5.5100
5.5500
5.3000
5.2500
5.0100
4.8500
4.9000
4.8500
4.8000
4.8800
4.7900
4.7400
4.8200
4.8700
5.1000
5.1900
5.1100
5.3600
5.2000
5.3200
5.4900
5.7200
5.7900
5.5100
5.5100
5.1900
5.1500
5.2100
5.1900
5.0400
5.4800
5.2500
5.3200
5.6600
5.4300
5.3400
5.4100
5.4600
4.5000
4.0200
3.6300
3.5700
3.6600
3.7400
3.7800
3.8300
3.8200
3.7900
4.0000
4.1300
4.0100
3.8800
3.9300
4.0700
4.1000
4.0800
4.1600
4.2800
4.2000
4.1400
4.4000
4.4800
4.5800
4.5200
4.5500
4.4300
4.4200
4.6000
4.3800
4.3000
4.6000
4.7500
4.6200
4.8100
4.9000
4.6900
4.7600
4.7900
4.6800
4.4600
4.5800
4.5000
4.6400
4.6200