27.7500
27.5600
27.7400
28.0200
28.1400
28.6900
29.0400
29.0700
28.9800
29.0500
29.4700
29.4900
29.8300
29.8000
29.3600
29.1800
29.1500
29.0900
29.0400
28.8500
29.3100
30.2900
30.6900
30.6300
30.8400
31.0000
30.9100
30.9700
31.1600
31.1500
30.9100
31.1300
31.3900
31.5600
31.4700
31.5900
31.3600
31.3700
31.5100
31.4300
31.2800
31.2400
31.5500
31.0000
30.9700
31.2400
31.6600
31.8300
32.5600
32.5000
32.5900
32.6800
32.7700
32.7900
32.5700
32.3400
32.5100
33.0800
33.0200
33.2600
32.9000
32.9200
33.3600
32.9000
32.6200
32.7500
32.3900
31.9700
32.2400
32.8700
32.3000
32.4700
32.8800
32.9800
32.8100
32.6500
32.4600
32.8100
33.2900
33.9200
33.5500
33.3300
33.3900
32.9100
34.2300
34.2000
34.2600
34.6900
34.3100
34.6000
34.8300
34.4000
33.9800
33.4300
32.9600
32.7500
33.2000
32.8400
33.0900
33.4300
33.5700
34.2500
33.6800
33.9400
33.0700
33.0100
33.1400
34.0900
34.0700
34.3100
33.9000
34.4000
34.0600
34.4400
34.1500
33.9800
34.4500
34.6800
34.0000
34.0800
33.4400
33.6600
34.2100
34.1400
35.0900
35.2200
35.3200
34.9000
34.7900
34.4300
34.2400
34.0900
33.6500
33.8700
33.6300
34.0100
34.2300
34.7100
34.4100
34.1500
33.7200
33.6600
34.1500
34.7300
34.7600
34.3000
36.4000
36.5300
37.0400
37.0400
38.1100
38.2400
38.0500
37.9800
37.9400
37.5100
37.8900
37.7400
37.8600
38.1200
38.2500
38.3400
37.7100
37.7600
37.6400
37.5000
37.3300
37.1800
37.2800
37.4000
37.7900
38.4600
38.4800
38.2500
38.5000
38.8200
39.4300
39.8600
39.7900
39.8600
39.5100
39.8700
40.4300
40.2400
39.9400
39.4600
39.7700
39.6100
39.9500
40.0800
40.3800
40.8200
40.9800
41.2100
40.8800
40.5700
40.8200
40.6100
41.1200
41.4200
41.8700
42.6200
42.0100
42.2600
41.2900
41.1700
40.5100
40.1500
39.9800
39.0500
38.5600
38.6800
39.2500
38.6700
38.6800
38.7300
38.5500
38.0900
38.3400
38.2800
38.9200
39.6800
40.0800
39.9600
40.7400
40.4500
40.4200
40.6300
40.6400
40.4800
40.4900
40.5800
41.3000
41.1900
41.4800
41.4000
41.0900
41.1600
40.8500
40.1800
40.7900
41.3500
40.8100
41.1200
40.3100
40.3300
40.2700
40.1300
39.8600
40.1700
41.1600
41.5800
42.2000
41.7400
41.8300
42.2300
42.5800
42.9600
42.9300
42.9100
42.7800
43.0900
43.2100