37.6000
37.1700
37.4600
37.4900
37.7800
37.6800
37.5400
38.6300
37.3100
37.0600
40.7200
40.8800
40.3500
39.6800
40.1200
40.5700
40.3800
40.2300
39.7600
39.7900
39.6100
39.7000
40.8500
40.3200
40.4000
40.7700
41.0800
40.1000
39.7100
39.7200
39.7200
40.7200
40.0700
39.3600
39.0200
39.1300
38.8800
38.7700
39.1100
38.4700
38.0400
37.2000
36.7500
37.3100
37.1500
37.4200
38.0000
37.5800
38.0600
38.8500
39.4600
39.5100
39.5700
39.3100
39.1600
38.9000
38.7900
39.2200
39.3400
39.1100
39.2400
39.8200
39.4000
38.5600
37.7900
38.1700
37.5300
36.8600
37.5600
38.4200
37.4800
37.5700
38.6500
38.4900
38.5000
35.2500
34.5500
34.0100
34.8400
36.0100
35.5600
35.5700
35.2300
35.4700
34.5200
33.6800
33.3100
33.5400
33.6300
33.4800
33.7300
33.7700
33.5500
33.9200
33.3900
33.2300
34.3500
33.6800
34.0700
33.7600
34.4200
35.1500
33.8400
33.4100
32.2800
32.3900
32.9800
33.7700
33.0100
33.4900
32.7400
33.6200
33.0200
32.6000
33.0600
33.7400
34.0700
34.3100
32.8500
33.4400
32.1500
32.3800
32.4800
32.4500
33.8400
33.7300
34.2100
33.6200
32.7400
32.1300
31.8000
31.4500
30.9600
31.3500
30.7700
30.6900
31.7800
31.9100
31.2300
31.1200
30.6700
34.4100
34.7400
36.0400
35.2100
35.4500
35.6500
35.1300
35.7900
35.4600
36.7300
36.5300
36.8700
37.1200
36.7200
36.0800
36.1700
36.6900
36.3500
35.9500
35.8900
35.7200
35.7200
36.3500
36.4800
37.0700
36.9300
36.4600
37.3300
37.0600
36.4600
38.0300
37.9700
37.5900
37.4300
37.2500
37.6200
38.1500
37.7600
37.4800
37.0900
36.8400
36.7400
36.0500
35.2400
34.7700
34.6700
34.0000
33.8600
34.0000
33.3900
33.5300
33.4300
33.3600
32.9900
32.0600
31.9800
32.3300
32.8500
33.5200
33.3900
33.2000
32.5100
32.9200
32.6200
29.8900
30.2100
30.4000
30.4800
31.6100
30.5100
31.2100
31.8400
30.5700
30.6400
30.6400
30.6600
30.6200
30.7700
30.2200
30.4500
31.0900
31.0900
31.0100
31.8600
31.9100
31.5400
32.3000
32.2200
32.3900
32.2300
32.1800
31.0100
31.1600
31.5800
32.1000
33.0800
33.0400
33.0100
32.8600
33.4000
34.1100
34.5500
34.7400
34.5000
34.4600
34.4100
34.3400
34.0100
34.3900
35.9000
35.1900
35.1400
35.2700
34.5100
34.3600
34.9300
35.2700
34.6800
34.3400
35.1600
35.7000
35.6400