10.7000
10.7600
10.8300
11.0100
11.3400
11.6000
11.7100
11.8000
11.5000
11.7800
12.1200
12.3100
12.4700
12.2200
12.3100
12.3600
12.4000
12.2300
12.0600
12.2800
12.5700
12.6400
12.7900
12.6100
12.7400
13.0000
13.1100
12.9500
12.9300
12.8700
12.9000
13.2100
12.9900
12.7100
12.9000
12.7400
12.6300
12.5300
12.5600
12.2500
12.2400
12.2200
12.0300
12.0100
12.1000
12.1900
12.3700
12.3800
12.5000
12.5400
12.7900
12.8200
12.8300
12.7100
12.7200
12.6500
12.6900
12.9600
12.8200
12.4600
12.4800
12.4500
12.5000
12.2400
12.0600
12.0300
11.8600
11.7500
11.9200
12.0700
11.8000
11.8600
12.0300
11.8500
11.8700
11.7700
11.5800
11.4900
11.6400
11.9400
12.0300
11.9900
11.8600
11.8100
11.5300
11.2800
11.1900
11.1600
11.0800
11.0600
10.9800
10.9500
10.8100
10.6600
10.4800
10.3600
10.6600
10.5400
10.6700
10.3800
10.5400
10.7100
10.4600
10.3300
10.0100
10.1000
10.2900
10.6500
10.6100
10.7600
10.5900
10.8300
10.7600
10.7800
10.9900
11.0000
11.1800
11.5500
11.1700
11.2400
10.9400
10.9900
11.1300
11.0900
11.4500
11.2800
11.4700
11.3200
11.0400
11.0100
10.7100
10.5700
10.3700
10.4800
10.3800
10.3900
10.6800
10.7000
10.5100
10.4900
10.3800
10.4700
10.6400
10.9000
10.8200
10.8900
10.9200
10.9200
11.2200
11.2800
11.8700
11.9200
11.8900
11.9500
11.8100
11.7100
11.8000
11.9800
12.0000
11.9700
11.7800
11.7800
11.8000
11.7700
11.6200
11.6300
11.7000
11.4700
11.6900
11.7400
11.7200
11.9100
11.8600
11.6900
11.6500
11.6000
11.8500
12.0500
11.9400
11.7100
11.5000
11.4400
11.4500
11.3600
11.1500
11.1400
11.2900
11.1700
11.1300
11.1700
11.1600
11.1000
11.1300
11.0100
10.9000
10.9000
10.9500
10.9000
10.9600
11.2000
11.1600
11.1900
10.8400
10.8600
10.8000
10.6900
10.6800
10.6500
10.6000
10.9500
10.8100
11.0900
11.4600
10.9500
10.5000
10.6700
10.6300
10.4800
10.3600
10.3000
10.1500
10.3600
10.3900
10.4300
10.4000
10.4700
10.3600
10.6000
10.7400
10.7300
10.6600
10.8800
10.8000
10.8900
10.9700
11.0500
11.0800
11.0900
11.1100
11.0800
11.1100
11.1800
11.3400
11.3800
11.5000
11.3700
11.3900
11.3500
11.2600
11.4400
11.8400
11.8100
11.8100
11.6700
11.5100
11.6800
11.6400
11.7100
11.7500
11.7700
11.9300
12.4000
12.6500