5.4800
5.4600
5.4600
5.4300
5.5900
5.7100
5.8100
5.8200
5.6600
5.7300
5.9700
6.2200
6.4200
6.5200
6.5300
6.7300
6.7700
6.8200
6.7400
6.7100
6.9000
6.9300
7.0800
6.9200
7.1300
7.2500
7.2400
7.0500
7.2900
7.3200
7.3000
7.5900
7.4200
7.2800
7.1400
7.2900
7.4600
7.4700
7.5200
7.3500
7.5100
7.4600
7.0700
6.9000
7.1700
7.4700
7.5800
7.5000
7.7600
7.7600
8.2500
8.2000
8.1800
8.0600
8.0400
8.0300
8.0900
8.2400
8.1900
8.0800
8.1200
8.0200
8.2000
7.9800
7.8100
7.8700
7.7500
7.5300
7.6400
7.9200
7.7300
7.7000
7.9400
7.9700
7.9700
7.7600
7.3900
7.3100
7.3900
7.4500
7.3300
7.3600
7.5900
7.6300
7.4100
7.1800
7.1800
7.0300
6.8600
6.7800
6.7800
6.7500
6.6000
6.3900
6.1300
6.0100
6.3000
6.1600
6.0800
6.0200
6.2200
6.4600
6.1500
6.0800
5.7300
5.6300
5.8300
6.0200
5.7600
5.9100
5.6900
5.9100
5.7600
5.7600
5.8700
5.9300
5.8100
6.0600
5.7200
5.7300
5.4100
5.4400
5.5000
5.4100
5.7300
5.7500
6.0300
5.8800
5.7500
5.6200
4.9900
4.8900
4.8800
4.9000
4.8300
4.8700
4.8900
4.8600
4.2200
4.1500
4.0600
4.0100
4.0400
4.0900
4.1000
4.0600
4.0500
3.9700
4.0900
4.0100
4.0200
4.4000
4.3700
4.3400
4.2600
4.1200
4.1900
4.1700
4.1000
4.0900
4.0700
4.0100
3.9000
3.9400
3.8500
3.7900
3.7700
3.7000
3.7200
3.6400
3.5100
3.6600
3.4500
3.4700
3.7500
3.8900
3.9200
3.9000
4.0100
3.6200
3.6600
3.5900
3.6000
3.4600
3.2800
3.3200
3.4300
3.3700
3.2800
3.2700
3.1200
3.2200
3.2200
3.1900
3.2500
3.1500
3.2000
2.7400
2.7500
2.6800
2.7700
2.6200
2.1800
2.1000
2.1400
2.0800
2.1200
2.0700
2.0500
2.1400
2.1000
2.1100
2.0700
2.0100
1.9800
2.0300
1.9900
2.0900
1.9300
1.8700
1.8600
1.9200
1.8800
1.8700
1.9500
1.8700
1.8800
1.9600
2.0400
2.2000
2.3600
2.2600
2.2900
2.3400
2.3600
2.3200
2.3300
2.3700
2.4100
2.3900
2.4600
2.5200
2.5200
2.4000
2.5900
2.4800
2.4300
2.3900
2.2800
2.4000
2.5300
2.4900
2.5900
2.6700
2.6700
2.6300
2.6200
2.6700
2.6400
2.6800
2.7200
2.7400
2.4600