64.1100
63.7600
64.4100
64.7600
64.2000
65.6700
66.4000
67.5400
67.6000
68.0700
69.2200
69.1400
69.5700
67.7800
68.1900
69.2100
68.0800
68.3400
68.3300
67.9300
69.8400
69.6200
69.2800
69.1200
69.1700
68.0600
66.8400
67.3600
68.2000
67.8400
67.9000
68.8900
67.7800
66.6900
66.7900
67.3400
67.7300
67.4400
68.1500
68.0100
67.5900
67.7300
67.2300
66.5400
66.9500
67.8000
68.0100
68.0300
68.9100
68.2600
68.2600
67.3800
68.0500
67.5800
67.0500
66.6200
66.6600
67.5200
67.8100
67.6800
67.3200
67.9700
68.1100
67.9300
67.8500
68.0200
67.0200
66.1900
66.7300
66.9200
65.5900
66.2600
67.3500
67.1500
67.1300
68.4700
68.2900
68.6300
70.1900
70.7900
71.6400
71.1100
70.6900
71.1700
70.9100
69.7700
69.6100
70.7000
69.6200
70.0900
70.7800
70.2000
70.6800
70.9800
70.5400
69.1500
69.3200
68.9100
68.3800
69.1000
69.0500
69.2800
69.5900
69.5200
67.7500
68.7000
68.4500
69.9800
69.1000
68.8700
67.7900
68.6200
68.8200
70.4200
71.2900
72.0200
73.0200
72.7900
71.6500
72.4600
71.3900
71.4600
72.3700
71.4200
72.9100
74.3600
75.1600
74.3300
73.8500
74.8000
74.9300
76.0900
75.8100
76.9600
77.2700
78.7600
79.6200
79.6400
77.7700
77.5300
76.3800
77.9600
79.2900
83.9200
83.4600
82.6000
81.8200
81.0400
82.2100
82.4300
81.5700
81.3700
81.9700
82.7300
82.2300
83.5400
83.6500
83.1000
83.3800
83.2400
83.1100
83.8700
83.6600
84.5900
84.4300
84.0100
83.7200
83.1500
83.9200
84.3300
84.0800
84.8100
83.9600
84.0500
83.9400
83.1500
83.3200
81.3600
82.0900
82.0400
81.7100
82.3000
82.0300
82.9100
83.8100
83.4600
84.2400
84.2900
85.0800
86.3500
86.8000
86.3900
86.9400
86.0400
85.4300
84.6500
84.6100
84.0000
86.2200
88.0400
89.2000
89.7900
87.1600
87.8000
87.3200
87.5000
88.0500
87.6300
86.4900
87.2100
86.4500
86.3500
87.2900
85.3400
84.7400
85.1700
85.5200
85.7700
84.0200
84.1500
84.5400
85.4000
86.5700
86.6500
87.6000
87.2900
86.9800
87.0400
88.6100
88.8000
88.4000
88.3300
89.0100
88.5400
88.3200
89.7400
89.9500
90.1700
89.1500
89.2000
89.5000
89.2900
88.4900
88.4100
87.1600
87.4000
86.8900
86.1500
85.2400
86.2000
89.1500
88.5900
88.9800
88.5300
88.1500
88.6700
87.8100
86.9600
86.9200
85.0800
84.3200
83.9400
82.0800