51.4500
50.8100
51.2400
51.0900
51.1000
51.9000
51.7500
51.9100
51.4000
51.5900
52.5000
53.6500
54.6800
54.7500
54.2300
54.2800
54.6800
53.6700
53.2800
53.5500
54.7800
50.3800
53.6500
54.3300
54.9200
54.6200
54.1000
54.1900
55.0400
55.3200
54.8600
55.7100
56.5400
56.1900
55.8400
56.5000
56.4100
56.2000
56.1800
55.7600
56.1700
55.8400
55.5400
54.1700
54.5500
55.3200
56.0800
55.8500
57.6000
56.7500
58.0200
57.7200
58.0900
57.2700
57.3900
56.4900
57.1000
58.2500
57.7000
57.8200
56.4300
57.1300
57.7600
56.9600
56.0700
55.5300
54.4600
53.2200
53.8500
54.7300
53.1300
53.6400
55.1700
53.9600
53.5600
53.4500
52.8400
52.4500
53.6000
54.2500
54.0800
54.2100
54.2600
53.4100
52.8000
52.0000
52.0700
51.5100
50.6000
50.7800
50.4700
49.6600
49.1800
47.8500
47.2000
46.4100
47.5000
47.3100
47.3200
47.9000
47.7800
48.4000
47.9200
47.9200
45.8100
45.4600
46.5700
48.3700
48.2600
48.5300
47.5700
48.3300
47.2400
47.9200
49.7500
49.6500
50.7000
51.1400
49.6300
50.8200
49.4400
49.7900
50.7000
50.8000
52.2600
51.9900
52.3400
51.4300
50.9600
50.3900
50.2300
50.4500
49.6100
51.1100
50.5800
51.2600
52.1500
51.9100
50.3000
49.1600
48.4700
47.9800
50.7600
52.5300
52.2300
51.7200
51.3200
50.8100
52.6300
52.8800
54.2500
54.5000
54.3700
54.5000
54.3200
54.3400
54.3900
54.9400
55.3000
55.0000
54.8700
54.8200
54.4000
55.1800
54.1500
54.4700
54.4500
54.5500
54.9100
54.6100
54.3800
56.0100
56.4700
55.8800
56.1500
56.6600
58.1200
59.2000
58.3400
58.1900
57.8100
57.4500
57.6000
57.4100
55.9100
56.0800
56.9400
56.6900
56.6800
56.4300
56.4800
57.7700
57.8300
57.6900
57.3000
56.7800
56.8300
55.9600
56.1900
57.8900
58.9900
58.9200
57.8000
58.2700
57.1200
57.0700
59.0000
59.3000
58.3700
59.6800
60.1200
60.1200
60.4500
58.6000
58.0100
58.0500
58.3900
58.5500
57.5800
58.0600
58.3800
59.7400
59.7700
60.1700
61.0000
60.5000
60.1500
60.6900
61.4600
60.6700
61.1000
60.6100
61.1200
61.7800
62.3500
61.2900
61.5100
61.9000
61.3800
61.2200
62.4900
63.5200
62.9100
63.5100
62.6700
62.8900
62.4700
62.5700
62.1900
62.6300
65.2800
65.1700
65.9500
65.2500
63.9800
64.2700
65.0000
65.0700
65.3000
64.8800
64.2500
65.4000
65.9000