58.8100
59.6600
60.3500
60.2500
60.4200
61.3100
62.2500
62.4500
62.3200
61.8300
62.4200
62.2000
61.5100
61.8100
62.4700
62.9700
62.1500
63.0100
62.8600
63.5100
63.3500
63.2300
63.3700
63.1300
63.3700
63.8500
63.7900
63.2900
64.0100
64.3800
63.5500
62.5600
62.5000
62.9900
63.2600
63.9100
64.1600
63.1000
62.2700
62.5800
63.0400
62.5900
62.8900
62.1800
62.1800
62.4400
62.2200
62.0000
61.9000
62.9600
63.1700
63.3400
63.8500
62.9300
62.4400
61.9800
61.7500
62.2700
62.1000
62.2600
62.3800
63.0200
64.0100
63.2400
62.6500
63.4100
62.3000
61.6200
63.0900
63.8100
63.1600
63.7200
64.3600
64.1000
63.8500
64.0000
63.1300
63.5300
64.7400
64.8600
65.1000
65.5800
65.4300
65.9200
67.0500
66.4400
67.2500
67.7500
67.0000
67.5400
67.6200
67.2000
67.7700
66.8200
64.8000
64.4200
65.5100
65.0700
65.1800
65.8500
65.7500
66.3100
65.1900
64.8800
63.1500
63.0900
64.0900
65.7900
65.3400
66.3000
65.6400
66.3900
66.2200
67.2000
67.7600
68.6200
68.9900
68.4700
67.1300
67.8600
67.3600
68.5500
69.6300
69.6800
69.9100
71.5000
71.4300
71.2200
70.7900
71.8200
69.9000
70.2000
71.0900
72.1500
72.2800
73.0300
70.1000
70.5200
70.9200
69.9400
69.1400
69.2600
71.0300
72.3300
72.1100
72.3100
71.5600
72.1900
73.0700
72.5000
70.5200
70.0400
70.2800
70.5100
71.2100
71.3800
71.2000
71.0500
71.2200
71.3100
70.1700
69.8700
69.2100
69.4400
69.5000
69.4900
69.7500
70.1200
70.4000
70.7800
70.9400
71.6400
71.9200
71.4000
71.7400
71.9500
72.7900
71.3600
71.1900
71.1100
70.6600
70.7900
70.4100
70.9000
70.0900
70.7200
71.0600
71.3900
71.0700
71.6600
72.6600
71.9200
72.8200
72.5100
71.6400
72.5500
71.6700
72.1700
75.3500
74.7600
74.7900
75.4900
73.8400
73.5600
73.4300
73.5000
73.3200
73.3700
75.2900
74.5800
74.4700
73.9900
73.7700
75.2400
74.4800
74.8400
74.7400
74.2300
73.4400
72.3500
73.8600
73.7100
73.7500
74.1200
74.9800
74.3500
74.2000
74.2100
74.9000
74.9300
74.8800
74.8300
74.6100
74.9800
75.4500
75.1200
75.2100
76.1900
76.0900
76.6700
76.9000
76.8000
76.1300
77.2600
76.7700
77.0000
76.2900
76.2900
75.8900
77.2700
79.0500
77.1200
77.0500
76.9600
77.2700
77.7300
78.6700
78.7800
78.7000
79.3200
78.7000
78.8700
79.3500