179.0300
177.5100
177.6100
182.6100
178.5600
179.3400
178.9000
175.9300
178.4200
181.6600
189.4400
194.4500
190.9300
186.0900
187.0000
187.8000
193.3200
195.3700
192.1500
194.4400
179.4600
181.7200
187.6800
183.1400
184.1900
185.4800
184.9800
185.5400
191.5900
191.3000
184.4700
179.9300
182.5000
182.2600
180.5800
178.8900
179.1300
178.5300
183.8000
179.6900
180.0400
179.3000
180.2600
181.0900
183.7700
187.6400
184.3200
183.3900
184.5900
182.2600
184.4300
185.0500
185.5200
192.3300
191.7300
192.4000
195.0400
202.8700
205.4400
201.1600
204.6100
202.5100
198.0500
199.6600
193.9900
194.3900
191.8700
186.9800
187.9700
190.6900
188.4600
185.5000
188.3900
191.0700
191.1000
189.9800
188.2400
190.3300
194.4200
195.9900
226.8500
231.9000
230.0400
230.2500
229.4500
223.9900
225.1600
223.9000
222.9800
226.6900
227.6800
222.9300
224.3900
224.0600
218.3600
213.8500
218.1100
215.3300
217.2800
215.2400
212.8900
214.7500
209.2300
212.9100
208.2200
214.5700
213.2100
217.6400
218.8000
218.4800
216.5000
216.4200
214.7300
214.4500
218.3500
222.6600
224.0300
223.0200
220.5700
222.1600
220.0700
225.6100
225.6200
221.3100
228.3500
229.3200
229.5300
227.0600
225.0500
225.0500
219.5000
218.3700
215.3600
218.3900
216.0100
216.9300
217.4700
226.1700
228.2900
226.0100
223.0400
217.0500
220.0100
237.3200
236.0900
233.3000
232.0900
230.8100
234.9700
233.9900
236.5600
234.3800
234.0600
232.7500
232.4400
233.1900
237.4200
241.5500
241.1700
240.3500
239.4500
243.1000
241.2000
245.7400
243.9200
246.1100
247.1200
246.2200
248.2700
247.8800
246.2200
251.3800
259.1400
257.0900
255.6700
255.6300
260.2400
261.2700
258.0000
258.7500
261.6800
260.8100
257.4700
254.8000
252.4600
249.6700
256.5900
254.3200
252.0100
250.6000
255.9200
260.4700
258.5100
259.0600
250.9600
244.9900
244.2200
242.3600
244.1800
243.9400
247.4900
244.8500
240.0000
233.7800
234.3100
228.4900
222.9200
238.2400
232.8900
232.1400
232.4200
234.3300
237.5600
232.0600
227.3500
226.3100
226.4700
226.6000
222.9500
220.6000
225.2300
229.7100
233.7800
238.0300
239.8800
243.6200
243.4000
247.1100
251.2700
252.0500
250.3300
252.4900
253.9600
253.3700
253.2700
247.7700
250.6900
251.7600
251.2500
249.1900
253.8600
260.4000
257.9900
261.5000
256.9200
258.6200
248.6300
248.3100
245.1800
250.8700
257.3100
258.4800
259.1500
268.4600
266.3800
266.3500
265.3400
267.9400
272.7300
271.9000
268.9300
270.4800
272.1200