35.7000
33.2600
34.0500
33.4400
33.8000
34.3400
34.3500
34.3900
34.1000
34.2800
35.3300
35.5500
35.2100
35.8800
36.2500
36.3400
36.8200
36.5000
36.3700
35.7600
36.2700
35.8900
37.0200
37.1400
37.1800
36.8600
36.8300
36.1100
35.9000
35.1500
34.5500
34.6300
35.0000
34.9300
34.3400
34.4900
34.0200
34.3600
34.4700
34.0800
34.0900
34.3200
33.8500
33.2800
33.7900
34.4900
34.1400
33.8200
34.1600
34.6200
34.8500
34.7400
35.0200
35.1500
35.3700
35.2100
35.3300
35.7900
35.4200
34.7900
34.5200
34.3100
34.7800
34.8500
34.5500
34.2100
33.6900
32.5400
33.2200
33.3400
32.9700
33.2000
33.9700
33.7500
33.3800
33.7400
33.6000
33.5800
33.2300
34.3800
34.5100
34.5800
35.1800
34.9400
35.2200
34.9400
35.0100
34.4000
34.9500
35.0400
35.0200
34.8500
34.8000
34.9200
34.1800
34.3800
35.0300
35.5600
35.7900
35.8800
36.2700
36.6100
35.9200
36.0200
35.0000
35.3200
35.5500
36.9000
36.5400
37.2200
36.3600
36.8700
36.1400
36.6100
36.9000
37.0800
37.4800
36.9800
35.9500
35.8700
34.3200
34.3800
34.5200
34.4500
35.2800
36.7600
37.7900
38.9900
38.9100
39.1900
39.7500
39.2500
39.4300
39.8400
39.7200
40.9300
42.4500
40.7800
39.6800
39.5400
39.2500
39.1700
39.1700
40.1200
39.8600
39.4300
38.1900
38.3400
38.8300
38.6100
39.1600
39.5200
39.5600
39.5800
39.4100
39.5800
39.5300
39.8800
39.8700
39.7500
39.6700
39.8700
39.8200
40.5200
40.7000
40.4700
40.3900
40.2900
40.2000
41.1600
41.1400
42.0400
41.8200
41.5500
41.4600
41.0900
41.8600
42.1700
42.2500
40.9800
41.9400
41.5400
42.9500
42.7100
43.0600
43.2600
43.3800
43.6700
43.5000
44.5500
45.1000
46.3400
46.5300
47.9300
47.9700
46.5600
46.2800
46.6900
47.0600
47.5900
47.9300
48.3600
48.4500
47.9100
47.9000
48.0400
45.7600
44.6100
44.4000
44.2500
43.5600
43.5000
43.4800
41.9300
41.0600
40.8700
40.5600
40.8200
39.5400
40.2800
41.0800
41.3000
41.4400
41.4200
42.0800
39.8300
39.4800
39.9000
38.9000
38.9400
38.6300
39.3600
39.3700
39.5300
39.7400
39.5200
39.6400
39.1100
38.6900
38.4200
39.3100
39.5200
39.3500
39.3900
38.9000
38.9100
38.6800
39.1900
38.9200
39.7000
39.5900
40.5800
42.2300
41.6700
42.1200
42.2500
42.6900
43.0500
43.3100
43.5800
43.6500
44.2400
44.1600