48.8900
47.2600
45.8900
44.9100
45.6300
44.9600
45.2600
44.7400
44.9900
45.6600
47.4000
47.0800
44.5100
44.2300
45.6700
46.8400
45.8800
47.2300
46.8000
45.9400
46.8300
40.4000
40.5100
44.3500
44.7200
44.7300
45.4800
45.0700
44.6700
44.5900
48.3000
48.4900
48.4800
47.9800
47.7300
48.1800
48.1400
48.0200
47.8000
45.7900
47.3300
48.2800
49.0000
47.7700
48.4200
49.4800
50.7900
50.7700
51.6100
53.5300
52.8700
52.4700
52.1300
52.8900
52.3100
51.9700
51.2300
51.2000
51.1200
49.5400
49.7300
49.6100
51.6200
51.1600
50.7100
49.9200
48.9400
47.0800
47.4500
48.1700
47.1600
46.7800
48.4200
47.9900
48.2400
49.0500
47.8000
47.7700
48.9300
50.4900
50.8800
50.1700
53.0200
53.2900
52.4900
50.5200
49.0000
46.6900
46.8600
47.5400
46.6200
45.9100
45.4000
39.5000
36.5500
35.8900
36.5400
35.5300
35.3400
35.2900
36.2300
35.8700
33.8900
33.5400
32.1400
31.7800
32.4100
32.6400
32.1300
32.1600
31.0700
31.3600
30.9100
30.5400
31.5400
31.1500
32.1200
32.2500
30.9700
30.7100
29.7800
30.2200
30.5800
31.5000
34.1400
34.0200
34.6300
34.6700
33.5100
32.8500
32.7700
34.1200
33.5400
35.4800
34.3600
35.4000
35.9400
36.5300
36.7100
35.9600
34.9600
35.4400
35.7800
36.7500
35.3900
33.8000
34.0200
29.0600
29.3700
29.8800
29.9900
30.9200
32.2000
32.0100
32.4700
32.3300
35.2300
35.4100
35.9300
36.2500
36.7600
36.5500
35.5500
36.1900
36.4000
35.8900
35.9400
35.8900
35.9900
34.9500
34.6100
36.1300
36.4800
36.5600
35.9700
37.9200
38.5400
39.3600
38.4900
37.8500
38.7900
38.6800
36.8800
35.5300
34.5700
34.7000
34.4000
33.9200
33.4500
32.4700
32.6200
32.5400
32.6600
33.4300
32.9600
33.4300
33.5300
32.9600
32.5000
32.5200
32.5000
32.4500
32.0100
31.4200
31.3400
30.8100
30.8600
30.5800
30.5800
33.2300
32.7800
34.0700
34.0200
32.8400
31.5000
31.5200
31.3400
31.1800
41.9200
41.7500
40.8700
43.8000
43.8300
43.7100
44.4000
44.6100
44.6200
45.8600
45.9000
45.8900
45.6500
45.4500
45.2300
45.3200
46.3900
47.3100
47.2500
46.2600
46.9000
46.7800
47.1700
48.9900
47.8300
48.5500
47.3700
47.1000
45.4400
46.1600
45.7600
47.9700
47.5600
47.1100
47.4100
47.3900
47.6700
47.3800
48.4800
48.0800
48.8300
50.2000
50.0100
50.3700
49.7500