95.9300
96.4200
97.1700
97.0400
98.8400
98.0900
96.2400
94.3000
92.8400
94.6700
95.4300
97.1600
96.8000
98.3800
97.7100
99.8300
97.9100
98.0000
98.8600
98.8800
99.4100
99.5500
101.1500
102.9200
104.5300
105.1100
106.6800
105.1300
106.2500
107.3100
107.6700
107.6100
109.4500
109.9600
110.1300
109.9200
111.5700
110.0300
109.5900
107.9300
109.1500
106.4500
106.9300
103.3100
105.6300
107.5000
107.4500
106.4000
108.0600
106.9900
106.9700
108.9800
108.6000
105.6100
103.4800
100.9000
101.7600
101.0400
101.3800
98.9800
98.8100
100.4400
100.9700
99.2300
97.5400
95.8700
94.5800
93.5000
92.8100
94.9000
93.6500
92.2700
94.5500
92.3000
92.1100
91.4700
90.9600
91.2600
93.3700
94.7900
94.9100
95.9400
97.7700
95.5400
91.9600
89.0600
87.8400
87.5800
87.1700
87.8700
87.2600
85.0500
82.5100
82.1200
81.6700
80.5200
82.7200
82.6300
82.8900
82.0900
82.3800
84.0400
81.5400
81.3800
79.3700
79.5600
81.1500
83.5900
83.4800
82.9700
81.8300
83.2700
82.9700
86.0100
87.8000
85.3700
85.4700
84.2700
81.3300
82.2500
81.5100
82.4100
84.9900
85.2300
87.8900
87.2900
90.1900
87.8900
85.5300
85.4100
83.6800
84.2000
82.7200
83.5800
83.3700
85.9300
85.6800
86.9200
85.0800
83.9200
82.6700
83.5700
85.1600
87.5700
87.6100
86.1200
86.8600
82.5800
84.8500
86.0200
88.0300
88.3300
88.5000
87.8600
87.9600
88.0500
87.7300
88.6300
89.0600
89.0600
88.3900
88.7000
87.5500
87.5000
87.4300
87.0200
86.5300
85.0900
85.7500
84.3700
84.4700
86.5500
89.9000
89.5800
89.7900
90.5100
92.4800
92.4800
92.1000
90.6500
89.2100
89.1700
88.5900
86.9500
85.2800
85.2400
86.8400
86.4700
86.4100
86.5500
86.5000
86.5200
85.8900
86.4300
86.9500
85.4700
85.9700
85.3300
85.4400
87.0900
88.7300
88.7200
86.8700
85.5300
83.1300
82.2500
82.8100
82.3600
82.7200
81.8500
81.2200
80.9500
82.8200
79.8900
78.8900
78.5600
78.5700
77.3400
76.3200
75.6500
75.3000
77.1000
75.8000
76.3000
77.1400
76.4800
77.2300
77.6000
76.9700
77.0900
76.3600
76.2600
77.7300
76.3700
76.5100
75.0700
76.3500
77.8100
77.4000
77.0200
77.4600
80.1600
79.8800
79.9700
80.0000
78.6800
78.2400
78.2400
77.0500
78.5000
80.7400
81.8200
83.2000
80.3500
79.9100
79.6000
80.7100
80.5700
80.3300
80.4000
80.8300
81.3200
81.8200