78.6500
79.7700
80.8000
80.2700
80.7700
80.8800
79.7200
78.7400
78.0100
79.2000
80.2400
79.7900
79.0200
79.5000
78.9900
81.0800
79.3100
79.3200
80.0300
80.7200
80.5100
82.1600
84.3400
82.8700
87.2100
86.8200
87.4600
87.0400
87.3400
87.0500
87.5100
87.7500
88.0500
85.7400
87.3200
87.5000
87.3000
86.5200
85.8900
84.1200
85.8100
82.5500
83.1600
81.8700
82.7600
83.6100
85.2500
84.7600
83.6400
83.0900
83.9000
84.6800
84.2500
82.0300
81.0400
78.2300
79.4100
79.4600
78.3300
77.3800
77.3300
78.3400
79.1100
79.2100
78.1200
78.2600
75.8300
74.6300
74.3700
76.5900
74.9600
73.3700
73.7500
72.5400
72.2900
71.7300
71.0000
72.0900
72.7700
74.1400
73.7900
73.2100
75.0600
72.9000
71.4400
69.0100
68.9700
69.1000
68.6200
69.2700
68.3100
66.7500
66.3800
65.0800
63.6300
62.8800
64.7400
64.1100
63.9600
63.6500
63.0800
64.4500
62.2400
61.0000
58.1300
57.1200
58.8600
62.1600
63.2000
63.8400
61.8100
63.5900
63.0000
63.9600
65.3700
64.6300
65.8000
64.2100
60.5600
61.9300
60.0700
60.4500
62.2000
63.2500
66.2000
65.6600
69.0500
67.1300
65.5100
66.3300
64.7700
66.5800
68.1200
68.8100
70.6800
71.8200
72.6300
72.5900
72.0600
70.2900
68.9100
69.5200
71.1600
71.4100
71.7500
69.4400
68.6300
66.2200
68.4100
68.2200
70.5300
69.7800
69.6600
69.6800
68.5000
69.0400
69.0600
70.9700
70.3400
69.6000
69.5500
69.9300
68.9200
69.5700
68.7700
69.2700
69.7200
68.2600
69.2700
69.1300
68.6800
71.0700
72.2900
70.4000
71.6200
72.4300
74.0900
75.5900
74.1700
73.4200
72.5500
72.0100
71.9300
70.1700
69.1600
68.7600
70.2300
69.9200
70.6200
70.4700
69.0400
69.8100
69.0500
68.8500
69.3700
68.2900
68.9700
69.1800
69.1400
70.8200
72.1900
71.8800
70.3400
69.2300
66.9400
66.1800
66.5500
66.4900
68.8100
70.3400
70.2600
70.7000
73.0700
70.4100
69.6400
70.6500
70.7500
70.2400
69.3300
70.3800
70.0900
72.1200
71.8900
72.5100
74.5500
74.2600
73.3500
73.7000
73.3700
73.1900
73.7900
73.5100
74.7400
74.3500
76.3200
75.8000
75.2900
75.5400
74.7500
74.5900
74.8800
76.1500
74.4500
76.3200
75.8000
74.6800
73.6700
73.7700
72.3100
74.3100
76.0600
76.3300
78.2700
78.2500
78.3500
78.0000
77.6600
77.8400
77.8700
78.1000
77.0100
77.0800
77.5500