86.3500
87.0900
86.5000
86.3200
86.3200
87.3100
87.9400
90.1300
89.9100
90.4400
91.5600
91.8400
90.6500
89.9200
87.5800
87.7400
88.1600
88.1900
88.3300
88.0300
89.3600
88.5500
90.4000
89.9300
90.0400
90.7400
91.0500
90.4000
90.5200
90.7800
90.7300
91.8900
92.0600
91.7500
90.8500
91.9100
91.9400
92.0100
91.2400
90.2400
91.8700
91.8800
90.9000
88.5500
88.8900
90.0100
89.4400
89.3300
90.7400
91.1400
91.6200
91.7100
92.0100
91.1700
90.9200
89.6000
90.2000
91.3300
91.7100
91.1300
91.6500
91.8000
92.6800
91.7600
90.5800
90.8100
88.9500
86.9700
87.3400
89.4900
88.2600
89.1500
90.1200
88.4300
89.2600
89.7500
88.7300
84.7200
85.4700
86.2900
85.5600
85.4900
86.1200
86.1800
86.3100
85.5200
85.7600
85.2400
83.4800
83.0400
83.1700
82.8800
81.9200
81.0300
79.3400
77.8100
80.0600
79.9000
79.5400
80.4500
79.9400
81.1100
79.0800
79.0400
76.8800
77.4800
77.6600
78.7500
80.0200
79.6200
79.1300
79.3400
78.2600
78.4500
79.4800
79.6000
81.5800
80.0300
77.8600
77.9800
76.8800
77.1900
77.2000
78.0500
80.7300
79.6200
80.2300
80.0600
79.8200
79.6300
78.6300
78.6100
77.7200
79.8400
79.4500
80.2800
81.5400
81.5000
80.4300
79.5800
78.8800
78.9100
79.8800
81.2600
81.3400
80.4300
81.2400
80.4000
82.2400
82.7200
83.2300
83.9300
84.0400
83.7300
83.6300
83.5000
83.5700
84.6700
84.4200
84.5700
84.4400
85.0000
83.5100
83.3300
82.5400
82.2600
82.0300
81.7600
82.5800
81.4900
82.1100
83.5200
83.6100
83.2300
83.9900
83.3900
84.2900
85.4900
85.6200
85.3300
85.2400
85.0500
84.5100
83.9400
83.3500
83.1800
82.6500
82.7000
82.8500
82.6700
82.7300
83.3900
83.9000
83.8800
82.9600
82.0200
81.9700
82.0000
82.2900
84.6100
84.9500
85.3500
79.9900
78.9600
77.2800
77.0900
77.7300
77.9200
77.5300
78.1900
78.1500
78.7500
79.7500
79.4600
79.1500
79.7300
79.9500
80.5400
80.2300
79.8500
80.0000
80.8700
81.6100
81.9400
83.0400
83.3400
82.8700
82.4500
82.3500
82.9400
81.5700
81.7000
81.9900
82.1500
83.0600
83.1100
83.2400
82.5600
82.9500
82.5500
83.3600
84.4700
83.7700
85.0500
84.2800
85.2600
85.7500
84.8000
82.9300
84.0200
85.8600
85.5600
86.7100
86.6300
86.7900
87.9600
87.8800
88.3700
87.9900
87.7000
87.2900
88.4200
88.6900