53.1300
54.1100
53.7200
56.6400
56.8000
56.9200
57.2300
57.2100
57.1900
57.7000
54.0300
53.5000
54.6100
54.7700
55.5900
55.9700
54.3400
54.4600
53.1900
52.4100
53.0000
52.1600
52.4100
52.5300
52.9000
52.9000
54.0700
54.0500
54.0300
53.5900
53.0100
52.1900
52.7500
51.8600
52.1300
52.2300
52.1400
51.4000
43.0400
42.6400
42.3500
41.8600
42.4300
42.0300
42.5100
42.5200
42.5200
41.9700
42.4100
42.0300
42.5900
42.5900
43.2600
43.2000
43.2300
42.9900
42.4100
43.2000
39.5400
38.5400
39.0400
38.6400
39.2500
37.8000
36.5800
36.2700
36.2800
35.4800
36.2600
37.1700
36.7000
36.1200
36.1200
35.9200
35.2300
34.8400
34.4200
34.5500
34.9300
35.9200
35.7800
35.2200
35.1100
34.8200
34.4100
33.8700
33.7500
33.6200
33.2500
32.4400
31.3400
31.9300
31.9900
31.9800
31.8800
32.0200
32.5700
32.0400
32.5200
32.5100
33.1200
33.5400
32.1600
31.8200
31.6000
32.4200
32.6900
34.8100
34.3000
34.9800
34.3100
33.2400
32.8200
32.9500
33.1200
33.2100
34.0900
33.9600
33.2200
33.5500
32.4700
35.8100
35.9300
35.7000
36.1900
36.3400
36.6200
35.9600
36.5500
35.2900
33.9200
32.4400
31.9800
31.7700
31.9500
31.0100
30.6300
30.2000
29.3800
28.9200
27.8100
28.0300
27.5100
28.3900
27.2200
27.2000
26.6300
26.0400
26.6600
27.2400
28.1100
28.2200
28.4500
28.6100
28.3400
28.0500
28.1500
28.7000
28.7200
28.6500
28.7300
27.9500
27.3900
27.0900
26.8400
26.6500
26.5500
26.4600
26.8500
27.5300
28.1900
30.3900
30.2900
28.0300
28.7400
28.8400
28.8700
29.4200
28.9500
29.8700
29.6200
29.3800
29.3100
29.2600
28.1200
28.7500
29.2400
29.0500
28.8800
29.0200
27.7600
28.6600
29.1000
29.1000
28.7000
28.1000
28.8700
28.6400
27.6600
27.4900
21.4000
21.1700
20.3900
20.1200
20.2100
19.8600
19.6200
19.7200
20.0800
20.0700
19.7800
20.2100
21.2000
19.8900
19.3900
18.7500
19.2500
19.0100
19.1700
19.6400
19.5100
19.6200
18.6300
18.6800
18.8600
18.9100
19.1800
19.3400
19.5800
19.1900
19.0600
20.5300
20.4200
20.4400
20.1700
20.2600
20.4600
21.0100
21.4000
21.0200
21.1100
22.1500
20.7200
20.8000
20.7700
20.2500
20.4200
20.3700
20.4600
20.9200
21.1800
21.7800
22.0300
21.5000
20.9400
19.3200
19.2300
19.2100
19.3200
20.3600
20.1600
20.2900
20.2800