57.8900
58.5900
58.5700
59.3300
59.4900
59.0000
58.8100
59.6800
59.4400
59.4800
61.1700
61.5900
61.6200
60.5400
63.2800
63.9800
63.9500
64.5000
63.3200
63.0600
64.1300
64.4300
65.8300
65.7000
65.3700
65.7900
65.1400
64.1000
64.5300
63.7400
62.9500
63.9600
64.7900
63.9100
62.4600
63.0800
63.0600
63.5000
63.7000
63.5600
64.0300
63.2300
61.6700
59.7500
60.3000
61.3500
61.7300
60.6800
61.0000
61.5000
63.2000
62.3700
62.4700
61.9300
61.2300
60.5400
61.2700
62.3700
62.5400
61.2200
61.0600
61.0600
61.9700
63.1900
62.0200
61.3800
59.6000
58.7700
59.8500
61.6500
61.0800
61.9100
63.4600
63.0100
64.0500
64.2800
63.5900
64.7600
66.1100
66.6000
66.2300
65.8700
66.3900
66.9500
66.0800
65.3000
66.5000
66.3100
66.6000
66.3000
67.3100
65.5300
65.6400
64.9200
62.0200
61.3200
64.0500
62.9300
63.9700
65.2100
64.4000
66.0700
63.8500
63.9300
61.0400
60.9800
61.8700
64.3800
64.6900
65.3400
63.9100
66.0000
64.7600
65.3500
66.4400
67.2400
68.6700
69.5000
67.3000
68.0500
67.5600
68.5600
68.9600
68.3800
69.3100
69.0000
69.1900
70.1300
69.7100
68.9700
68.0700
68.0900
68.2000
68.5900
68.5800
69.4000
69.6200
69.3600
69.3100
66.5300
65.9700
66.8200
67.6600
70.4900
71.7000
70.3900
68.8500
69.3600
70.4000
70.3900
70.6400
71.3000
71.1700
72.9000
72.8000
73.6800
74.0600
74.2900
74.2000
73.8800
73.2500
74.0500
73.4900
73.4900
72.7700
72.9900
72.7500
72.7000
73.6300
73.7300
74.6100
75.5000
74.8900
76.7300
76.0000
75.7300
76.6800
76.4000
75.5800
74.4800
75.0300
75.0300
74.3700
73.7000
69.2700
69.5600
72.4400
71.6000
71.8700
71.5000
71.7900
73.0900
73.0000
71.1200
70.1500
69.6000
69.4600
68.9000
70.0600
69.8500
70.4600
71.0000
69.9600
70.1400
68.7800
68.9300
68.5100
68.7400
71.1500
73.3400
71.2500
72.3600
73.4600
72.2300
71.0900
72.2800
72.0700
71.9500
70.3700
68.2800
68.2700
69.5800
69.5300
69.2500
70.2600
69.1500
69.8600
70.6100
70.5200
70.9200
70.4600
72.9000
74.8000
75.0900
76.3900
76.5900
76.8000
77.2900
76.0800
75.7500
77.9000
79.1600
78.5000
80.7900
80.1100
79.7800
79.7800
79.5800
79.0600
80.4100
84.5100
83.0600
84.7400
84.0300
83.9500
84.5000
86.3700
84.6700
84.3600
84.9500
84.3500
85.2200
84.9900