50.2100
48.8500
48.2100
47.9800
48.2400
49.4700
49.9900
49.9600
49.0000
49.2800
49.6300
51.6200
51.1000
50.4100
50.8000
50.0300
47.7100
46.7000
45.9700
45.3900
46.5000
46.9000
48.2800
48.4000
48.4600
47.4300
47.6800
45.5800
46.0700
45.0300
44.6500
45.6200
45.3900
45.1000
43.7800
44.0700
44.2100
44.0200
43.8300
43.8700
44.5500
43.8000
42.2600
40.3700
40.2000
40.8600
41.3000
40.5400
41.8000
41.5500
42.8500
43.4900
44.1500
43.1800
42.7200
41.5800
42.0000
42.0900
42.0200
40.7900
40.6700
41.1700
41.7900
40.7400
39.7500
39.3000
39.1400
38.4300
39.2300
41.3700
39.9800
40.3000
41.5300
41.2600
40.8700
40.4500
39.7600
40.3300
42.7900
42.5900
42.3000
42.9400
43.8500
43.0400
42.3000
41.3400
41.1000
40.3600
39.9700
39.9100
39.5900
38.8800
36.5900
35.3700
33.7400
33.1800
34.9400
34.6100
35.6200
34.7800
34.1100
34.9700
32.9800
32.1200
30.3300
29.8000
30.6600
31.1200
31.2200
30.3000
28.5700
28.9100
28.2200
29.0300
29.4900
28.8900
30.1900
30.9800
29.0200
28.6700
28.0700
28.6200
29.7500
30.2300
31.8900
31.7400
32.9700
32.5900
31.8600
31.7200
31.1100
30.7600
30.9200
31.6100
31.1600
31.1600
31.8800
32.1000
30.8400
29.6300
28.6400
27.9700
28.8500
30.1900
29.9700
30.0300
29.3900
28.7000
30.1800
30.9600
31.8400
32.2800
32.4600
32.5200
31.9900
31.8700
31.4900
32.4700
32.4100
32.5900
33.3500
33.0000
31.4100
30.7700
30.6100
30.5500
30.2000
29.3300
29.6400
28.7400
29.1500
30.8400
32.2200
31.7900
33.2500
33.8800
34.7600
36.7500
35.0100
34.2700
33.9800
33.4300
33.3200
33.0100
31.6400
31.3800
32.3500
31.9000
32.1300
31.0000
30.8600
31.1000
31.0800
31.6400
31.9500
30.9200
31.7200
31.4200
31.9200
32.7600
33.1800
33.7700
32.8100
32.8900
31.5900
27.9700
27.3200
26.7100
26.3500
27.7500
27.3600
27.7000
28.6400
27.4400
26.6800
26.7700
28.2900
27.0700
26.4500
26.0900
25.9900
26.4300
26.2000
26.3700
26.8600
26.2000
25.8600
26.1500
26.3200
26.1800
25.6100
26.3300
26.7000
26.3700
26.6800
27.5400
28.1000
28.0400
28.0300
28.4400
28.5000
29.7900
29.6200
30.1700
30.1900
29.8300
30.0900
29.7100
29.1700
30.3600
31.5600
31.2100
32.2300
32.3000
31.3700
31.3500
31.0200
30.5800
30.0600
30.9500
29.6100
30.0700
29.8900