130.0400
127.4800
129.8300
128.2000
126.9500
128.1100
127.5300
124.2600
126.4900
128.7300
127.9800
127.0900
127.8200
129.7300
131.1300
133.8100
134.8900
135.4200
134.8800
136.0100
136.9200
138.2400
139.8200
138.1800
136.9900
135.8100
134.3700
134.4500
135.3300
132.7500
132.4500
132.9500
134.0300
130.8800
129.8700
130.0600
133.0000
132.6300
130.9600
129.6700
131.0900
132.2200
134.9000
133.5500
134.5600
134.0000
137.8000
138.7600
140.3900
138.8200
137.4100
138.4800
139.3900
138.4900
137.2700
135.5400
137.0900
138.8900
139.2000
138.0000
138.6600
141.3500
141.4300
141.5700
139.9800
139.7200
138.9400
136.3900
137.3400
139.6600
140.1500
142.1000
142.3200
142.1300
142.4800
144.8300
143.0600
144.5400
145.6400
145.7200
146.0600
145.4000
147.5600
147.0700
145.4200
145.4300
147.8100
147.3400
146.5300
146.9300
146.9000
143.7000
143.8500
141.9100
138.0400
136.9200
140.1100
141.1600
141.1000
141.1400
139.8400
142.0300
138.4700
139.7500
137.0100
135.3800
138.5900
141.1800
140.1500
141.6600
138.4700
139.1900
138.7900
140.5100
140.7000
141.5200
141.8500
141.0400
138.2600
137.3600
137.0700
137.3900
136.7200
138.0100
141.4800
143.3600
144.0500
143.5300
144.5900
144.6500
142.7400
143.2200
146.3000
149.0500
149.7000
151.0000
150.5000
149.3000
148.0700
146.9700
145.8100
145.3200
144.5800
145.5100
146.1800
147.0900
144.4500
144.8600
144.7200
143.4300
141.6900
139.7000
139.3900
140.3400
139.1800
138.5600
139.8400
140.7800
141.7600
141.5200
141.5500
143.3000
143.7400
144.1800
143.7700
143.5600
142.9200
141.7800
141.5200
142.5400
142.5800
143.4800
144.3600
141.2500
140.9500
140.4100
141.5900
141.3300
141.3000
140.5300
141.4600
138.5300
138.8100
137.7700
135.4500
135.3600
136.6100
135.9900
135.4200
136.6300
136.7000
136.2800
136.2100
134.7400
133.6700
134.7200
133.4100
132.2900
133.1100
133.2900
133.4800
136.1600
136.9100
135.0400
134.0500
134.0800
133.9200
133.0700
135.5600
136.9000
137.7200
137.0300
136.8200
135.3100
132.8500
131.9300
131.1600
130.3200
127.6100
127.6900
128.8700
129.9700
129.1400
127.3900
128.5400
128.9500
132.3500
132.0500
133.0400
131.7900
133.0000
134.2300
132.7200
135.9800
133.6800
132.9700
133.0700
133.9600
132.4800
132.6000
133.1900
133.4500
133.4000
135.5700
136.6500
136.5200
135.0600
135.7800
133.9800
135.5900
136.0300
136.7800
136.3700
136.5100
136.0900
136.6400
137.0900
136.1600
136.8100
138.3700
137.9300
138.5800
138.5600