17.7100
17.4100
17.4700
17.5400
17.5800
17.8700
17.8900
17.8800
17.5200
17.8300
17.8400
18.2200
18.5800
18.4800
18.3100
18.4100
18.4600
18.3600
17.9800
17.7700
18.2400
18.4400
18.5200
18.4600
18.2000
18.1100
18.1500
17.8700
17.5300
17.8000
18.6200
19.6300
19.1900
19.1600
19.1600
19.1200
18.9200
18.7900
18.7800
18.6900
18.8100
18.6500
18.6200
18.1800
18.1100
18.2500
18.5700
18.3400
18.7900
18.8200
19.0400
18.9500
18.9600
18.8600
18.7000
18.8400
19.0900
19.1700
19.4000
19.2700
19.1800
19.3600
22.7000
22.1900
22.7500
23.4200
22.6900
22.2200
22.7100
23.0700
23.5200
23.0300
22.5500
21.8500
22.1900
22.0000
21.6900
21.6400
21.8400
21.8000
21.5700
21.6000
19.8700
19.9100
21.0000
20.5700
20.0700
19.7700
21.6000
20.8900
20.1900
20.9600
18.7100
18.6800
17.7500
16.9500
16.7700
16.8000
16.5900
16.7200
16.5900
16.7500
16.1800
16.5500
15.6700
15.7000
15.8700
16.3100
16.2500
15.8900
15.8600
15.8000
15.6000
15.6400
15.7900
15.6300
15.7000
16.1300
15.5300
15.5000
15.1000
15.1400
15.2300
15.4500
16.2100
15.7500
15.9500
16.6500
16.4700
16.0200
15.8100
15.5000
15.2400
15.1900
15.8400
16.4500
16.2200
16.6100
15.7300
15.1800
15.2700
15.1600
15.6900
16.1700
15.4500
15.4900
15.3000
14.4500
14.8900
15.5900
16.0200
16.2200
16.4400
16.2800
15.8500
16.0200
16.0300
15.9100
15.9600
16.2100
16.0500
15.9300
15.5000
15.5600
15.5000
15.3900
15.5000
15.4400
15.4500
15.1900
15.2100
15.7300
15.9900
15.8800
15.9100
15.7300
16.2800
16.2900
16.1400
16.1300
16.0000
15.9800
16.1400
15.9400
15.7700
15.8500
16.1900
15.9500
16.1500
15.9300
16.0100
16.2200
17.3900
17.3700
17.1100
17.1500
17.3100
17.1100
17.2700
17.1400
17.2900
17.1600
16.4800
16.3500
15.9600
15.6900
15.7600
15.4800
15.4900
15.7700
15.2000
15.1100
15.1900
14.8200
14.2300
14.2800
14.3100
14.0500
13.8200
13.8100
14.1000
14.2800
13.9200
13.9700
14.2600
14.3000
14.0800
13.8400
13.8300
13.9500
14.0300
13.8000
13.8200
13.8800
14.6200
14.4200
14.4700
14.3300
14.3800
14.0700
13.9800
14.5100
14.6900
14.6900
14.2900
14.1200
14.0000
14.1400
13.9800
14.3600
15.0300
15.5900
16.0900
15.7700
15.5600
15.5000
15.5100
15.2200
15.3900
16.0600
16.0100
16.0000
15.9700