29.3100
29.4300
29.2300
29.5900
29.4600
29.6500
29.8000
29.7400
28.8000
28.4200
28.9000
29.3400
29.2200
28.9300
28.6100
28.7000
29.2400
28.7800
28.7000
27.1500
28.5300
28.7900
28.5600
28.8400
29.4400
29.7700
29.7500
29.2000
29.8900
29.3500
29.1800
29.8400
30.2400
30.3300
30.3600
30.8500
30.8000
31.0300
30.8600
30.5000
29.9100
29.9700
29.4900
28.5000
28.3100
28.7700
29.1500
29.0600
29.6200
29.3900
29.8100
29.9100
29.9000
29.4100
29.2700
28.6800
29.1100
29.8100
30.3600
30.1400
30.1700
30.1300
30.0200
29.8900
29.7700
29.8600
29.6800
28.8000
29.6800
30.6400
30.3200
30.3900
31.1700
31.1400
30.8900
31.0700
30.8700
31.2800
31.5300
32.3500
32.3900
31.9800
32.3600
32.4200
32.2700
31.4500
31.2900
31.0000
30.7800
30.6800
30.7300
30.2000
29.8900
29.5100
28.9100
28.6800
29.0900
29.0000
29.4100
29.3300
29.4500
30.4300
29.2000
29.1100
28.1200
27.3600
27.3700
28.2100
28.0900
28.3200
27.8200
27.7000
27.0200
27.0600
27.8100
27.7600
28.3900
28.0600
27.4000
27.5100
26.5500
26.3800
26.6300
26.7300
27.3400
27.2200
27.7700
27.4100
27.3700
27.4300
27.5100
27.8000
27.3700
28.0200
28.1400
28.5900
29.1200
29.3100
28.7400
28.2400
30.3100
29.9100
30.3100
30.8700
31.3200
30.7900
30.7200
30.5400
31.1200
31.2300
31.4800
31.6200
31.5700
31.7700
31.5600
31.4600
31.2900
31.8400
32.0400
31.9600
31.8900
31.6100
31.3300
31.5000
31.0200
31.0700
31.3700
31.0000
31.2300
29.6000
29.8600
30.8100
30.7600
30.6100
30.6900
30.6400
30.9500
31.8400
31.4400
31.1700
31.2800
30.8500
31.1600
31.2800
31.2000
31.2600
31.6700
31.8200
31.8900
31.8100
31.4500
30.0700
30.0500
30.0200
29.9000
29.8800
30.0400
29.5500
30.0800
30.4100
31.1200
30.8400
30.3400
30.0800
29.7500
32.2500
32.4600
32.2500
32.3800
32.8600
33.2000
33.7100
34.0600
33.3300
32.9800
32.9800
32.8000
32.5500
32.2300
31.7600
31.9900
32.3700
33.0600
33.2300
33.7900
33.8500
33.6500
33.7000
33.6300
33.4500
33.1000
33.2900
33.2500
33.4800
33.5500
33.8800
34.0900
34.0200
33.9200
34.0000
34.0900
34.7600
34.7300
34.9700
34.7700
34.7600
34.7600
34.8900
34.4000
34.9200
35.4800
35.7300
36.4400
36.6800
35.9700
36.2000
36.0500
35.8600
35.9600
35.9600
35.8500
35.9800
35.9300