48.3900
48.2400
48.8000
48.2700
48.3900
48.6700
48.9500
49.6500
49.7600
50.2200
50.5600
50.9500
50.0400
49.4400
49.2300
50.1700
49.9800
49.8500
49.1200
50.1400
50.6200
51.1600
52.2500
51.8100
52.1300
51.6400
52.3100
51.8100
52.0700
51.9600
51.5200
52.8700
52.8600
52.8500
52.7900
52.6700
53.3300
54.1800
53.7600
52.8900
53.5700
52.9900
52.9700
51.7400
52.2700
52.9500
53.2000
52.7700
54.2500
56.1500
56.7200
56.5500
57.2700
56.9100
57.0500
57.2900
57.2500
58.6600
58.2200
59.0600
57.8900
57.8600
58.0100
58.3900
57.3700
58.1000
57.1600
56.1800
56.9500
58.0400
57.2800
57.8300
58.1800
58.0400
57.5700
57.4500
57.3200
57.6300
58.9100
59.5900
60.1700
60.2100
60.9700
61.0500
60.8600
60.1000
60.1000
59.8900
59.4600
59.4200
59.6400
58.4200
57.9400
57.3900
55.6500
55.4000
56.3300
56.3500
55.9700
56.3400
55.8100
56.5600
55.4600
55.8300
53.4300
53.5100
53.9800
55.3800
55.2400
55.8600
55.1000
56.4800
55.1000
55.0500
56.2800
55.8500
56.9400
57.4400
56.3200
56.7900
56.0500
56.1100
56.8800
56.6900
58.2100
59.0500
59.4100
59.2500
58.6300
58.4100
58.3900
58.0800
56.9300
57.9300
58.6400
58.6800
58.2900
56.2300
55.8100
55.7300
55.6300
56.0500
57.7600
58.5300
58.2900
57.7100
56.8000
56.4900
57.6100
57.1000
57.6400
57.9100
56.4700
55.8500
56.1300
56.0800
56.6600
57.3700
57.5900
56.9000
56.6000
56.8200
56.4200
57.4900
57.4200
57.5600
57.4200
57.1700
58.3000
58.6100
57.1900
57.4100
57.7300
57.5200
57.2300
57.2700
59.0500
59.2700
59.1800
58.6700
58.6700
58.3400
57.8600
57.6700
57.1300
56.1400
56.5700
56.8600
57.7300
57.1800
57.4000
58.3700
58.5600
58.8200
58.2400
57.9700
58.4700
57.8900
57.5900
58.6300
59.3700
57.6100
56.8600
56.7400
55.3800
55.2300
55.4400
55.7500
55.9700
56.8500
56.7100
56.3600
57.1900
55.5700
55.5600
55.8300
55.5200
54.7400
53.6500
53.6400
54.3000
55.2300
55.8600
55.9800
56.5100
55.6900
54.4400
55.5100
55.9200
55.9000
55.9900
55.8400
56.4000
56.1200
56.6100
56.7500
57.0600
57.6700
57.7200
56.6500
57.2700
57.8200
56.7900
57.4000
57.6500
57.5300
57.1300
56.6900
56.6700
57.4800
58.7500
59.0000
59.6100
59.8600
60.2000
60.2600
60.7900
61.2400
61.2100
60.7600
60.6200
60.7400
59.7800