319.7900
326.9600
333.8500
338.0400
339.5000
340.1400
341.8700
342.9800
344.4400
345.0000
346.2800
346.5000
347.0000
347.0100
346.7500
348.5800
347.9100
347.5800
347.6700
347.8800
352.9900
349.1700
353.1800
350.7600
350.4800
349.1500
354.0400
354.1000
358.4600
360.1100
356.1200
357.9600
360.2100
359.6600
358.9500
358.5000
359.8000
366.0900
376.4100
374.4800
378.4400
378.4500
385.2200
385.2300
383.7400
380.5000
382.2300
380.8300
379.6300
379.9200
379.0000
378.8700
377.3600
377.8000
375.4200
378.1300
378.6600
379.0000
379.5800
376.3600
374.3400
371.8000
378.7200
381.8900
382.4000
383.8000
383.5000
375.8700
377.0500
378.7300
380.9700
380.8000
379.1700
379.5000
380.0000
381.7300
382.0000
379.3600
382.8300
393.7200
397.1300
396.1600
395.4100
396.4400
393.7000
389.4300
386.9100
383.8000
382.8800
385.7300
387.5000
377.6200
382.4800
388.8700
365.5800
372.4500
368.5500
361.1400
372.8400
369.4000
374.3700
381.7200
379.2500
380.2600
373.6800
377.0000
379.1800
387.9600
383.8800
385.7600
382.3100
386.6500
382.9100
385.7500
385.3000
386.7300
387.9100
387.6500
381.6400
382.7600
375.0300
376.4900
359.0000
358.4300
367.1700
364.2200
362.4900
366.5500
364.5200
367.2300
366.4700
368.9300
382.4500
380.9400
380.2700
380.8900
384.2400
382.9000
377.9800
377.6300
376.3400
378.3900
373.3800
374.7900
375.7900
375.2300
362.7700
362.3400
366.3000
363.2500
367.4700
363.8200
363.1200
359.2900
355.3100
357.0000
357.8600
358.5500
363.6500
364.5600
364.1800
365.5000
363.2600
365.0800
366.4500
364.7200
363.0000
359.8700
361.6400
358.2800
363.0700
368.7200
369.7200
366.2800
369.9000
373.1600
369.9600
351.9900
357.3800
357.8400
369.8400
371.6300
371.8000
369.3000
368.5400
372.8900
371.4700
369.6700
369.0700
369.9100
372.1400
376.7900
381.2900
381.4200
379.8900
377.3500
374.3500
373.0500
374.7200
370.6900
369.4700
370.3900
369.0000
365.8000
366.7400
364.3600
367.7800
370.7500
375.0000
380.3400
382.9100
383.2300
385.2600
384.3700
378.9700
376.8900
374.3800
373.5500
369.7500
372.7800
380.5000
382.3000
381.1300
381.8700
383.1200
382.9300
382.3800
383.8600
379.7800
383.7700
378.0100
366.8000
360.2700
364.0700
359.1600
355.1500
355.5000
357.5600
359.3200
357.6800
363.4000
360.0700
359.4800
356.0200
358.2800
355.2000
351.0900
353.1000
348.5700
354.4300
356.8800
356.1400
360.8500
356.1700
348.2500
349.6000
346.5000
346.2300
344.9900
350.9000
349.3300
348.6300
349.6000