74.2200
74.3300
73.5300
73.9800
74.5300
75.0000
74.7400
75.5100
74.6000
75.2400
75.0600
75.5600
75.5200
75.5100
75.3600
75.8200
75.3100
74.5500
74.1600
74.1800
75.3700
75.2200
76.3400
75.4600
75.2000
75.4600
75.9000
74.9500
74.8500
75.5600
75.2100
75.2700
75.3500
75.7200
76.0600
75.8500
76.0600
75.2100
75.1600
74.9500
75.0800
74.9000
74.1300
72.5600
73.5200
74.1700
73.2900
73.6000
74.3100
75.2300
75.4300
75.2000
75.4000
75.1400
75.0100
73.9200
73.9700
75.1800
74.8100
74.3300
74.0800
74.3700
75.1700
74.6500
73.6700
73.5900
72.4300
70.6000
71.7700
73.5000
72.9200
72.6800
74.0900
73.7100
73.1000
73.5500
72.8600
73.2100
77.0800
76.9900
77.2700
76.8000
77.2500
77.2600
76.8300
75.8400
75.9600
75.4000
74.0500
73.8000
73.5600
73.1200
72.5800
72.3500
69.7300
69.1500
71.7800
71.4800
71.5700
71.3900
70.0000
70.4000
69.3900
69.6100
67.2400
67.5000
67.5800
69.0200
69.9500
69.9400
70.1100
72.5800
72.0600
71.8500
71.9900
71.9000
72.9200
73.0100
71.3700
71.9600
71.0500
70.9300
71.8700
71.5800
74.3000
73.1800
74.2700
74.4400
73.6900
74.0300
73.2200
71.5200
71.7100
73.5100
72.9700
73.1100
73.8900
74.8600
73.8900
72.9100
72.0300
74.0300
74.9100
75.5100
74.8600
73.9100
72.7700
71.9900
72.8100
72.8900
74.4600
74.6000
74.2800
74.2100
74.1900
73.8100
73.0700
73.6400
73.9100
73.8300
73.2700
72.8000
70.3600
71.0900
71.3800
71.5200
71.4400
70.8200
71.4000
70.8700
71.9200
72.8200
72.8900
71.0800
71.2700
70.9600
71.5800
71.2800
69.9200
70.4500
69.9000
69.8500
69.9700
70.0300
69.3800
70.2500
70.1000
69.6000
70.0100
69.5300
69.8600
69.9400
70.8900
70.5700
70.6400
70.3400
70.8300
71.8500
72.2500
73.4800
73.6300
74.2600
74.0100
73.7000
72.8200
72.7100
71.5400
71.1100
70.4400
70.7900
70.0500
70.4100
72.0200
70.1100
70.9800
73.2500
73.6900
73.3600
71.2900
71.0400
70.7700
71.9600
72.5400
73.1500
73.7400
74.2700
74.4900
74.0900
74.1200
74.2800
74.0200
74.0500
73.8700
73.9800
74.6400
75.5300
75.8200
75.4700
74.3200
74.0200
74.6500
75.5200
75.5100
76.2000
76.1700
75.9700
76.0200
75.8300
74.6900
75.3600
77.0700
77.4700
77.6900
76.1300
74.1300
76.7600
77.0900
75.1600
76.5500
76.9400
74.3400
75.2600
75.0400