5.8000
5.8100
6.3100
6.1800
6.2700
6.6300
6.8700
6.7900
6.6100
6.4800
6.8000
6.9600
7.0700
7.2500
7.2900
7.3500
7.3000
7.2900
7.0700
7.1300
7.3600
7.4500
7.8400
7.9700
7.8500
8.1300
8.1800
8.0700
8.2500
7.9800
7.7800
8.0900
8.0200
8.1100
7.9500
8.0200
7.8800
8.0400
8.1200
7.9700
8.1200
8.1300
7.9700
7.7100
8.0200
8.0600
8.0500
7.9900
8.4900
8.8400
9.2400
9.8000
9.5300
9.8100
9.8200
9.6000
9.8500
9.9300
9.6000
9.7500
9.5300
9.5700
9.6800
9.4900
9.2000
9.2300
8.9300
8.5400
8.8600
9.1700
8.6800
8.7900
8.9200
8.9200
8.7700
8.3600
8.1800
8.2100
8.2600
8.2700
8.2500
8.1100
8.3100
8.1600
8.0000
7.7400
7.9600
7.7900
7.7300
7.7000
7.5500
7.3500
7.3000
7.1100
6.9800
7.0200
6.8300
6.9800
7.1700
7.1400
7.1500
7.4400
7.2000
7.3500
7.0200
6.9000
7.1000
7.6400
7.4200
7.5600
7.2800
7.4900
7.5000
7.6600
7.9000
7.7600
8.1100
8.1400
7.8200
7.9400
7.6000
7.6200
7.7700
7.7400
8.1800
8.0500
8.0600
7.8200
7.6600
7.5600
7.4800
7.6300
7.4800
7.8200
7.8100
7.9200
7.5300
7.2600
7.0700
7.0900
7.0400
7.0700
7.1700
7.3100
7.2800
7.3400
7.2200
7.1800
7.4300
7.6400
7.6700
7.6700
7.7200
7.7400
7.7200
7.7800
7.8700
7.9300
8.0000
8.1500
8.1900
8.2200
8.1500
8.1600
8.0700
7.9600
8.0000
7.9100
7.9900
8.0000
7.9500
8.3500
8.8000
8.5800
9.0300
8.9700
9.4000
9.5500
9.3000
9.2300
9.2900
9.1900
9.1100
9.1000
8.9300
8.8200
8.9700
8.8300
8.9600
8.9300
9.1100
9.4100
9.3200
9.2800
9.2100
9.2100
9.3400
9.1200
9.4400
9.4600
9.4400
9.4700
9.4400
9.5500
9.3600
9.3100
9.2400
9.1200
9.3200
9.7400
9.8500
9.7500
9.9400
9.2300
9.3900
9.4300
9.3900
9.3300
8.9900
9.0900
9.1200
9.4900
9.6300
9.7700
9.9000
9.8400
9.6600
9.7600
9.8300
9.8600
9.8000
9.9100
10.4600
10.4600
10.6400
10.5700
10.5100
10.6100
10.5400
10.5800
11.0000
11.3600
11.1900
11.5200
11.2900
11.2500
11.5400
11.4700
11.3600
11.6100
12.0300
11.9600
12.1100
12.0900
11.9800
11.4300
11.7800
11.6300
11.4700
11.5500
11.7800
11.2800
11.1400