50.5400
49.6600
49.6600
50.1400
49.7400
50.1800
50.8600
51.7900
51.3000
51.9400
51.7500
52.6200
52.6800
52.7800
53.6100
54.3700
55.6500
55.8700
55.3000
55.4800
56.3500
56.5400
57.0400
57.1100
57.0200
57.0700
56.8000
56.8400
57.0400
56.9900
56.8400
56.7800
56.9700
56.6400
56.6400
56.5900
57.6400
57.9500
58.2200
58.1300
58.3000
57.9800
57.8400
57.4800
57.4600
59.0000
58.8900
58.6600
59.7400
59.5900
59.7800
59.8100
59.5500
59.5200
59.4000
59.2400
59.3100
59.9500
60.2600
59.5900
59.5200
59.7800
60.2500
60.2700
59.7600
59.5700
58.4700
57.6700
58.1300
58.7100
58.0300
54.1000
54.6400
54.3900
54.1800
54.1700
54.1200
54.7600
54.9500
54.6900
55.0900
55.4100
55.6800
55.4600
55.4000
54.6500
54.7800
54.8200
54.2600
54.4200
54.0800
53.4600
53.2300
52.8200
52.2100
51.5100
52.1300
51.9600
51.9300
52.2500
51.9900
51.5700
51.3600
50.6200
50.1700
50.0600
50.2300
50.3600
50.4800
50.6200
50.0900
50.3900
49.8000
49.0300
49.3000
49.9200
51.5400
51.7300
51.4800
51.8700
51.3900
51.2400
52.0900
51.5800
53.1500
53.8600
54.2200
54.0100
53.5800
54.1000
53.8000
53.9700
53.8600
54.5300
54.7500
55.6800
56.1700
56.4400
56.2100
55.4600
54.9600
56.8300
57.7400
59.7000
58.9700
58.5100
58.6300
57.9500
58.9300
58.6600
59.1100
58.7500
58.7800
58.8400
58.7400
59.1000
59.4400
58.9200
58.9000
58.8100
58.7900
58.3200
58.2700
58.7500
58.8600
58.6300
58.6100
58.4500
58.6800
58.9000
58.0800
59.0400
59.1800
59.3300
59.7000
60.3000
60.7700
60.4800
61.0000
60.9600
60.8000
61.0000
61.0100
61.1500
60.8300
59.8300
60.2300
60.2700
60.0900
60.4700
61.1700
61.7500
61.9300
61.8200
60.4800
60.8500
60.9600
60.6900
60.9300
61.5300
61.9200
62.7400
61.9200
61.9800
60.9300
61.2300
61.4200
61.1600
62.6300
63.6100
64.7500
65.2400
66.0800
65.5400
64.5900
64.2700
65.0600
65.9500
65.0400
65.9000
66.0200
66.4900
66.3000
66.1200
68.8100
66.8400
65.8100
65.9900
65.9600
66.2700
65.8000
65.2200
64.4700
64.4300
65.0700
65.4900
65.6800
65.8200
65.6600
65.9500
66.3300
66.9500
66.4000
67.8000
67.2500
66.9700
66.1900
66.5300
65.5900
66.6600
67.6500
67.7800
68.4300
68.5000
68.4300
68.3900
68.4300
68.9500
68.0300
67.0400
66.5200
67.1900
67.0500