58.3800
59.4500
59.7400
59.9400
59.6500
60.6400
60.8000
59.8000
59.0200
59.8300
61.7000
63.1900
61.7200
62.0100
62.8500
62.9300
62.2600
62.5400
61.3200
60.7000
61.6400
61.7200
63.1500
61.9900
61.4000
61.1000
60.1700
58.9800
59.3800
59.7600
57.9400
58.1400
59.4700
59.2400
59.6300
60.4100
60.3500
60.0800
60.0000
59.7400
60.3300
60.8400
61.7300
61.5100
61.7400
62.7100
62.6600
62.2900
62.5500
65.4700
65.5500
66.0300
65.9100
65.8200
66.2400
65.7300
66.1100
67.2300
67.3700
67.0300
66.7200
65.7700
66.8800
66.9900
66.2300
71.8500
71.0400
69.3100
70.0700
70.1400
69.4100
69.5500
70.0100
69.5900
68.1700
68.5600
68.0800
67.7100
68.9000
69.4700
71.1800
70.3900
70.0400
71.6100
69.9000
68.0500
68.1200
68.2300
68.0200
68.7500
71.5500
71.0200
71.3700
72.0800
69.1600
68.8400
69.7900
70.6400
71.0100
72.4700
72.4000
73.9200
73.1000
72.2500
70.7800
71.0200
70.9000
71.8700
71.0800
70.8100
69.8500
71.5200
70.6600
72.0100
72.6700
74.2600
74.7200
73.6700
61.1700
61.2000
59.3400
59.8100
59.8800
59.6400
61.8000
61.6100
62.3600
62.4100
61.8500
61.2100
61.3200
60.5100
60.3300
60.9400
60.6800
61.3100
61.8500
62.2900
61.3800
62.0000
60.9300
60.3200
61.6900
63.6200
62.6200
60.9500
60.2400
60.6100
62.4400
62.0400
63.0000
64.1700
63.5600
62.7800
63.5400
63.0700
63.5600
65.5500
66.5600
66.1300
66.0000
66.6000
66.1800
66.4000
66.5200
67.2400
66.7700
67.0200
67.1700
66.9800
67.1700
69.6700
69.1700
68.7400
69.3300
69.7700
70.3000
71.6000
70.7700
68.3900
68.7900
62.0800
61.5700
61.9400
62.0000
62.7100
62.4600
63.0000
63.1100
62.2800
62.0900
61.9200
61.6000
62.5400
61.7000
61.4300
61.5700
61.4500
60.3200
61.0000
61.2500
61.0200
60.2400
60.3800
58.9200
57.2800
58.3700
57.4500
57.6800
57.7200
57.1000
57.5400
58.8200
57.9200
57.8000
57.0800
57.5400
57.9600
57.1700
57.0000
56.4000
57.5300
58.5000
58.9500
60.1600
58.9100
59.0600
59.7200
58.7200
58.7200
58.4700
58.1200
57.6000
57.8700
58.2100
57.8400
58.2500
58.1800
58.1600
58.2200
58.9900
60.3900
60.2800
56.3600
55.7200
55.6600
55.2400
55.4000
54.9100
55.9100
56.1500
56.6200
56.9000
56.4200
56.3800
56.6100
56.7000
56.2700
55.7300
55.8000
55.9100
55.3900
55.4000