25.8600
25.9200
26.1700
25.7900
26.4000
26.7300
26.7600
27.0500
27.2300
27.2400
27.4400
27.1200
27.4900
27.7400
27.7500
27.7000
27.0400
26.9500
27.2100
27.1900
27.9500
28.0200
29.1200
28.8200
29.5200
29.6500
29.4200
29.3300
29.6500
29.6000
29.3800
30.1900
30.3300
30.0900
29.4700
29.8100
29.4800
29.7600
29.4500
29.2500
29.2200
29.3100
28.9600
28.3100
28.7400
29.1000
29.4600
29.3100
30.4000
30.4200
31.2000
31.0600
31.3800
31.3700
31.0700
30.8300
30.9900
31.4200
31.0800
31.8800
31.4700
31.3900
31.3400
31.6900
31.3700
31.3000
30.6300
29.9600
30.5800
31.1800
30.4900
30.8300
31.2600
31.2800
31.1000
31.5800
31.6400
31.9500
32.4400
32.4900
32.6300
32.0400
32.3800
32.1900
32.0400
31.5700
31.8700
31.6300
31.2300
31.7700
31.7500
31.1400
30.7400
30.6400
30.1100
29.6800
30.0100
30.1000
30.1400
30.2600
30.4300
30.6400
30.1600
30.2200
28.3500
27.6400
27.8500
28.3900
28.5400
29.0100
28.4800
29.0100
28.8200
29.3800
29.8200
30.0500
30.2700
30.2800
29.9700
30.3900
29.6000
29.4400
29.8900
30.2000
30.8500
31.1100
31.1500
30.9000
30.9500
30.8400
30.6700
31.0000
30.7800
31.5000
31.4500
31.8800
31.6100
32.0000
31.6800
31.4900
31.6300
31.6500
32.0800
32.4000
31.7100
31.3700
31.3100
31.0800
31.6500
31.5200
31.6700
31.5900
31.7000
31.5600
31.6000
31.5500
31.8800
31.7800
31.9600
31.8500
31.6600
31.7400
31.0100
31.1100
31.1900
31.5200
31.7000
31.6000
31.5400
31.7200
31.7900
32.2900
32.8600
32.5800
32.5600
32.8600
33.6200
33.9900
33.5700
33.4600
33.6100
33.4900
33.3100
33.3100
33.1700
32.7200
33.1100
33.1600
32.9600
33.0000
33.1700
33.5800
33.6400
33.4800
33.2200
33.1800
33.2000
32.3400
32.3900
31.8100
32.2700
29.9800
29.7800
29.3700
28.8100
28.8100
28.9500
29.0100
28.9500
29.3100
29.4200
28.9400
29.2500
27.7800
27.6500
27.5500
27.7000
27.4500
27.0900
27.5500
28.0400
28.3800
28.4500
28.3800
28.8100
28.7000
28.1400
28.2200
28.2100
28.1700
27.9100
27.6900
27.8600
28.2300
28.4200
28.3600
28.4600
28.8400
28.5800
28.2900
29.1500
29.6400
29.5100
29.6400
29.4500
29.2400
29.2100
29.0600
28.8500
29.1100
30.0700
29.9200
30.2000
30.0400
29.8300
30.0400
30.5400
30.3100
30.2600
30.3200
30.3100
30.8900
31.0400