23.6800
23.2300
23.4400
24.2200
24.6200
24.7200
24.8100
24.7600
24.2900
24.4600
25.1700
25.1000
25.0000
25.6900
25.3600
25.7100
25.0200
25.4400
25.3800
23.9500
24.1800
24.3000
23.8600
24.6700
25.3800
25.4000
25.3500
25.0800
25.2100
25.4900
25.3500
25.8700
25.7100
25.9100
25.0800
25.1900
24.9900
25.0100
25.5400
24.7000
24.7000
24.3100
24.6400
24.0600
24.3900
24.5500
24.7700
24.5600
24.5900
23.9200
25.2000
25.5200
26.1200
26.2900
27.1400
26.9600
27.5100
27.3700
26.9300
26.6200
24.7700
23.6800
23.6400
23.5500
22.9500
22.6500
22.6500
21.3200
21.9600
22.2400
22.0400
21.8500
21.9200
22.0600
22.0000
21.4700
21.7500
21.7000
22.0800
22.1100
22.3300
22.0700
22.4500
22.1000
21.5900
20.8200
20.6200
20.1200
20.1000
19.9400
19.2800
19.5600
19.1200
18.9200
18.4400
18.0200
18.1700
18.4600
18.5700
18.8200
19.1700
19.2800
19.2000
18.7200
18.3000
18.2200
19.1700
19.8900
19.7000
19.9800
19.5000
20.0400
19.4000
19.8100
20.0300
19.8000
20.2300
20.3100
19.4800
19.1900
18.5100
19.3700
19.8000
20.8800
20.9600
22.2000
21.7500
21.7400
21.5900
21.1800
21.1400
19.3700
19.0200
19.0000
18.9000
18.8200
18.8500
18.7600
18.2300
18.6800
18.1000
17.3400
17.2300
17.7600
18.0600
18.0900
18.0700
17.3900
17.6400
19.9900
19.9000
19.8600
19.1900
19.2100
19.4800
19.3500
19.3600
20.4100
20.2700
18.1600
17.9100
17.7200
18.0100
17.3100
17.8700
17.8600
18.2100
17.8000
17.7400
18.0200
17.9100
18.2400
18.2300
18.1800
18.5800
18.5800
18.3200
18.5800
17.9600
17.6600
17.9400
18.0900
17.8100
17.6100
16.9300
17.5900
17.5800
17.2000
16.9900
16.9700
17.7600
18.4000
18.0300
17.9100
17.8400
17.8000
17.8400
17.6600
17.4800
17.6100
17.5900
17.4900
17.2500
17.1000
16.8700
16.9200
15.1700
14.9600
15.2100
15.0500
14.6900
14.4700
14.9500
15.4700
15.2600
15.3000
15.8500
15.7000
15.3300
15.2500
13.7500
13.7500
11.9600
11.5700
11.7000
12.4800
12.8900
13.3500
12.9500
13.1100
12.9200
12.1500
12.0800
12.3600
11.9900
12.3900
12.1100
12.1800
14.1200
12.0500
12.2700
12.1200
11.9000
11.9700
11.6700
11.5700
11.4700
11.5100
11.2900
11.8500
11.8100
11.9900
12.1100
12.2100
11.8200
11.5900
12.2100
14.2100
14.4800
14.4200
14.6700
14.6200
14.8800