86.3700
86.0800
85.9400
85.6800
85.4500
85.7500
85.8300
86.0500
85.4500
85.8700
86.2800
89.3600
90.0100
90.0300
91.8500
93.5100
93.2400
93.3200
92.1300
92.5200
93.7900
92.7000
93.4800
93.2300
93.0400
92.7500
92.3100
95.6700
95.3700
95.6200
95.2600
95.4400
95.5300
94.0500
94.0500
93.7500
94.0700
94.0400
94.1500
93.6200
93.4700
93.3000
93.1100
92.0000
92.3000
94.0000
94.0700
94.3000
95.7200
95.0700
96.2100
97.2800
96.4400
95.6800
95.9200
96.2800
96.5600
99.0500
98.7900
99.0000
98.9400
98.7200
99.1500
98.5800
97.6100
98.0100
96.7300
95.3100
95.8900
96.5700
96.0300
95.8700
98.0200
98.0000
98.3000
98.0700
97.8300
97.9800
97.4700
98.7700
98.7100
98.9600
99.6200
99.8800
99.7200
99.3800
99.8600
100.7100
100.4200
101.7000
101.1800
100.6100
100.6700
99.1000
98.0400
96.7800
99.1000
98.6900
99.1000
99.9900
99.9000
100.3100
98.1200
97.1900
95.6000
95.4600
96.4100
97.6800
98.5500
99.6100
98.4300
98.4800
99.4400
98.9500
102.4200
103.2000
104.5700
104.7500
103.8200
104.4300
103.6000
103.6600
103.8700
104.8200
107.4400
107.8300
107.8500
107.6800
106.6800
107.0400
105.6800
106.4500
105.6100
107.7100
106.5700
107.2200
106.6800
107.5000
105.7100
103.9700
102.6700
103.3000
98.4600
99.5900
98.2400
97.2600
97.4500
96.3500
97.4600
97.8500
97.9000
97.9400
97.7200
98.5700
98.4100
98.0400
98.6800
98.3500
98.4000
98.0100
98.4100
97.4100
97.3000
97.9500
97.7000
97.6900
97.9700
97.7800
98.1100
98.0700
99.4400
100.7600
100.8000
99.4700
99.7200
100.9500
101.9200
102.2300
103.1300
103.6600
103.7500
104.4200
104.7400
105.4800
104.9800
104.2700
104.6100
104.6500
104.9800
105.4100
105.5100
105.9900
105.6000
105.3700
102.3000
102.2100
101.9800
100.9800
101.2200
102.2300
102.6200
101.0000
99.7200
98.5900
98.7000
96.2500
96.9300
96.4400
96.1900
97.2600
96.0700
96.9000
97.7100
96.0500
94.8200
94.7300
94.7000
94.7000
95.3900
95.0400
95.7800
97.2800
97.2400
97.5400
98.5400
98.2100
97.8000
97.6200
98.7400
99.0100
98.1600
98.2100
97.4500
97.3900
97.4600
97.8100
98.1300
96.9800
96.4900
96.2200
96.7900
97.6300
97.9300
98.5600
98.1800
96.5700
96.7700
97.1400
95.9900
97.7400
101.8300
101.4500
100.9300
101.8500
103.1400
102.9500
102.7800
103.1300
102.6800
102.0000
101.6800
101.6200
101.5900