74.4500
73.1800
72.6900
73.0300
73.3500
74.2200
74.7400
74.6900
74.9100
75.2500
76.4800
77.9100
78.1500
77.5900
78.2900
79.2500
79.3700
79.0900
78.9900
78.4100
79.5000
79.3800
79.9100
80.5300
77.5100
76.8100
76.8500
76.4200
76.8600
76.7000
77.2600
77.6100
77.4000
77.1100
76.8300
76.4500
77.2800
77.1200
77.2200
76.2200
76.3800
76.6700
76.0100
75.4400
75.4500
76.6000
76.8200
76.7100
77.8000
77.6000
78.0900
78.1100
77.8500
77.0900
76.8300
76.8800
76.4000
77.6700
77.7600
77.5400
77.1000
77.6500
77.9100
78.1300
77.7600
77.6500
76.6900
76.0100
76.0500
76.2800
74.7900
75.0200
76.5900
76.2700
76.2000
76.4300
75.6500
76.0600
76.8900
77.3200
77.9700
78.4500
77.4900
77.5000
77.6500
76.6900
76.7200
76.7300
76.0200
76.6200
76.7600
76.4800
75.9900
75.9600
74.7900
74.1900
75.3900
74.7800
74.4100
74.7200
74.4200
74.2900
73.4400
73.1300
72.2000
72.1800
72.5900
72.7300
72.9000
73.2600
72.5300
72.8400
72.9900
73.1400
73.5900
73.4300
74.7500
74.6700
73.7300
73.9900
73.0400
72.7700
73.4800
73.1400
74.7500
75.3700
75.6900
75.3400
75.1400
74.9600
74.8100
75.0100
74.3500
74.4200
74.4900
75.2100
75.4200
75.9500
74.7900
74.0300
73.1700
73.7200
74.4900
75.9400
76.2100
75.7100
75.1800
74.4200
74.3500
74.7700
75.4700
75.5500
75.5000
75.8900
76.2100
76.0600
76.1700
75.8900
76.5500
76.5800
76.1600
75.9900
75.2700
75.9300
75.8100
75.6500
75.5200
75.8100
75.9800
76.5800
76.4900
77.2000
77.8800
77.6600
78.2500
78.0100
78.6200
79.1600
79.4100
79.4900
79.1900
79.2200
79.3200
79.1100
79.0000
78.3400
78.7400
78.5600
78.9500
79.2000
78.7700
79.2000
79.4500
79.4600
77.2300
76.4000
77.0300
76.6200
76.5100
77.2600
77.0800
76.8900
75.6500
75.9000
75.4000
75.2600
75.2900
75.3400
75.6800
76.2800
75.6700
76.5900
78.4700
75.5300
75.0800
75.2300
74.6300
74.8800
74.6300
75.4500
75.5900
75.7900
76.1800
76.8200
77.7300
77.7600
77.1500
77.6100
76.9700
76.6700
76.2400
76.9700
77.3900
77.1000
77.6300
77.4800
78.2200
78.6100
78.4700
77.7200
78.7300
78.8400
78.5300
79.1300
78.8600
78.5600
78.0200
78.2800
77.3400
78.1900
79.4500
80.3900
80.3500
80.6200
81.3400
81.5500
81.6800
81.7600
82.3000
82.7000
83.0000
82.8600
83.9400