99.0200
97.8300
98.9400
98.2600
98.8300
101.8000
96.6700
96.5700
96.2600
96.8600
99.6900
101.3200
102.4000
102.6000
103.6100
105.0900
106.6800
106.4600
107.5100
106.1000
111.9700
113.2300
116.4100
116.2200
116.7400
116.7000
116.8500
116.1000
117.1600
115.9900
115.9800
117.4100
117.0400
117.3300
116.3400
118.2600
118.8400
118.3300
117.9200
117.8900
118.8500
118.0900
117.4200
115.6000
117.9000
119.9300
120.4100
119.6700
123.5800
123.2700
125.5300
125.4600
124.9800
123.9600
124.6100
122.6600
122.7600
125.1600
125.4900
125.0400
123.2900
124.0300
126.5600
126.0700
125.0400
126.6900
124.8100
121.7700
121.9800
124.5400
122.2400
122.7000
125.2200
123.4800
122.3600
122.7000
119.6900
121.1600
123.9000
125.6300
125.8500
125.5100
125.9300
121.7400
119.4400
117.5700
116.1600
115.4400
114.7900
115.0000
114.4800
113.7900
112.9900
111.0900
108.3000
107.4600
109.0200
107.8800
107.3400
108.0000
106.7900
108.6600
106.7000
106.7900
102.0500
102.7300
104.3400
107.0100
108.1400
108.1000
105.4100
106.2400
104.7100
105.6400
109.1800
107.2100
109.2200
108.0600
104.2200
104.4300
103.0500
103.5300
105.3400
105.8700
110.9900
111.9100
113.9200
113.0700
111.5300
110.6400
109.6500
109.5900
108.9800
113.8800
112.4500
113.1800
113.3100
113.4000
110.3500
108.7900
107.3700
106.7900
108.3200
112.2100
115.3900
114.9500
113.1100
110.9800
113.5000
114.0300
117.1300
116.5100
116.1800
116.2300
115.7200
116.4100
117.9900
119.7700
119.9300
118.7200
117.8600
118.4100
118.0500
119.1000
117.9800
118.1600
118.0600
116.8700
117.4000
117.5900
117.0300
120.5700
121.3600
121.3500
121.8800
123.6800
126.3800
128.0000
126.5000
125.3300
126.2000
125.3500
125.1200
125.3600
124.3700
123.2800
124.8400
125.0700
125.8500
126.0200
126.4100
129.2700
129.3200
129.1300
128.5800
127.3200
128.2800
127.3000
128.7900
131.3500
133.3400
133.1900
130.5300
131.1100
128.1300
128.4100
126.3300
128.0000
127.8000
132.5400
131.9500
131.0500
132.1700
129.2800
128.1000
128.9000
129.4900
129.8600
127.4500
127.7100
128.1200
130.5800
130.7000
131.6100
133.1800
132.0500
131.6500
131.5300
132.6200
132.0200
132.0700
128.7200
127.5900
127.3100
127.6800
127.4100
127.3900
126.6200
126.8200
126.9900
128.8200
128.4700
128.8100
129.4100
128.3300
128.4100
126.6300
126.3000
124.6600
125.7000
129.9700
129.7900
131.4700
130.5300
132.1800
131.3700
134.0100
135.6600
135.5800
135.6000
135.5700
135.8800
133.3900