51.0200
51.5300
50.8200
51.2600
51.5800
51.9500
50.2100
48.2900
48.0200
47.7000
48.5600
48.7700
49.2800
47.7300
47.4400
48.1600
48.1000
49.3100
49.4200
49.1300
49.5800
50.6500
51.0000
52.0900
51.0300
49.9100
49.0400
47.6200
47.9000
48.0000
47.4200
48.5000
50.0600
51.2400
52.3600
52.4000
51.9600
50.5700
51.0000
50.2800
50.7600
49.0300
48.0600
47.1700
47.5500
48.7500
48.7900
47.5900
48.6000
47.9000
47.5900
48.9500
48.8700
47.8200
45.0400
43.2200
43.7100
43.1100
41.9500
40.8200
40.7900
41.9400
42.4600
41.7400
41.3300
41.0000
40.5800
40.2800
40.4800
41.7700
41.0500
40.8000
41.5300
41.3100
41.0200
40.4600
41.0700
43.0400
43.3800
43.2600
42.9100
44.1100
44.7600
44.4100
42.8400
41.1800
41.7800
41.3900
41.3500
41.6700
41.7200
41.5800
40.9600
40.7900
40.7800
40.4300
41.9900
41.4600
41.7200
41.2500
41.5400
43.3300
42.5700
41.7300
40.7400
40.8400
41.0800
40.6500
40.1200
39.2500
38.6200
39.2700
38.6900
39.5400
40.3800
39.6100
40.9800
40.8800
39.0500
39.1400
38.1300
38.2600
39.3900
39.9600
41.1000
40.9100
42.1100
40.7100
40.2800
40.0200
39.2500
39.4600
38.8500
39.3000
39.4800
40.9200
41.8400
41.7500
45.5900
46.2300
45.1400
45.0200
46.4800
47.3500
47.3500
46.3200
46.9900
46.1400
46.9800
47.1700
48.2100
47.5200
48.4300
48.6900
47.9900
47.3100
47.2000
47.3200
47.3200
47.8100
47.5500
47.7000
47.3500
47.5100
47.1900
46.9000
45.8100
45.0000
45.6000
44.6600
44.4600
45.2900
46.7400
46.6500
47.2800
48.0200
48.9600
50.0400
50.1000
48.9000
48.1100
47.4600
46.9100
46.8900
46.3200
45.3700
45.8200
45.2300
45.0500
45.0900
43.4800
43.9800
43.4900
44.0500
44.8700
44.1600
44.6500
44.7700
44.9500
45.5800
46.7200
47.1000
44.7500
44.0200
43.0500
42.7100
43.4200
43.4200
41.9700
42.5500
41.5900
42.0300
42.6700
41.3200
40.6800
40.7100
40.7100
40.2500
39.6400
39.8700
40.2300
41.6200
41.2100
41.3300
41.8300
41.5900
41.6200
42.3700
42.9500
43.1500
42.7200
42.2500
42.0000
41.9800
42.2600
42.4000
42.8900
42.9200
42.1800
41.0900
40.6400
41.9300
41.1200
41.2000
40.6600
40.3200
40.1400
40.0700
39.9300
40.8500
42.1300
42.5500
43.5300
43.0100
42.3600
42.4100
43.0300
43.0100
42.0100
42.1900
42.4700
42.7300
44.3000