38.2000
38.6000
38.7000
38.1600
38.1800
38.5600
37.9100
37.7700
37.5800
37.5600
39.0900
39.6300
40.2100
40.9700
41.1600
41.3400
40.3000
40.0000
39.7700
39.4900
39.5500
42.8200
43.5900
43.4800
43.9100
43.9800
43.8400
44.0000
43.7800
44.0200
43.3200
43.8600
44.1200
43.6900
43.3200
43.7000
43.6000
43.8400
44.2700
43.8500
44.4900
42.7100
44.1500
44.3900
44.9000
45.0000
45.4300
45.3100
45.8400
45.6100
45.5600
45.4200
45.5200
45.5200
45.5300
45.3600
45.6600
46.4000
46.8100
45.5900
43.4200
43.0200
43.8400
43.8600
43.9300
43.7500
43.0200
42.8000
44.3600
45.3500
45.5100
45.0000
45.3200
45.0400
45.3100
45.8700
45.7100
34.7100
35.3100
36.2900
37.3400
36.6400
36.4500
37.1500
37.2900
36.5300
37.2000
36.0700
36.2100
36.7300
36.2700
35.7400
36.2300
36.1500
34.9400
35.4300
35.1600
34.7900
36.3100
35.7500
37.3000
37.8600
37.0700
36.7500
36.5200
37.1200
37.7700
38.1800
37.7700
38.5700
37.8300
38.2300
37.5600
37.7400
37.9700
38.1200
39.1400
39.5200
38.6000
38.9800
38.6600
39.9500
39.9400
40.1200
40.7900
40.8800
40.6200
40.7000
40.6700
40.2400
40.3400
39.2100
39.1200
39.0300
38.6300
38.8000
38.9600
39.1600
39.1400
39.0500
38.9300
38.6800
39.6800
41.0100
40.8900
40.5100
40.5200
40.3100
41.5100
41.9400
41.6600
41.7200
41.3100
38.4400
38.0200
38.1100
38.1300
38.4300
38.4700
38.7500
38.7300
38.8400
30.7600
30.2800
30.6400
31.1000
30.4300
30.3700
30.4400
30.5700
30.5600
30.6000
30.6700
30.5100
30.4300
30.3900
30.4600
31.8300
31.7400
31.5600
31.4400
31.1900
30.9000
30.8700
29.5900
29.6500
29.4300
29.5800
30.1400
29.6500
29.8000
30.2900
30.7100
30.4300
30.0700
30.3800
30.3200
30.0700
30.8400
30.8900
30.6000
29.9400
29.2200
29.4300
28.6500
29.0000
29.2100
28.7800
29.1300
30.5200
30.2900
30.5300
31.1400
30.5700
29.6500
28.9300
28.9100
27.4800
26.8600
27.3900
27.1900
27.9000
27.5500
27.6100
28.4800
27.7200
27.3500
27.7900
28.1200
28.1600
28.0400
31.2700
30.0600
29.8900
28.1800
28.6000
28.2600
27.6500
27.7600
27.2200
27.7000
28.8900
28.5000
27.9600
28.5800
28.5500
28.0800
27.8700
27.7500
28.4600
28.2900
29.0800
29.3500
29.1300
28.5400
27.8400
27.9000
28.1700
28.7500
29.7800
29.7600
31.2200
30.8000