113.5000
113.7200
115.2600
115.5000
114.8700
114.8800
115.7100
116.3000
116.0300
116.9000
117.1500
116.7800
118.1400
116.3100
117.0300
118.3500
117.8500
118.5600
116.5800
117.9500
121.2600
121.2600
121.8800
122.0900
121.5600
119.6000
117.7800
118.1400
120.0000
119.7000
118.4900
119.1700
116.4500
115.6700
116.5100
116.7000
116.3900
116.4000
116.6800
116.4700
118.7100
118.8900
118.4200
117.0300
117.0000
120.4200
120.6100
120.5300
122.1800
120.7300
121.0500
120.0400
119.9700
119.2800
119.9400
120.7100
120.9600
125.8000
126.2300
125.6900
126.4800
126.0000
127.6300
128.8000
127.8200
128.6200
126.6100
125.0200
125.0300
125.5000
125.3400
125.7800
128.4200
126.5400
125.9500
127.2300
125.8500
127.7400
129.2900
130.8000
133.1600
134.0100
131.8300
135.1600
134.2600
130.9700
132.5100
132.9300
132.5100
134.3100
136.7100
136.8700
137.0400
136.8000
132.8800
131.5800
132.2600
132.3300
131.5000
131.6500
131.5600
131.5400
130.8400
130.7500
126.7300
130.7900
132.4300
134.1100
133.3400
133.5200
132.2600
134.1500
134.2200
138.6600
140.0100
141.9600
143.0900
142.8500
139.2000
141.7400
142.0300
141.9700
143.1600
140.1100
144.3800
145.6100
145.6300
144.1200
142.4600
143.1600
143.7500
142.0000
142.6300
144.6100
145.2200
145.9100
144.9600
143.7400
142.2100
139.2300
139.4800
143.4500
147.7500
149.4700
147.2800
145.8300
144.2800
143.8000
145.0600
145.4600
146.1800
145.0500
143.0900
145.5100
144.5400
145.5000
146.8700
146.8400
145.0900
144.6900
143.9700
144.9200
145.1500
147.0300
147.3900
146.4300
145.8900
145.9500
146.5900
147.0700
146.6700
152.1900
152.5000
151.6000
151.9500
152.2600
152.5000
154.2400
154.4100
155.8000
155.0400
156.0600
154.5700
154.4000
152.8300
151.6200
150.7100
149.2100
149.9400
149.9300
152.9400
152.5700
152.5300
151.2200
149.3800
147.2900
147.1000
147.2000
149.4100
153.2500
153.7800
149.5600
145.6500
145.3000
142.0600
142.0600
144.4300
142.9300
138.2100
139.0300
138.4100
139.6000
140.3000
138.3500
135.6100
138.0500
139.4800
138.0200
136.3000
137.9300
141.2400
143.5300
148.1500
147.3600
149.8700
149.1100
147.8800
149.4600
150.3000
149.0900
150.5500
151.8600
150.5500
151.7300
151.2900
153.1400
154.2200
152.3500
151.5600
151.2500
152.6500
153.4200
151.3100
151.2100
149.9100
149.0700
148.4300
147.7600
146.0500
146.3700
150.0000
147.8600
145.9300
146.4200
144.3900
144.0800
143.9100
143.7900
143.8800
143.0100
142.8200
143.7200
144.2800