20.5100
20.5800
20.7500
20.4500
20.8800
21.3000
21.5000
21.7600
21.4500
21.2700
20.3000
20.9100
21.2800
21.6400
21.2400
20.5700
20.0000
20.2300
20.0200
20.1300
20.5400
21.2900
21.9400
21.9500
21.6900
21.9200
21.7800
21.4200
21.3600
21.0100
21.2300
21.9800
22.0100
22.1600
21.8400
22.0300
21.6700
22.0200
22.3400
22.1100
22.4800
22.3000
22.1600
21.6400
21.8400
22.3400
22.4200
22.6200
23.2800
23.2000
24.2800
24.1400
24.5100
24.3600
24.0400
23.7000
23.9500
24.5900
23.8900
24.0000
23.7700
24.1300
24.4900
24.6700
24.1400
23.8200
23.3400
23.1100
23.4700
23.9400
23.1100
23.2900
23.8000
23.0800
22.7600
22.8500
22.6900
23.2400
23.6500
23.7000
23.8400
23.6500
23.9300
23.9100
23.4800
23.0700
23.1000
22.8700
22.1900
22.2300
22.0900
21.4000
21.1300
20.8100
20.4000
20.2400
20.3700
20.3900
20.5000
20.7300
20.6400
21.1400
20.3900
20.3600
19.6500
19.5100
19.6400
20.2700
20.5000
20.5000
20.1900
20.6800
20.5900
20.9000
21.0900
20.9400
21.4400
21.3400
20.8600
21.2000
20.7500
20.8500
21.1400
21.0400
21.9500
22.1800
22.3500
21.9700
21.7900
21.5800
21.3300
21.3100
21.0500
21.7700
21.7600
21.7200
21.6900
21.2900
20.7700
20.5300
20.4000
20.6000
20.9400
21.3900
21.4500
21.2800
21.1500
20.6700
21.7500
21.7200
22.3000
22.5700
22.2900
22.2500
22.2400
22.1500
22.1100
22.5100
22.7300
22.8000
22.8000
22.7300
22.4400
22.4300
22.2800
22.4100
22.5600
22.3000
22.5400
22.5500
22.5200
23.0300
22.9200
22.7000
22.7400
22.8900
23.4500
23.6200
23.7100
23.6600
23.4600
23.1500
23.3000
23.2000
22.6300
22.6400
22.8200
22.6200
22.9300
22.9600
22.8100
23.3300
23.4200
23.3800
23.3500
23.1600
23.3900
22.8400
23.0900
23.5600
24.8600
24.9800
24.6800
24.6500
24.4700
24.6200
24.7600
24.3700
24.7100
25.1000
24.5300
25.1100
25.2800
24.0000
24.0600
24.1100
24.0700
24.0100
23.5400
23.5700
23.6400
24.0100
24.0600
24.0400
24.4300
24.4200
24.0600
24.1900
24.2400
23.9400
24.0300
23.7600
23.7400
23.7400
24.2200
24.2900
24.4900
24.5300
24.7500
24.7200
25.4000
26.0200
25.8700
26.2000
25.8000
25.7400
25.6200
25.6500
25.4200
25.7000
26.8800
26.5800
27.2900
26.8900
26.5200
26.6100
26.8300
26.7800
26.7200
26.7800
26.0400
26.4400
26.5300