36.3200
36.2500
36.2700
37.1200
36.8300
36.8600
36.9100
37.8200
37.6400
37.1400
37.6900
38.1500
37.9100
37.7900
37.7500
37.7000
39.3600
39.4400
39.1800
39.2600
40.3200
39.7000
39.8000
40.0000
39.8000
39.8500
40.0400
39.8100
39.9600
39.8700
39.7300
40.3200
40.1100
40.2400
39.7000
39.8500
39.7800
39.9000
40.0700
40.0800
39.9800
39.8100
39.6900
39.2800
39.4600
39.8700
39.7200
39.6900
40.3800
40.3000
40.6300
41.3900
41.3900
41.2700
41.0800
40.8300
41.0900
41.5300
42.3500
42.4400
42.7500
42.8800
43.1000
43.5500
43.6200
43.5700
43.4300
42.4500
42.7300
42.8100
42.7700
42.7800
43.1500
43.0300
43.3000
43.5200
42.8700
42.9600
43.0000
41.6300
41.7800
41.7600
41.8300
41.4700
41.4500
40.7600
40.9200
40.9200
40.9100
41.2600
40.9600
40.4800
40.3400
39.9000
38.8900
38.6600
39.2700
39.0600
39.5300
39.8600
39.8800
40.3600
40.0000
39.9700
39.3300
39.5400
39.6900
40.5600
40.3400
41.1500
40.7600
41.1700
41.1000
41.5600
42.7500
42.4900
42.7100
42.4400
41.4800
41.6400
40.4100
40.0300
40.1600
40.5700
41.0500
40.5200
41.0500
40.8100
40.5800
40.4800
40.7800
40.3800
40.0500
41.2300
41.0000
41.3800
41.5100
42.3100
41.7700
41.3400
40.8300
40.5300
40.9600
41.8900
41.9000
41.5600
40.4400
39.6000
41.1000
41.2600
41.5400
41.4200
41.7300
42.0100
42.0200
42.0100
42.6500
43.1400
43.0600
42.9100
42.4300
42.7600
42.1700
42.1300
41.9500
41.8800
41.8800
41.8100
42.1700
41.7800
42.1800
42.6900
42.7800
42.6900
42.9500
43.0300
43.5400
43.2800
43.1500
43.1200
42.9700
42.6800
42.5100
42.6000
42.2200
42.3000
42.3500
42.3100
42.4700
42.1900
42.5600
42.7500
42.7900
42.6700
42.2600
41.5500
41.5100
41.3100
41.7700
42.3900
43.0300
42.9500
42.6600
42.6900
42.0000
41.9300
42.5000
42.8100
42.8300
43.4300
43.3800
43.2100
44.0300
43.9600
43.5300
43.8500
43.7000
43.3700
43.0000
43.2400
43.3400
44.6500
44.7500
44.6100
45.0700
44.7800
44.6300
44.7400
44.7400
44.6900
43.9400
43.7000
43.6100
44.1900
44.1500
44.5400
44.7500
44.4700
44.5500
44.2500
44.2000
44.2000
44.5700
45.4600
44.8000
45.0200
44.9100
44.6400
44.2900
44.7500
46.0500
46.4400
46.5000
46.0900
45.4100
45.6100
45.6100
45.4000
45.5900
45.7700
45.5100
46.3100
46.6500