33.1900
32.5000
32.7900
32.0100
31.6600
31.6500
31.8600
32.7200
32.5500
32.8800
33.1300
33.3900
34.0100
33.9400
34.6700
35.2500
35.5900
35.4800
35.5000
36.2600
35.8600
38.2500
38.0100
38.0100
38.1100
38.8200
39.5300
39.2500
38.9500
39.1000
39.0300
39.9100
39.2700
39.0000
39.0700
39.0100
39.1500
38.7600
38.3600
37.4400
37.9500
37.1000
36.8800
36.6700
36.9500
37.4300
37.8400
37.7100
38.6100
38.2300
38.2700
38.6000
38.7100
38.5000
38.7500
39.2700
39.1900
40.1800
39.9500
39.9500
40.2600
40.1600
40.7100
40.7800
39.9100
39.9600
39.1000
38.1500
38.3300
39.1900
39.1900
39.3100
40.2900
40.5000
40.6200
40.9700
41.6100
40.4700
40.8900
41.2300
41.0600
41.2600
41.4400
41.6500
41.4400
40.1300
40.0600
39.8600
39.7100
40.2800
40.4000
43.9200
44.5100
43.3000
42.3800
41.6600
42.9600
42.7300
43.3900
42.9700
43.6900
43.8600
43.0000
42.3200
41.8900
41.7100
42.2300
43.7100
43.7100
43.7000
42.4700
43.2500
43.4400
43.0000
43.7600
44.0100
43.8300
43.9600
42.3200
42.9000
41.7800
41.5200
41.7100
41.5300
42.6800
42.5800
42.2900
42.1800
40.6700
40.1800
39.6400
39.4500
39.0700
39.5300
39.3200
39.5100
40.6000
40.8300
40.4200
39.3000
38.7500
39.1300
39.9200
39.7600
39.5200
39.6000
37.5100
37.8100
39.1300
40.3400
40.7600
40.9300
41.0000
41.2500
41.0100
41.0500
41.4000
42.4000
42.6600
42.2400
42.2800
42.1700
42.0400
42.1400
41.5400
41.6800
41.7500
41.0900
41.4000
42.0000
42.1800
43.4900
43.3300
42.7000
42.7600
42.6700
42.9600
43.0900
42.9900
43.0900
42.9400
42.8300
42.7900
42.6800
41.8500
41.3300
41.6700
41.4900
42.8500
43.4800
43.3400
43.3900
43.3400
43.2800
42.4500
41.9600
42.4300
42.5500
41.4900
42.0200
41.1300
41.1000
40.3400
41.0200
41.5300
41.3800
41.4700
40.9800
40.7000
40.9800
41.0400
41.0600
41.5500
41.0800
39.9800
40.2400
40.1200
39.7400
39.2600
39.0100
38.7300
39.5900
39.5600
39.6800
40.1900
40.2600
40.6200
40.9500
40.8800
40.9600
40.5400
40.4200
40.2000
40.7300
40.8100
41.4200
41.5300
40.8000
39.8900
40.1800
41.0800
41.6700
41.9100
41.9400
40.7100
40.8700
40.3900
39.8800
39.5600
39.6200
41.0900
40.7600
40.9300
40.4200
40.9200
41.8200
42.2300
42.6800
42.6400
42.6500
42.6200
42.7600
43.8100