30.3000
30.2800
30.2600
30.3900
30.5000
30.4200
30.4200
30.4300
29.8900
29.7800
30.0800
30.4900
29.9900
30.0000
29.9900
31.7900
32.0400
31.5800
31.5500
31.2800
31.5200
31.4400
31.7100
31.4900
31.3600
31.4900
32.3100
31.5700
31.6300
31.3200
31.3600
31.7600
31.9700
31.7800
31.2300
31.2400
31.1000
31.4800
31.6300
31.3700
31.6100
31.4600
31.6100
31.4400
31.4800
31.7700
31.7700
31.5800
31.8600
31.8700
32.0600
31.7600
31.4500
31.4600
31.7500
31.5100
31.6200
32.0000
32.1400
32.2900
32.6600
32.2900
33.0100
32.5900
32.2000
32.0500
31.5200
30.9200
31.0900
31.4400
31.1800
31.3400
31.8300
31.7500
31.7700
32.1000
31.5800
31.6400
32.2200
32.5300
32.4400
32.3900
32.5000
32.4700
32.1900
31.2400
31.0500
31.6900
31.7700
31.7000
31.5300
31.0000
30.8700
30.5700
30.0800
29.9100
30.4000
30.4800
30.7200
30.6400
30.3900
30.7000
30.2100
30.3600
30.1100
29.8800
30.0800
30.7700
30.9900
31.7400
31.6000
31.9800
31.7800
32.1100
32.1600
32.0500
32.0400
32.0400
31.5000
31.6500
31.4900
31.3200
31.2300
31.1000
31.3400
31.2300
31.6000
31.4600
30.8000
30.6700
30.4000
30.3700
30.0500
30.1500
30.2900
30.3000
30.6300
31.3300
31.1300
31.0000
30.8300
30.5400
30.7500
30.9000
30.8000
30.7500
30.2000
30.0000
30.4500
30.2900
30.3600
30.1100
29.9600
30.2800
30.4200
30.5600
30.2000
30.5400
30.7800
30.7000
30.6100
30.7000
30.2300
30.4000
30.3300
30.0400
30.2700
30.2000
30.2600
30.1600
30.3000
30.7600
30.6700
30.4800
30.4600
30.4900
31.1900
31.3400
30.9700
31.1300
31.5100
31.8500
31.7700
31.8600
31.6000
31.4100
31.5500
31.4700
31.4900
31.4400
31.6300
31.7300
31.9700
31.7900
31.8100
31.4600
31.7300
31.6900
32.1700
32.8400
33.0500
32.8000
32.4200
32.5700
32.3100
32.5400
33.1800
33.0900
33.0500
33.4700
33.4600
33.5100
33.7900
33.5500
33.0200
33.0100
33.1100
32.6700
32.6100
32.3900
32.3600
33.2100
33.1600
33.3900
33.6600
33.7000
33.5000
33.6900
33.6100
33.6000
33.1100
32.9800
32.8200
33.2600
33.2800
33.3200
33.4500
33.1700
32.9200
32.6100
32.8800
33.1200
33.3200
33.6500
33.1500
33.4500
33.5800
33.4700
33.0100
33.4600
34.0000
33.9500
34.0600
34.0200
33.9300
34.4000
34.6400
34.6400
34.9400
35.1000
35.2300
35.5300
35.9000