35.0100
34.3400
34.1600
34.2200
33.9100
34.6200
34.1000
34.1200
33.8000
33.7200
33.7300
32.7100
32.6500
32.4700
32.2500
32.7000
32.4800
32.2900
32.2500
32.2400
32.4300
32.3100
32.2600
32.1300
32.1500
32.0800
31.9900
31.9000
31.9900
31.8500
31.8700
32.0400
33.1200
32.3200
32.2300
32.3500
32.6000
32.6500
32.4500
32.1700
32.6400
32.5900
32.9200
32.3300
32.4800
32.7800
32.9100
33.0500
33.4200
33.5500
33.2300
33.1800
33.1500
33.0800
33.1200
32.9000
32.9600
33.5900
33.6700
33.6700
33.5600
33.7500
33.8900
33.8700
33.7000
33.6800
33.0400
32.4700
32.5900
32.5500
32.5400
32.9300
33.3900
33.5700
33.9300
34.2300
33.9400
33.9700
34.2900
33.7600
33.3200
33.3700
33.5200
33.4900
33.5000
33.3700
33.4600
33.2100
32.8100
33.1900
33.1100
32.9100
32.9800
33.0200
32.7500
32.7200
32.7100
32.8300
32.5200
32.9900
33.0900
33.3400
33.4800
33.3400
33.3300
33.6600
33.9000
34.0400
34.2500
34.3700
34.1800
34.2500
34.2100
34.5500
34.2300
34.5800
34.8300
34.7400
34.7900
35.3600
34.1300
34.5200
35.0900
35.0800
35.9500
36.0500
34.9100
34.7700
34.6100
35.0200
34.7200
34.5900
34.9100
35.3700
35.4300
35.9800
36.0900
36.1500
35.4200
34.9700
34.7300
34.9500
35.8000
36.0500
35.6300
35.6000
35.6000
32.5500
32.6400
32.5900
32.5400
32.1000
31.7700
31.7300
31.5700
31.7300
31.8800
31.9200
31.5700
31.7000
31.6200
31.8100
32.1500
32.5700
32.8900
32.9600
32.9000
32.8700
33.0100
33.1400
33.0800
33.5000
33.3000
33.1400
33.5600
33.6000
33.7100
33.2400
33.0700
32.9000
32.9000
33.0800
33.6100
33.8700
33.9700
33.6600
33.8500
33.7500
33.9100
33.9500
33.5600
33.6900
33.6400
33.5600
33.2300
33.2600
32.9500
33.0900
33.9300
34.1300
34.3800
34.2900
33.8100
34.0400
33.2400
33.0500
33.7300
33.6200
33.2500
33.4800
33.1800
33.0900
33.2700
32.6200
32.1200
32.2300
31.9400
31.8700
31.4800
30.8100
31.7100
32.0300
32.1500
32.4100
32.6200
32.7300
32.6100
32.7300
32.8200
32.6300
32.6700
32.7000
32.7900
32.7200
32.5600
32.8100
33.0700
33.2100
32.7900
32.7300
32.8000
33.0200
32.5700
32.5700
32.5600
32.4600
32.3500
32.1400
31.9000
32.5900
32.7100
33.2400
33.3500
33.4000
33.4900
33.6800
34.0900
34.1300
34.2200
34.3000
34.3300
34.2700
34.4600