29.4600
29.1300
29.4500
30.1400
30.8800
31.2300
31.0600
32.6600
31.8300
32.2200
33.3500
34.9900
35.0000
34.4700
35.2200
35.7900
35.2900
35.0600
34.4500
34.3500
37.1300
37.0100
37.6800
37.1400
37.1700
37.6600
37.8100
37.0000
36.8200
36.8500
37.0900
38.1500
37.6600
37.9700
37.8300
37.0000
36.7500
36.4700
37.3700
37.1500
37.1500
36.1800
34.7800
34.1600
35.1600
35.8500
36.3800
35.9400
37.3900
36.8500
37.7500
37.8100
38.7800
38.3900
38.6200
38.0900
38.4700
38.9300
38.9500
38.2800
38.5600
39.3000
38.8900
38.2100
37.5400
37.4000
36.8300
35.9300
36.5400
37.4100
36.7100
36.5500
37.2300
36.8600
35.7300
34.7700
34.7700
34.4200
36.5100
36.4700
36.4700
36.6000
36.7100
36.8900
35.9900
34.6300
34.3500
33.9500
33.6400
33.3700
33.7900
33.0500
33.1400
32.1800
31.3000
31.3200
32.2800
32.0500
32.2900
31.1500
31.6800
32.8900
32.1900
32.3500
31.7400
32.0200
32.7000
34.2200
33.8700
34.0600
33.2000
34.1300
33.8000
33.8900
34.2800
34.6600
34.9800
35.2700
33.6000
34.3800
32.3000
32.3100
32.8900
32.4800
33.7600
33.5400
33.8500
33.6900
32.5700
31.6400
31.5300
31.1900
30.8600
31.0200
30.8100
29.6000
30.6500
32.4500
31.6200
30.9800
30.7700
32.9800
33.0800
33.7200
33.7900
33.8800
33.8500
33.4500
34.0100
33.9000
34.2300
33.9000
34.3300
35.3500
35.1100
34.4100
34.7100
36.0200
35.8300
35.7200
35.3900
35.1700
35.2100
35.3500
35.4200
35.3900
35.6600
34.9900
35.5300
35.3400
34.9300
36.1200
36.1100
35.5900
35.5900
36.0800
36.1700
36.2300
36.0900
36.9200
36.5700
36.1100
36.2400
35.6400
34.5700
34.1000
35.1800
34.5700
34.1100
34.0600
33.9800
34.2200
34.2800
34.0100
33.1800
32.9200
32.8700
32.9000
33.1200
34.2500
34.5900
34.5700
33.3300
33.4200
33.3600
32.2700
31.6200
31.7600
31.5400
32.0400
31.4500
31.5800
31.3900
30.9500
30.6200
30.6100
30.9100
30.4400
30.6700
30.2900
30.4700
31.2500
31.1400
31.1900
31.5800
32.1700
32.0900
32.1600
32.4400
32.3800
32.1700
32.4500
32.3400
33.3600
34.2300
33.9900
34.4200
34.3400
33.2700
32.0600
32.5000
33.4700
33.1600
33.4700
33.1800
33.1100
32.8600
32.7000
32.4800
33.2100
34.5100
34.6300
34.4400
34.4100
34.0200
34.5200
34.8300
34.8200
34.6200
34.1900
35.0000
35.1400
34.8100