5.3600
5.3100
5.3400
5.3000
5.3500
5.5300
5.5400
5.5600
5.5200
5.5300
5.7200
5.8700
5.9800
5.9700
5.9700
6.1300
5.9600
5.9300
5.9900
5.9600
6.0900
5.8400
6.0300
6.0200
5.9500
5.9500
5.9500
5.9300
5.9400
5.9200
5.8900
5.9700
6.0900
5.9800
5.9200
5.9000
6.2500
6.2800
6.3600
6.2200
6.0800
6.0000
5.8400
5.7000
5.7300
5.9300
5.9500
5.8500
5.9600
5.8800
6.0000
6.1200
6.0400
6.0300
6.0300
6.0000
5.9700
6.0800
6.1800
6.0400
6.0000
5.9800
5.9700
5.9700
5.8900
5.9000
5.8400
5.7400
5.7400
5.8200
5.6200
5.5100
5.5800
5.5400
5.8500
5.9400
5.8600
6.0500
6.1500
6.1800
6.2700
6.2600
6.2600
6.2500
6.2200
6.1900
6.3100
6.2200
6.1700
6.2800
6.3100
6.2300
6.1400
6.0900
6.1000
5.9600
5.9900
5.9400
5.9100
5.9100
5.8700
5.9000
5.7700
5.7400
5.6100
5.5900
5.5700
5.6600
5.6600
5.7100
5.6800
5.8700
5.7100
5.8000
5.9500
5.7800
5.7900
5.7200
5.6200
5.7000
5.5200
5.5200
5.6400
5.5500
5.6700
5.8000
5.8000
5.7200
5.6500
5.6200
5.5100
5.6200
5.5700
5.5900
5.5700
5.6300
5.5600
5.5800
5.3800
5.2600
5.2000
5.3300
4.9700
5.2200
5.1600
5.1700
5.2100
5.1200
5.3100
5.2600
5.3300
5.3800
5.5000
5.5400
5.5100
5.4600
5.5300
5.5100
5.5900
5.6100
5.6300
5.5200
5.4000
5.5000
5.4300
5.4800
5.5500
5.4300
5.4000
5.4100
5.5200
5.5500
5.6300
5.6000
5.5800
5.6400
5.7800
5.8200
5.7800
5.7500
5.7600
5.7900
5.7900
5.6400
5.6300
5.6100
5.6600
5.7400
5.6900
5.6600
5.6900
5.8100
5.7600
5.7500
5.6000
5.5700
5.5800
5.5700
5.6300
5.6600
5.6200
5.4000
5.2200
5.2300
5.1000
5.0700
5.1200
5.1700
5.1400
5.2400
5.2000
5.3400
5.3500
5.1600
5.0800
5.1500
5.2100
5.1900
5.1200
5.1100
5.1400
5.2100
5.2300
5.5000
5.5900
5.6600
5.6300
5.6900
5.6300
5.5400
5.5200
5.5500
5.5700
5.5900
5.6000
5.7100
5.7400
5.6700
5.6300
5.6700
5.7400
5.7900
5.7400
5.8100
5.8200
5.7800
5.7000
5.7000
5.5800
5.7300
5.8900
5.9500
5.9200
5.9800
6.1200
6.2800
6.3000
6.3600
6.3200
6.5100
6.4500
6.6100
6.7000