36.2700
36.6700
36.3100
35.9900
35.6200
36.0500
37.0300
37.1600
35.6800
35.3000
36.3800
37.7400
37.8500
37.5100
36.8600
37.3300
35.8900
36.1400
35.4500
34.0900
35.3100
37.3800
37.9900
38.9000
37.4100
36.8200
37.0400
35.7700
35.9600
34.6700
35.7600
36.2900
36.1400
36.2900
35.8000
35.7600
36.3300
35.5200
35.4000
34.8800
35.1700
32.8900
31.4700
30.7400
31.1800
30.8500
31.2000
30.4100
30.7100
30.0900
31.7100
33.2500
33.4400
31.6400
31.4600
30.5500
30.1900
30.4000
29.8500
28.8300
29.6200
28.9600
29.4100
28.7400
28.4300
28.2700
27.7100
27.3900
27.3000
29.3400
28.3800
27.9400
28.6900
28.4600
30.4600
29.8000
29.6500
29.9500
30.4200
30.5900
30.2000
31.1100
31.5900
30.5500
30.2100
29.1400
29.4800
29.0500
29.2900
28.9600
28.4800
28.0000
26.1000
25.2400
24.9600
23.7700
24.6200
23.6500
24.5000
23.8600
23.8800
25.2200
23.9400
23.3600
22.9400
23.8000
23.6600
24.0800
24.3100
24.2700
23.1200
23.3200
23.0100
23.1800
23.8300
23.2900
24.1700
24.4200
22.8300
22.5800
21.4600
21.1200
22.2700
23.2700
24.5200
24.8600
26.2100
26.1300
24.8600
23.3100
22.4400
22.2400
22.3100
22.5100
22.5000
22.3500
22.7900
22.8000
22.6600
23.1600
20.5500
19.0500
19.6900
20.8000
21.0500
20.8800
20.8000
20.3200
21.2900
21.5400
21.8400
21.6500
23.0100
23.2300
22.9600
22.2800
21.8500
22.3700
22.3000
22.9400
23.7900
23.8800
22.9300
23.3700
22.8000
22.3600
22.2600
21.8000
21.6300
20.9000
21.2000
21.4000
23.7100
23.7000
24.3400
24.0500
24.8400
25.6100
25.5000
25.0600
24.8000
24.4200
24.0300
22.9400
21.9800
22.3000
22.6300
22.2900
22.6300
22.2200
21.8100
22.7300
22.3800
22.6400
23.9300
24.0300
26.1800
25.7100
25.5600
25.9100
26.8500
27.4400
25.8900
28.9500
28.3500
27.4800
28.0300
28.2200
27.9000
29.2800
28.1500
28.5200
29.0400
26.2400
26.1100
26.1700
26.4900
26.2200
25.3800
25.0700
25.0000
25.3900
25.0500
24.9000
25.1500
24.6100
24.2900
24.7500
25.0300
25.1100
24.8000
24.9400
26.0600
26.3500
26.8800
27.3000
27.1000
27.5500
27.6200
27.6800
26.6300
27.3700
27.0700
26.7400
26.3500
26.0000
26.3900
25.9800
25.3600
26.6100
25.8400
26.6400
27.2400
27.3200
26.7800
26.2600
26.6000
25.1700
24.6000
24.7300
25.0100
25.3700
25.9700