101.3200
99.3300
99.5000
99.2200
98.6400
99.5800
99.8900
98.2100
97.4900
98.7000
99.1800
99.7600
99.8600
100.7200
101.9500
103.7500
103.6800
104.2400
102.5500
104.0500
106.1400
106.2100
107.5700
107.2500
106.3000
106.0000
104.7400
103.7800
104.4700
103.1300
102.7800
104.8000
104.8400
103.3400
101.7600
103.1300
102.6200
102.4200
101.8100
101.5500
102.4700
102.4600
103.0200
102.5500
103.0600
101.9100
102.3100
103.7700
105.7100
105.0800
104.7400
105.9400
105.1700
105.0800
104.3500
103.3800
104.0100
104.4800
104.1400
104.3300
103.8600
104.9900
105.2100
104.8500
103.6100
102.7600
101.3900
99.0300
100.4500
102.0100
100.3000
101.9000
103.6400
103.0800
103.3400
105.0200
104.4600
106.1600
106.7800
107.4600
107.8000
108.2500
109.7500
109.4100
107.9000
107.9500
108.4300
108.3400
107.8200
108.2000
108.3100
107.5200
106.5000
104.8900
101.7100
100.8700
103.5000
103.2800
103.6000
104.0500
103.8500
105.3300
102.6700
102.9300
101.3100
100.2700
101.5900
104.1300
103.8500
105.2000
101.8900
102.0600
101.5000
103.2100
104.0300
104.9400
105.3100
105.5400
103.6400
103.3100
104.0900
104.1000
103.8500
104.8600
108.3700
109.5700
110.2500
109.3700
110.1800
109.6300
108.4500
108.9500
108.9000
110.5900
110.5000
111.9500
111.0200
110.3500
109.9300
109.0700
108.5400
108.7200
110.1100
110.7900
110.4200
110.9000
111.2000
111.8100
113.0000
113.1700
112.5300
110.7900
110.5200
110.7000
111.0000
110.5600
111.3400
111.9900
111.7600
111.3400
111.3500
111.6200
111.5800
111.8400
111.4300
111.8500
111.8500
111.4000
112.1300
112.7600
112.3800
112.9500
114.3700
113.2100
112.6800
112.7600
114.8300
116.0700
115.8700
114.9500
113.6600
112.5400
113.5400
112.5700
110.8200
110.4000
111.3900
110.6100
109.4400
109.7800
110.4900
109.8800
110.1500
110.0200
109.5800
109.5000
109.4500
108.9800
109.8700
110.2800
110.1300
111.4600
109.5300
109.2900
107.6900
107.7100
107.3500
106.5300
106.3000
107.1600
107.2200
106.3900
107.0500
106.0800
103.6900
103.1000
102.4800
101.6100
100.0600
100.0300
100.8500
101.8800
102.2500
101.6700
103.0600
102.6100
101.6400
101.4500
102.1900
102.6300
102.5900
102.5300
102.5600
104.2300
105.4000
104.9900
104.8800
104.2700
103.7500
103.9800
104.8400
105.4000
105.2000
106.6700
105.7000
105.9900
105.6200
105.6700
104.9400
105.8100
106.6500
106.7800
107.4700
108.2600
107.3300
107.5600
107.4000
107.0000
107.3600
108.7000
107.5900
107.1200
107.8300