28.3300
28.1700
28.5100
28.5500
29.0800
30.0000
31.2700
31.6000
30.7400
28.2200
29.0300
29.3300
29.6400
29.8500
29.9000
29.9600
30.3800
30.8700
30.2300
30.7200
31.6000
31.9900
33.5400
33.3000
33.0700
34.2300
33.6600
32.9300
32.8800
32.0800
31.7200
32.7100
32.9200
33.3600
32.3600
32.7100
32.3500
32.9300
33.4800
33.3200
34.1300
34.1000
33.6800
32.1200
33.2400
34.0000
34.2000
34.2900
36.4500
35.2100
36.2700
36.6900
37.1700
38.0800
37.8000
36.9000
37.1300
37.4300
36.7800
37.0600
36.5100
36.5500
36.8700
36.3700
35.0400
34.7900
33.9700
32.8600
33.5900
34.6300
33.4100
34.0000
35.0800
35.0800
34.8500
33.8900
33.2500
33.4200
33.6800
33.8800
33.5000
33.0400
33.6000
32.7000
32.4800
31.6000
31.6700
31.3200
30.4500
30.6500
29.3500
28.1400
27.7900
26.9200
26.4100
26.0100
26.2500
26.9200
27.1500
26.6600
26.4700
27.0200
26.0000
26.5100
25.3900
24.8200
25.7500
27.1400
26.9100
27.7700
26.4800
27.6200
27.6700
27.9100
28.3100
27.5500
28.5000
28.8600
27.8300
27.9900
26.7500
26.7300
27.1000
26.3900
27.4100
27.4600
27.6500
26.8400
26.3600
26.1100
25.8800
25.8700
25.2800
26.6500
26.8100
27.3800
27.1000
26.5900
25.8700
25.3400
25.2400
25.7900
26.2800
27.3000
27.1400
27.1300
26.7800
26.1800
27.4000
28.5600
28.8900
28.8600
28.8600
28.9000
28.7800
28.7700
28.7400
28.8200
29.0300
29.9800
30.7300
30.4900
29.5900
29.8300
29.6900
29.3400
29.9100
29.6500
29.7100
29.7000
29.7700
31.1200
32.0700
31.8300
32.6600
33.0500
34.4500
34.7900
34.0600
33.9400
34.1800
33.8100
33.6700
33.4900
32.8600
32.5100
32.9700
32.7200
32.7500
33.2600
34.0600
34.9600
34.7700
34.7800
34.6000
35.1400
35.5200
34.7500
36.6600
37.2500
38.4300
38.4200
37.1600
37.7200
36.8900
37.3000
37.4100
36.6000
37.3900
37.9500
37.6000
37.3200
38.4700
36.0500
36.0000
35.9300
36.4200
36.1600
35.0200
35.2100
34.9800
36.1000
36.0000
35.7700
36.0300
35.5700
35.0400
35.0700
35.2100
34.5700
34.2200
34.2900
36.4600
37.0200
37.6400
37.1900
37.0000
37.5300
37.2900
37.6000
39.1500
39.4600
39.4500
40.1700
39.4900
39.3800
39.5500
39.2500
39.0100
39.5600
41.2500
41.3900
42.4300
42.4700
42.4600
42.0400
42.8300
42.3400
42.2200
42.5700
42.4800
41.2400
41.6600