20.3000
20.1600
20.3100
20.5700
20.7000
20.9400
20.9400
21.8200
21.5100
21.6100
22.0500
22.2800
22.6500
22.4400
22.8200
25.0300
25.2100
25.4200
25.5500
25.7800
26.1700
26.3000
26.5400
26.4200
26.6600
26.6300
27.1300
26.7200
26.7700
27.0300
26.9000
27.2400
26.9800
27.0100
26.9300
26.9200
26.9300
27.0400
27.2800
27.0300
27.1500
27.0500
26.8600
26.4800
26.6900
26.7600
27.0000
27.2500
27.7000
27.5000
27.5700
27.2300
27.4800
27.1800
26.9400
27.1000
27.3500
27.8800
27.8800
27.9100
27.6700
27.5600
27.7800
27.5400
27.1600
27.2600
26.7900
26.4800
26.4500
26.6900
26.7500
26.6400
27.0100
26.8200
26.5300
26.5600
26.4500
26.3100
26.4800
26.6800
26.5400
26.4200
26.5500
26.7900
26.7700
26.2900
26.1400
26.3900
26.3500
26.4100
26.1200
26.0900
26.1600
25.7400
25.6500
24.9700
25.1900
25.2400
25.2400
25.1600
25.1200
25.4000
25.0300
24.8700
24.3900
24.5200
24.9100
25.6400
25.5300
25.4700
25.0400
25.4400
25.4300
25.8200
26.3100
26.4500
26.5600
26.5900
26.0100
26.1300
25.9300
26.1300
26.3800
25.9200
27.0900
26.9800
27.1800
27.0000
26.3700
26.2000
25.9100
25.7700
25.5000
25.8800
25.6500
25.9000
26.4500
26.5100
26.0500
25.6600
25.4300
25.6700
26.3100
24.4300
24.2500
24.0700
24.3300
24.1300
24.7900
25.0800
25.4800
25.5100
25.6800
25.5600
25.2900
25.3900
25.4500
25.7800
25.9400
26.1200
25.9300
25.9200
25.7900
25.8000
25.7500
25.8900
25.9400
25.6300
26.0300
26.1300
26.1300
26.7400
26.8300
26.8500
27.2300
27.2000
27.2800
27.3100
27.0200
27.0600
26.8600
26.7900
26.7700
26.5000
26.0600
25.7100
25.9100
25.7700
25.4500
25.4200
25.3300
25.5000
25.4500
25.2900
25.1900
24.8900
24.9200
24.8600
24.9700
25.3800
25.0800
24.9100
24.5100
24.5000
24.6400
24.3900
24.9000
22.7300
22.5100
23.1600
22.9700
23.0400
22.9900
22.3900
22.0600
22.2100
22.0900
22.2000
22.0000
21.9800
21.8100
21.9900
21.9000
21.8800
22.1000
22.1300
22.0100
22.2500
22.1200
22.1600
21.7700
22.3000
21.9700
22.0500
22.0300
22.1000
22.0900
21.8500
21.9100
21.8600
22.0100
22.4000
22.4400
22.6400
22.1900
22.3400
22.1100
21.9300
21.7900
21.9800
22.7400
22.6500
23.0500
22.8200
22.8300
23.0600
23.1100
23.3400
23.5600
23.6200
24.0900
24.2200
24.5700