26.2900
26.5100
26.4900
26.4200
26.5200
26.9700
26.8800
26.9900
26.8500
26.9000
27.1200
27.1800
27.0600
27.0000
27.0100
27.1700
27.0400
26.7100
26.6200
26.6700
26.7700
26.9100
26.8000
26.7800
26.6100
26.5600
26.7000
26.6500
26.7400
26.7600
26.9700
26.7300
26.4800
26.3900
26.1100
26.8200
26.8400
26.6100
26.4100
26.2500
26.1800
26.1400
26.3600
26.0200
26.1000
26.2200
26.1700
26.2600
26.3700
26.3000
26.5800
26.4300
26.3600
26.3100
26.3600
26.2100
26.0500
26.0800
26.2000
26.2800
26.2700
26.2600
26.5500
26.7500
26.5800
26.4400
26.0500
25.8500
25.8000
25.9400
25.7700
25.8700
26.1200
26.0400
26.0700
26.2500
25.7700
25.8700
25.8700
25.9000
25.9200
25.8200
25.8600
25.7900
25.7700
25.7500
25.7000
25.6000
25.5400
25.6600
25.7400
25.6100
25.5700
25.7000
25.3800
25.1100
25.1500
25.2500
25.3500
25.2600
25.2500
25.2600
25.1300
25.1500
24.5900
24.3600
24.6000
24.9600
24.8800
25.1400
24.8700
25.0000
24.8200
24.8500
24.9700
24.9500
25.0400
24.6000
25.2600
25.3500
25.2100
25.2300
25.3100
25.5300
25.9300
25.8100
25.8600
25.7700
25.7200
25.4700
25.4500
25.4000
25.1700
25.2800
24.7400
24.7100
24.7700
24.5800
24.1300
24.0100
23.8100
23.8500
24.0900
24.3000
24.7600
24.6900
24.3900
24.3100
24.5700
24.5400
24.7000
24.6800
24.7600
24.8300
24.7500
24.5600
24.6500
24.6600
24.7300
24.7700
24.8600
24.8500
24.6900
24.8500
25.0300
25.2200
25.2400
24.9900
25.1100
25.6500
25.4300
25.8600
25.5800
25.6500
25.6900
25.5600
25.9600
25.5900
25.6000
25.6400
25.6500
27.2400
27.5100
27.5300
27.3900
27.5300
27.5800
27.5900
27.7700
27.7900
27.7200
27.8300
27.7900
27.8600
27.8000
27.8800
27.8500
27.9400
28.4100
28.4000
28.5200
28.7600
28.2600
28.2800
28.1200
27.8900
28.3200
28.2100
27.8400
28.1000
28.0700
28.0800
28.3700
27.9600
27.6900
27.7700
27.8400
27.8200
27.6800
27.7000
27.7400
27.8600
27.9600
28.1300
28.4100
28.2900
29.6300
29.6500
29.6000
29.8600
29.8200
29.5500
29.6900
29.6500
29.7500
29.7400
29.7100
30.2800
30.1700
30.1500
30.3200
30.2100
29.9600
30.1600
29.8000
29.7800
29.4600
29.3900
29.2000
29.5000
30.0900
30.0200
30.2400
30.1700
30.1500
30.4000
30.6200
30.8000
31.0300
31.0700
31.1700
31.5100
31.7000