41.4800
41.2000
40.9000
41.5600
41.2400
41.4000
41.5800
41.8600
41.2500
41.7500
42.2900
42.7100
42.6400
42.0000
41.8500
42.0800
42.1200
42.3400
42.6000
43.0300
43.0800
42.2200
42.0500
41.8000
42.4100
42.5100
42.1300
41.8800
42.3700
42.0600
41.5000
41.8000
41.5200
41.3000
41.0800
41.5400
42.0500
41.8300
42.1000
41.5500
41.5900
41.0400
41.4100
41.4000
41.0500
41.7500
42.2200
41.8100
41.8300
41.5700
41.7000
41.5900
41.2300
40.8200
41.4100
41.5300
42.1800
43.2800
43.3100
42.9200
43.1000
43.1100
42.7600
42.2200
42.3800
41.7700
41.6300
40.9900
41.2600
41.3000
40.5300
40.5800
41.7000
41.1700
41.1700
41.5500
41.4000
41.2400
41.6100
41.9100
42.3100
42.2700
42.4500
42.4200
43.3300
42.7000
42.8600
43.0200
42.2300
42.2400
42.4900
42.7600
42.2300
42.1200
41.5100
40.9600
41.3500
41.2500
41.0000
41.4700
41.6700
41.7000
41.1600
41.3800
40.5300
40.5400
41.0400
41.4800
41.7200
41.9000
41.4800
41.7900
41.5400
41.8200
42.4700
42.5700
42.6100
42.1900
41.5400
41.6800
40.6700
40.6700
40.3300
40.9600
42.0000
42.4000
42.8900
42.5700
41.7700
42.5800
42.6800
42.3400
42.0100
42.5100
42.2900
42.7400
43.0600
43.5000
43.1000
42.4800
42.1600
42.1300
42.0700
42.3400
43.3100
43.0900
42.5300
40.8900
39.2400
39.1200
39.6600
39.7500
40.2000
40.2700
39.9800
39.7700
39.8100
39.8700
39.7000
40.0600
39.8600
39.6200
39.5500
39.7200
39.7900
39.5900
40.0300
39.5700
39.5500
39.6900
38.9800
39.1900
38.3100
38.2500
38.1100
37.7500
37.7900
38.3700
38.2300
38.6000
38.2800
38.5500
38.6100
38.9000
39.0500
39.1800
39.6300
38.9700
39.5000
39.6400
39.8400
40.6500
40.5200
40.8500
41.0600
40.8000
40.9100
40.8900
41.6100
42.0500
41.6300
41.7400
41.2600
41.5700
40.7400
40.6800
40.8900
40.4300
41.1300
41.3000
41.1000
40.4800
40.5000
40.7100
40.0600
40.0000
39.9000
39.8100
39.2900
39.3600
39.3700
39.6300
39.3100
39.6300
39.9900
39.7000
39.5400
39.8800
40.3000
40.4500
40.5000
40.4000
40.3900
40.4400
40.9000
41.3000
42.0000
41.8800
41.9100
42.3200
42.3200
42.6500
42.0100
42.3100
42.0300
41.7700
41.6600
41.3500
40.7200
41.1800
41.6900
41.7900
42.4500
42.4300
42.4300
42.6400
42.9900
43.0600
43.1900
43.4900
43.7300
44.1600
44.6400