50.6200
50.4000
49.8900
49.8700
50.5400
52.2600
51.4100
51.9100
51.2300
51.7600
53.5800
54.2500
53.3500
53.2900
53.0700
54.2000
52.9500
53.4500
53.2500
53.2000
54.1600
53.2200
55.8300
57.2600
57.3000
57.2600
56.7300
56.5000
57.2300
57.3100
55.6100
56.1500
56.0900
56.4800
56.9000
57.2400
56.8500
56.1600
55.8100
55.7100
56.3600
55.4400
54.5500
53.6000
53.5100
53.8600
54.2600
52.9500
53.7900
52.8200
52.5200
52.9400
53.5000
52.6700
51.3100
50.3500
51.7800
52.8600
51.3400
51.0600
52.2800
52.8300
53.0500
53.5600
52.5200
52.6800
51.1500
50.0200
50.8900
52.2000
50.8100
49.4900
50.1100
49.9400
49.7600
49.0000
48.2500
49.0100
49.2500
51.4500
51.2800
51.2500
52.3200
51.9500
50.9000
48.7300
48.3000
47.4600
47.4100
48.5300
48.5600
47.0400
46.0800
45.5400
44.9500
44.7100
46.5900
46.8500
47.7200
47.7300
47.9400
48.5300
46.4500
45.6900
44.5400
44.4400
45.4000
46.6700
46.3300
45.9700
45.0200
45.9400
44.7900
44.9000
44.7500
43.8800
44.9800
44.6000
41.2000
41.1100
38.9100
39.7600
41.0900
41.2800
42.7100
42.7900
44.5500
43.5000
42.8200
43.5200
42.1100
42.4500
42.3100
43.6200
44.0000
44.5500
45.0400
45.2700
45.6600
45.4100
44.3500
44.8400
49.9100
51.8200
51.5800
50.2700
50.2000
49.6700
52.0900
51.9400
52.0900
51.8900
51.9500
52.2900
51.8700
51.6100
51.8700
53.1700
53.9200
53.6500
54.2500
54.3200
53.9600
53.7100
54.2700
54.6200
54.2000
53.2300
54.7100
54.8200
54.2800
54.7800
56.0200
55.9100
57.2000
58.3900
58.5700
58.9900
58.1500
58.0100
57.6500
57.1600
57.7300
56.7600
56.4300
55.2300
56.5400
56.0700
55.9000
56.0000
54.2300
54.5000
54.9300
55.1600
54.5900
53.5700
54.0900
53.2200
53.8100
54.7000
55.6800
56.0500
55.2100
54.6200
53.3200
51.3500
51.0800
51.2400
50.6400
50.8500
49.7100
51.8500
52.7200
51.8500
50.6700
50.9700
51.2400
51.1100
50.8100
52.6300
52.2700
53.3700
53.1000
53.1200
54.4700
53.6800
52.9900
53.8300
53.9200
53.9500
53.8700
54.4900
54.7600
54.3900
55.0900
55.0200
55.2600
55.0000
53.8300
53.2100
54.3600
56.8200
56.6000
56.5400
56.2800
55.6300
55.0200
54.8100
54.1800
56.4600
58.1700
57.8300
58.5200
58.7300
57.2400
56.8500
58.2400
57.5500
57.4400
59.1000
59.5700
58.6300
58.9000