93.9800
94.8500
95.5200
95.7600
97.1000
99.9600
99.6400
101.9400
102.4800
103.3700
104.2600
105.7500
105.6400
106.3700
106.2900
109.0500
111.3100
111.2800
110.4100
109.1200
110.5200
110.3300
113.9400
113.7800
113.8100
114.0400
112.8300
111.7500
113.7000
114.4500
112.5300
113.9600
113.9500
115.0000
115.8100
116.2000
116.0000
115.6300
115.7600
114.2100
113.3900
112.4900
110.0900
105.9300
108.2800
110.2800
110.2200
108.9400
113.3000
112.2700
113.4500
113.5800
113.7300
110.7600
109.0000
106.4300
107.8300
108.7500
108.0600
104.2600
106.0200
106.5200
107.2500
106.2100
106.2600
105.8700
103.5700
100.4300
101.7500
106.4400
105.8900
106.7400
108.4100
109.2100
107.3600
107.7300
106.9000
108.4000
103.4400
104.3900
104.5600
102.7700
102.1100
102.6300
100.6700
98.4400
97.1900
96.4900
95.9900
95.4400
95.5000
93.6000
92.6800
91.8600
87.8000
88.6800
91.9800
91.4900
92.4700
91.4200
89.9400
92.5200
90.1800
87.6200
85.5200
83.2600
83.6500
86.6600
87.1400
87.6000
85.1900
87.0500
85.2900
85.8900
86.9300
86.7400
88.8400
87.1700
84.9800
84.9600
82.8900
82.7300
82.2500
82.6300
84.9100
83.6800
86.4600
86.7900
84.6100
83.1400
80.2700
79.7400
79.6400
82.0700
81.1500
81.9100
82.5200
82.6300
80.9500
81.5800
81.4300
82.6000
83.3000
86.1600
85.6900
84.2100
82.6500
83.1200
85.0200
86.3500
87.2200
87.2200
88.4000
88.9400
88.6100
87.8700
87.6100
88.5900
90.0100
90.4400
90.2900
88.7200
87.6300
87.4700
86.6300
86.0100
86.0900
84.4700
85.3300
82.6600
82.7500
84.7900
88.1000
87.1000
88.6000
89.1200
90.6800
93.1700
91.9900
93.0700
93.9400
92.5400
91.7200
90.8700
87.0100
86.9500
86.9200
86.0400
85.4700
85.4700
85.2800
85.9600
85.4300
85.4400
84.7500
83.1600
82.8500
82.8200
82.8100
84.9600
86.6300
86.6200
83.8600
85.0800
83.5800
82.7300
83.5300
84.2500
84.8100
87.6500
85.7900
86.7700
88.0800
85.0200
83.6600
84.9500
85.1800
83.2600
81.1000
81.3000
81.9300
83.6200
83.3300
83.0500
84.1600
84.6500
84.0100
84.9400
86.2500
85.2400
84.4900
84.1600
86.0500
85.9500
86.9900
87.2300
87.3300
87.9500
88.3600
89.0000
89.6400
90.7700
90.7900
89.5000
87.9000
87.4800
87.6700
87.6600
86.8100
89.6100
93.5000
94.4000
94.9200
95.2100
94.0000
94.4400
95.0800
95.1900
94.6300
95.6700
95.1900
95.7000
97.6200