70.1300
68.9000
69.7400
69.2800
69.6000
69.3100
69.2500
69.1000
69.0900
69.8000
70.2400
70.3000
70.9700
71.0100
70.0600
70.4200
70.3500
67.4200
66.9000
67.4100
67.6800
67.8100
68.5800
67.8100
68.9400
68.7900
68.8900
68.8000
69.1500
69.3200
68.7500
68.8000
69.0900
68.9300
67.9500
68.6300
68.6000
69.1500
68.4500
67.9600
67.6300
67.3700
67.9000
67.1400
67.2500
67.3500
67.2300
67.7700
69.1700
68.6500
68.6500
68.3900
69.1700
69.2900
69.0400
67.8800
67.7600
68.6000
68.7600
68.9000
68.8700
69.1100
69.8000
70.0800
70.1900
70.1600
69.5000
68.8200
69.6100
70.5100
69.6600
71.0000
71.2000
70.6700
72.1900
71.9200
71.5000
71.9900
72.7900
73.5700
73.2400
73.0700
73.3200
73.5700
73.7300
73.3900
74.2800
73.5600
72.8900
73.6800
73.4200
73.2600
73.1400
72.9800
71.3600
70.8000
71.2400
71.3400
71.6600
72.1000
71.7500
72.3000
71.1200
72.0700
69.9900
69.6400
70.0900
71.4100
71.0300
71.5400
70.6900
71.0500
70.4100
71.3300
71.5200
71.3200
72.0800
72.0400
70.9000
71.3300
70.0900
70.0700
70.7200
71.5100
72.8200
73.0600
73.5500
73.3700
72.2300
72.0200
71.6400
70.8200
70.6100
71.8100
71.1100
71.8400
72.2500
71.6500
70.5900
69.7900
68.8300
69.0300
69.5500
72.3200
72.8900
72.6900
72.6000
72.7500
72.8800
72.5100
72.4600
72.7800
72.3400
72.4500
72.1300
72.1500
72.1800
72.5700
73.4200
73.6800
73.6200
73.5100
73.1100
73.6600
73.7500
73.6100
73.5000
73.5000
73.8900
74.0500
73.8900
75.0900
74.9100
74.7600
75.2200
75.8000
76.7600
76.0800
75.9900
76.2300
75.8200
75.7200
75.4300
76.1300
76.0000
75.5200
76.1500
76.2800
77.2900
77.2800
77.3400
77.8400
78.1800
77.9100
77.3100
77.5900
77.7200
76.9900
77.5900
78.2300
78.8700
81.1900
80.3000
80.6000
80.0600
79.8200
79.3900
77.9600
76.9800
75.8700
74.4800
74.5400
75.6100
74.5500
74.4600
74.7500
74.1700
74.5300
73.8300
74.3700
75.4100
76.1400
76.6600
76.6000
77.2300
76.7200
76.2800
76.5800
76.7000
76.9900
76.4800
76.2000
78.1800
77.4400
77.5400
77.2000
76.8100
77.4400
76.9400
76.1200
76.7700
77.1700
75.4900
76.0500
75.4100
75.0300
74.9300
74.7400
74.4000
75.3200
76.9000
77.2100
78.0600
77.2100
76.0900
76.7400
77.5800
77.7800
77.9700
78.1500
78.7400
78.9300
79.0300