16.0300
16.0500
16.2200
15.9600
15.9200
16.5700
17.5500
17.4300
17.0200
16.8600
17.0500
17.6100
17.8600
18.0000
17.8800
18.1500
19.0100
19.0700
18.2600
19.3000
19.0000
18.9300
19.6100
19.6000
19.2600
18.1000
18.3300
17.8700
18.1100
18.3000
18.6600
19.0800
19.0700
18.7800
18.4500
18.5700
18.5100
18.5000
18.1500
18.3300
18.7100
18.6700
18.6400
17.9300
17.7000
18.4900
19.1900
19.1800
20.5800
20.4600
20.6800
20.8300
20.8600
20.7700
20.7500
20.4000
20.4800
20.5700
20.4200
19.9900
19.7900
19.9600
20.1700
19.5000
19.0300
18.6000
18.2000
17.7200
18.2700
18.8600
18.2100
18.3600
18.8400
18.3400
18.4600
18.3700
18.2300
18.3900
18.6700
19.0700
19.1300
18.8100
19.3600
19.1800
18.6100
17.9300
17.6700
17.5500
17.3300
17.2400
17.2700
17.0100
16.6800
16.1900
15.7600
15.8400
16.4200
16.4500
16.6500
16.3900
16.3800
17.0100
16.2500
16.4500
15.5900
15.2700
15.5000
16.1100
16.1400
16.2400
15.7300
16.0900
15.8300
15.8800
16.4100
16.3900
16.8100
16.8400
16.0200
15.8700
15.3700
15.4000
15.5800
15.7500
16.3600
16.1600
16.3700
16.0800
15.8500
15.7000
15.4000
15.5500
15.4100
15.7800
15.6700
16.0100
15.9900
16.3200
16.1400
15.7800
15.3100
15.1000
15.3700
16.3300
16.2400
15.5800
16.6700
16.5600
17.0800
17.7300
18.0700
17.8000
17.8000
17.7700
17.6000
17.5200
17.5600
17.9000
18.0400
18.0600
18.1400
17.8900
17.6500
17.5800
17.4400
17.4100
17.4100
17.2000
17.3100
17.2200
17.0100
17.4800
17.7000
17.2800
17.6500
18.3500
19.6000
20.3600
19.8000
19.2900
19.5000
19.4000
19.3600
19.2500
18.5400
18.5500
18.6200
18.4100
18.6500
18.9800
19.2700
19.2200
19.6100
19.4400
18.9300
18.4500
19.0500
18.8200
18.9100
18.9500
19.3100
19.5800
19.1100
19.4200
18.8800
18.4900
18.2400
18.2500
18.0200
17.6300
17.5500
17.7200
18.1400
17.5300
17.4700
17.5000
17.4700
17.6500
17.3500
17.3400
17.5000
17.7900
17.6400
17.6900
17.8700
18.1600
17.9100
18.2500
18.6300
18.9300
18.7600
18.5700
18.7500
18.7300
18.9900
19.3400
19.5600
19.6900
19.1000
19.2000
19.7800
20.4100
19.9600
20.0000
19.6400
19.6000
19.6600
19.5900
19.3900
19.9000
20.3600
20.1600
20.7200
20.8000
20.7800
20.5700
20.5500
20.5100
20.6500
20.8400
20.5600
20.6300
20.5500