27.2700
27.9000
27.9700
27.7900
27.8500
28.6100
28.1500
28.0800
27.7500
28.0900
28.2900
28.8300
28.0400
28.8400
28.6400
28.7600
28.7200
28.8400
28.6800
28.4800
28.9100
29.1000
29.4800
29.6300
29.9000
29.7300
29.7700
29.9000
30.2100
29.7900
29.5700
29.3000
29.5900
29.5400
29.4300
29.4400
29.7500
29.8300
29.9900
29.9000
30.3500
30.2900
29.8700
29.0800
29.7900
30.5400
30.8100
30.5600
31.3300
31.4300
31.5200
31.5900
31.8200
31.7000
31.5600
31.4300
31.8400
32.4200
32.5000
32.2300
32.8300
33.9100
33.7400
33.8800
32.9900
33.3300
32.5400
31.3000
31.6400
32.1800
32.5100
32.3100
32.8200
32.9200
33.2800
33.3100
32.6700
32.5500
33.2600
34.1300
34.3300
33.3800
33.4200
34.1900
34.0600
33.2200
32.9700
32.9000
32.9400
33.0300
32.8000
31.7700
31.9700
31.7800
30.0200
30.5600
31.5000
31.1700
31.4500
31.6300
31.5600
32.3600
31.5400
31.9200
30.3300
30.6200
31.4700
31.9300
31.7400
32.2400
31.5800
32.4600
31.4100
31.7300
31.6200
31.6300
31.9500
32.0200
31.7400
31.4500
31.0900
31.5600
31.9800
31.7600
32.7800
33.0000
32.8200
32.5800
32.5600
32.1900
31.5800
30.9200
30.6100
31.2900
31.5000
31.9700
31.5600
31.7600
31.4900
30.8700
30.9000
31.1100
32.6300
33.5700
33.5500
33.4600
33.0700
33.0400
35.0600
35.5000
35.6500
35.6500
35.5700
35.6900
35.7200
36.0000
36.0700
36.0400
35.9600
36.0800
36.2400
36.1000
35.9600
36.5500
36.4600
36.3500
36.1800
36.0000
36.3400
35.9400
35.5600
36.7100
37.0200
36.9000
36.8400
36.1600
36.9500
37.1500
37.1300
36.5700
37.0600
36.7000
37.9000
37.2400
36.3400
35.5700
35.9600
36.3300
35.5200
34.9900
34.8500
36.0000
36.4900
36.2000
34.8600
34.6100
33.8300
33.7700
34.0300
34.0700
34.4200
34.0600
33.7400
33.9300
33.2800
33.0700
33.2800
32.8700
32.4000
33.4500
33.2100
34.0100
34.4300
34.0000
34.3600
34.8800
34.5300
34.3700
33.3400
33.3800
33.6000
34.4900
34.7800
34.8100
35.8500
35.5300
34.7700
35.3100
35.5000
35.9800
35.6200
35.8400
35.4700
35.6500
35.9400
35.8800
35.8400
36.1100
35.4600
34.8300
35.7300
36.4000
36.4300
37.5200
37.2800
37.4700
37.3300
37.2800
36.8500
38.0500
39.3000
39.0600
38.6500
38.2400
37.5200
37.9500
38.5400
38.5700
38.2100
38.1000
37.9400
40.9500
40.4200