25.8700
26.0500
26.0800
25.4600
25.7300
25.7200
25.8500
25.7700
25.5900
25.8800
26.0000
26.7400
26.5900
26.6000
26.5900
27.3300
26.8800
26.9900
26.6700
26.7900
26.9400
27.1800
27.4900
27.1000
27.2400
27.4500
27.8600
27.4300
28.1600
28.1000
28.3400
28.6700
29.0000
28.6100
28.8500
28.6100
28.7100
28.2600
28.2500
28.9000
28.5800
28.3300
28.0900
27.2400
27.5400
27.1500
27.5100
27.5400
27.8400
27.5200
27.7900
27.8100
27.9500
28.3200
28.2300
28.2500
28.3000
28.4300
28.3600
28.0600
28.1500
28.6000
28.9200
29.1100
28.4800
28.6300
28.0300
27.3800
27.4300
27.5500
27.7800
27.9800
28.5200
28.4500
28.6000
28.9600
28.5300
28.7700
29.1300
29.7600
29.7400
30.1200
29.8900
29.6200
29.4700
29.1800
29.0700
29.1800
29.0700
29.7700
29.3800
28.8300
28.3600
28.7400
27.8500
27.1700
27.5900
27.4000
27.2200
27.4800
27.5700
27.9000
27.5100
27.3600
26.3500
26.2500
26.3200
26.8000
26.6700
26.9400
26.4300
26.6500
26.2900
26.2600
26.8500
26.8700
27.6000
27.3500
26.9600
26.9500
26.5300
26.4900
26.5900
26.6100
28.0400
28.3200
28.7600
28.3500
28.1400
28.1500
27.9500
27.2800
27.0500
27.3200
27.2500
26.9600
27.1900
27.4400
26.8400
27.5300
27.5900
28.0300
29.0900
29.7000
29.6700
29.3200
29.1300
28.5100
29.3400
29.5100
29.7400
29.7500
29.5500
29.4300
29.1700
29.2100
29.2200
29.4000
29.6700
29.6000
29.7700
29.6700
29.2700
29.5800
29.8600
29.9700
29.9500
29.4000
29.5300
29.8200
29.6900
30.6500
30.7200
30.4600
30.5500
30.7000
31.0600
31.1700
30.9500
31.0700
31.3800
31.4100
31.3200
31.2000
30.7900
30.4500
31.2000
31.2700
31.6100
31.7600
31.7000
31.8100
31.9600
32.1000
31.8400
31.5300
31.6900
31.4900
31.9100
32.0600
32.1400
32.2400
31.2000
31.3700
31.1800
30.8400
31.0000
30.9700
31.4400
31.7300
31.2900
30.7900
31.1200
30.4100
30.0700
30.3300
30.5100
30.1000
29.7200
29.7400
29.6400
30.1000
30.1500
30.3500
30.5600
30.5300
30.5200
31.0000
31.2700
31.1800
31.2300
31.3800
31.7100
31.6600
32.0000
31.8900
32.0400
31.4800
31.1300
30.9700
31.0900
32.0100
31.7500
31.9700
31.6700
31.8400
31.5900
31.6000
31.2900
31.7300
32.7100
32.4400
32.8700
32.8700
32.8700
32.9500
33.1600
33.4900
33.6400
33.8100
33.8500
34.1700
34.2800