32.9600
33.2200
33.2700
32.9100
33.0800
33.4800
34.3600
35.1400
34.2800
29.6000
30.5500
31.9100
31.5600
31.5100
31.7800
31.1500
30.4800
30.4800
30.1300
30.2000
30.9100
31.1600
32.0000
31.9700
31.7900
32.0000
31.9700
31.0500
30.5300
30.4400
30.2600
30.5900
30.9700
30.7400
30.1000
30.1600
29.9700
29.9600
30.0100
30.2900
30.5000
30.5700
30.3200
29.4800
30.4300
30.9500
30.5700
30.8800
32.0400
31.9300
32.3900
32.3200
32.8300
32.4800
32.0700
31.8600
31.9100
32.6000
32.4600
32.4200
32.0400
32.0800
31.6900
31.6700
30.7100
30.6800
31.0200
30.4900
31.2500
31.4400
31.2200
31.4400
31.9300
32.0300
32.6000
31.6800
31.4700
31.9600
32.0900
32.5800
32.8400
32.4900
33.0100
33.0600
32.5400
32.2600
31.9900
31.8400
31.3400
31.3700
31.4600
31.6300
31.9200
31.7600
31.5800
30.8600
31.7400
32.0300
31.8500
32.1600
31.9500
32.2600
31.9200
32.0900
31.0800
31.0200
31.0800
31.8200
32.1500
33.0300
32.7200
33.8200
33.5800
34.5600
34.7600
34.7200
35.1100
35.3400
34.5800
33.6600
33.5000
33.7300
33.7500
33.7400
34.2700
34.4200
34.2900
33.9900
33.6800
33.3000
32.9400
32.8100
32.1000
32.4400
32.4600
32.7900
32.9400
33.4000
32.9100
32.2800
31.8800
32.4200
32.7200
33.8000
33.7500
33.2800
33.6100
33.0300
34.0300
34.1800
34.4300
34.1000
34.0100
34.0500
33.9900
33.9900
33.6800
34.0000
34.1400
34.2500
34.6000
34.0900
33.3100
33.2700
33.9600
34.9800
35.1800
35.0300
34.6800
34.7900
34.7200
35.9300
37.0500
36.5200
36.8900
36.8500
37.8200
37.9600
37.6400
37.5900
37.7100
37.6000
37.3900
37.0000
37.0800
36.7600
36.5000
36.4300
36.0200
36.1500
36.5700
36.8700
37.1300
37.1500
36.8800
36.6300
36.8700
36.7600
37.2800
37.8000
38.5600
38.8100
38.1900
38.4500
37.7400
37.7700
38.6600
37.8500
37.8700
38.8500
38.7500
38.6600
38.9700
38.6500
38.2700
39.1600
38.4600
38.4100
37.8300
37.3900
37.2500
38.2400
38.1800
38.3000
39.0800
38.4800
38.1200
38.6600
38.6000
38.6600
38.3800
37.7800
37.2100
37.5600
37.9100
37.8700
37.8500
37.8700
37.7100
37.7200
38.6000
39.3200
39.0600
36.9900
37.0200
37.0800
36.6000
36.7000
36.0300
36.7700
37.5000
37.0300
37.0600
36.9400
37.0000
37.1000
37.1400
37.0300
37.3700
37.6500
37.8200
38.1900
38.5800