68.6600
67.9200
68.5100
67.2200
68.2300
70.2600
72.0700
73.2000
72.6300
73.1100
72.7400
72.2100
73.8400
73.4300
74.0200
73.7900
72.6600
73.3700
72.7200
72.6900
73.9200
74.1600
73.2100
73.5300
73.4100
72.8600
72.0000
71.7400
73.1600
74.1400
74.6000
75.5000
74.6600
74.0300
74.6400
74.9100
74.8900
74.0800
73.7600
73.3200
73.9200
73.7300
73.0700
72.2800
72.5600
74.2400
75.1800
74.4100
76.1400
76.0100
76.1300
75.6000
75.5300
75.5300
75.5900
76.1700
76.8300
78.5000
78.0400
77.9300
77.5200
77.5200
78.2000
80.2900
79.2200
79.6500
79.2500
79.2000
78.5200
78.5800
78.3200
78.1600
79.1700
78.8800
78.5900
79.1000
77.4300
77.3500
77.9100
72.9200
73.3800
72.9300
72.5800
71.9700
71.4000
69.8100
70.1400
70.7700
70.4200
70.6500
70.7900
71.1100
71.2000
70.7200
69.0700
68.1000
69.4200
69.6500
69.0800
69.9100
68.9000
68.7500
68.9000
68.2500
65.3300
64.8900
64.4500
65.3100
65.0900
65.0400
63.7000
63.0700
63.5900
65.9100
66.1600
65.9300
67.6200
67.1600
59.4500
61.6300
61.2300
63.2500
63.4900
62.0500
64.1600
64.8800
65.7600
65.3100
64.7700
64.9500
64.0800
63.3200
62.9500
65.2700
66.1500
66.8200
67.3400
67.9800
66.4200
65.7800
64.0000
65.2800
67.4900
70.6000
69.4000
68.4600
68.1500
68.2100
69.3000
71.0700
71.4400
71.7700
71.2500
71.9400
71.8500
71.1200
70.9100
70.2400
69.1100
70.8100
71.3300
71.6000
71.4700
72.0400
71.6900
72.0200
71.6300
70.8300
72.0400
72.0700
70.9600
74.4900
75.4400
73.5800
73.6200
73.9900
75.0900
76.2700
76.8100
76.9200
76.9900
77.0800
77.2700
76.9100
76.1400
76.0800
76.7400
76.4000
76.7800
78.4200
78.9900
79.5800
80.2900
80.2900
79.9100
77.3600
77.7200
78.4200
77.9700
78.2000
78.8100
78.4800
75.1600
75.0000
74.0500
74.0600
74.3200
75.2000
73.3500
74.8100
73.0400
73.3000
74.0600
72.5600
71.3000
71.5000
75.6600
74.4000
74.7500
73.5400
74.3300
75.1800
77.1200
77.8600
78.5100
78.7900
78.1400
78.8900
79.3900
78.5900
78.6600
79.4400
79.4000
79.0800
78.6800
80.5000
82.0800
81.1900
79.8400
79.3600
80.4400
80.0300
79.7000
80.0200
79.7000
79.2700
78.7100
78.5800
77.7300
78.4700
81.1000
81.6700
82.0900
85.7300
91.4100
92.3400
95.4800
96.3000
97.6700
99.3900
98.8600
98.1900
100.0300