153.8100
157.9900
159.6600
157.9900
159.8000
166.2100
167.1600
166.2900
172.5500
172.6800
167.7900
171.1800
175.4900
173.4800
172.3600
181.0600
174.0500
179.5900
177.0600
177.3800
183.8100
182.3000
186.7500
187.4200
188.5000
189.5100
185.7300
180.1500
182.3100
177.9000
179.1800
175.8900
178.8400
184.3000
186.0400
187.3200
183.8800
189.1300
191.5600
186.0000
189.2300
188.2500
177.9800
168.9700
175.8400
183.0000
178.7300
180.0000
180.2700
181.5000
181.1500
184.2100
183.1700
183.9900
186.0400
182.4400
188.7600
188.0300
187.5300
183.1200
179.5000
182.6500
187.7900
188.2800
187.1000
186.6400
182.7400
179.0400
181.8500
188.8900
186.2500
182.7800
186.7500
186.2700
185.8000
186.6700
182.3100
181.4000
192.2400
192.9900
197.9700
193.0600
195.2100
200.1300
197.4800
183.9100
183.9100
182.9000
175.1900
172.1700
172.1800
165.7800
163.5600
160.5300
154.2500
157.0100
166.1500
161.4800
167.3200
168.0800
166.5600
173.2000
172.5800
170.9600
162.0900
159.7500
166.8400
168.9200
166.3500
170.5200
166.4200
168.7400
164.1400
163.8100
165.1100
170.9100
180.8600
179.4600
175.0800
177.6900
183.6600
188.9300
190.3900
190.0400
193.7400
193.4400
199.3500
199.7600
196.1700
195.6500
190.9700
194.6900
193.4900
195.2000
198.6500
203.6400
206.2200
203.6500
202.7700
197.9400
193.9700
195.5900
194.6200
200.2900
197.5000
195.7600
194.6200
194.3900
202.0200
203.4600
206.0700
207.4300
212.8600
207.9500
208.7200
208.1100
211.5200
216.0900
216.6300
215.5800
211.4000
213.8000
206.7300
207.5900
205.9400
206.8000
207.5000
203.5600
207.0100
204.7500
208.2600
212.8800
214.9700
212.1500
211.2900
214.5900
220.4500
223.6900
220.4100
219.8100
222.8200
219.9300
218.7000
216.7800
214.1400
215.9000
220.1200
222.2400
224.5100
222.0200
219.9800
223.6000
221.9200
218.1700
218.1700
213.6500
214.7800
210.5100
209.7700
213.2600
215.9600
211.6000
206.6800
209.8200
205.5500
205.0000
203.6100
204.8200
205.1900
210.8800
199.0300
205.4800
206.3300
201.9900
195.7500
196.0400
197.2000
197.2700
195.2400
194.8000
195.5800
203.6500
205.8200
207.2500
210.1200
208.3800
208.2900
208.5400
213.3000
214.0300
209.2800
212.5200
211.7400
211.7100
212.3100
213.6900
217.2200
209.6900
202.5100
205.9900
205.2600
205.4800
205.6600
204.2800
199.8000
201.2100
202.1700
201.4100
199.6400
203.1600
207.2400
206.2600
210.8800
210.0900
207.0100
214.2500
217.4700
218.1700
218.6900
217.0100
217.8500
217.4000
219.0600