23.6000
23.8600
23.6200
23.9800
23.5600
23.2800
22.5800
22.1700
21.4100
20.8100
21.4500
20.6800
20.9600
22.2800
22.4900
23.3800
21.9000
22.0500
21.6900
21.1300
20.9700
22.1200
22.3100
22.6500
22.1800
22.1100
22.3400
22.1300
22.6600
22.7100
23.0200
23.7700
24.7100
24.6200
24.0300
24.9800
25.4500
25.1100
25.0500
25.0000
24.9300
24.3300
24.2300
23.5600
24.0800
24.5800
24.5500
24.2100
24.7000
24.2400
24.4400
25.0600
25.4600
25.5800
25.1900
24.4300
24.6600
24.2100
24.2400
23.2500
23.2100
23.1700
23.3100
22.7200
22.2300
22.1500
21.4700
20.6900
20.0800
20.6600
19.9500
19.1900
19.1200
18.0600
18.0000
17.4400
18.0000
17.7700
18.1300
17.5600
17.7200
18.4400
19.6000
16.7400
17.1900
17.3900
17.1300
16.9300
17.4800
17.1800
14.8100
15.5200
14.6500
14.0400
13.5500
14.3600
14.9100
14.9200
15.0900
15.5800
15.8100
16.3500
16.4400
16.9000
15.5800
16.5200
17.0000
18.2100
17.8500
18.3600
17.6100
17.4700
16.9300
17.3300
18.1000
17.6700
18.7100
19.0400
18.1200
18.6100
17.0300
17.0500
17.9300
17.7800
18.6000
18.7300
19.3600
19.6400
20.0400
19.9800
18.6900
19.0800
18.6600
19.1100
19.1800
19.2400
19.2000
18.2800
17.2000
17.4400
16.8200
17.2800
18.1500
18.4600
18.7000
18.8200
18.6700
17.9300
17.8900
17.7000
19.3700
19.9000
20.3100
19.6800
19.0600
19.2100
19.0100
19.0300
19.1400
19.4000
19.7300
19.9100
19.3000
19.3900
19.3000
19.3700
19.5200
19.0400
19.3500
19.1900
19.5400
19.7000
20.3400
19.5700
20.1000
19.8900
19.9000
20.5200
20.1700
19.9700
19.6800
19.5000
19.3600
19.3800
19.0900
18.8000
19.1000
18.8700
19.2900
19.5400
19.0000
19.4700
19.2300
19.4200
19.5900
19.4400
20.1400
20.1800
20.0300
20.3800
21.0900
21.5800
20.8100
20.7900
20.4200
20.0800
20.2200
20.1000
20.2600
20.0700
18.4900
18.2700
18.5400
17.5600
17.2000
17.0400
17.2300
17.3900
16.8500
16.3900
16.6200
17.4700
17.6000
17.5900
17.8300
17.2400
17.4100
17.4500
17.5300
17.0300
16.9000
16.8700
16.9700
17.1000
17.2500
16.9900
17.0900
16.9600
16.6800
16.5600
16.7400
17.2500
17.2000
17.5800
17.3200
17.0200
17.1500
16.8600
16.5600
16.6200
16.6000
16.7700
17.4500
17.6200
16.8800
17.0800
16.7300
16.8700
16.9400
17.3700
17.3100
17.5500
17.8200