69.8400
68.7200
67.8100
67.9800
67.5800
67.3700
66.5200
66.3400
66.7300
66.4700
67.2900
68.8700
67.6600
68.0500
67.6300
68.1100
69.4700
68.5200
67.9300
68.8400
64.0100
64.0000
64.4200
64.0400
64.0900
63.6000
63.6500
63.5000
64.7500
65.4800
63.5900
66.2000
66.1100
66.1200
66.2400
67.5000
67.2100
66.9300
66.9400
66.1700
66.8500
66.2200
65.7200
64.9000
65.0600
65.7600
66.3500
65.9400
66.4000
65.3500
65.3500
65.6700
65.6200
64.5000
65.0000
64.5000
64.4200
65.1900
65.3500
65.1100
64.7600
65.4900
65.9100
65.7100
65.5200
65.1200
64.0000
63.3400
64.0000
64.5300
64.1300
64.8100
66.1100
66.8600
66.1400
66.5200
65.5300
65.8300
60.9100
59.2300
59.0200
59.7400
60.8000
62.3000
61.4200
60.6200
60.8600
61.3200
60.6700
60.5200
60.8100
60.4500
60.7700
60.6200
59.6400
58.8800
59.7800
59.8500
60.3200
59.8200
59.6900
60.7700
59.0800
58.2600
56.8900
56.6900
56.6200
58.0400
57.5700
57.9200
57.4500
57.9200
57.2900
58.0200
58.5600
59.0100
59.8100
59.3100
57.8300
57.3700
56.3400
56.2600
56.8400
56.6600
58.5300
60.8500
61.8600
61.4400
60.5100
60.2400
59.9100
59.6000
58.9500
60.3000
58.9200
57.9500
59.2400
59.5300
56.9600
56.5800
56.2500
52.2300
52.2400
53.3500
53.2500
52.8500
52.8500
53.1400
53.6000
53.6300
53.7400
53.9000
53.8000
54.2300
54.6100
55.2200
55.9000
56.6700
57.0400
57.4400
57.4100
57.2600
56.8100
57.1600
56.5300
56.1000
57.0000
56.2400
56.6100
56.6300
56.3700
57.0600
57.4500
57.3400
57.4700
57.4600
57.2400
57.2700
56.7400
56.5200
57.4000
57.5500
57.6200
58.5700
59.0400
59.0600
59.2700
58.5800
59.1000
58.6000
59.8700
59.9000
60.3100
59.9900
59.3700
59.0000
58.9000
59.9400
60.3600
60.9000
61.6900
61.4000
60.7200
59.8500
60.9800
57.5500
59.1000
59.4100
60.3100
61.5700
61.4800
62.0300
62.9200
62.2200
61.5000
61.4800
61.3800
61.3900
59.8700
59.5300
59.1600
59.8100
60.0700
60.2200
60.9800
61.4800
60.8300
61.7300
61.9700
61.7400
61.0000
61.0200
61.9100
60.6400
60.6000
61.9400
62.2600
61.9100
61.6400
61.5200
62.1900
63.5500
63.6300
63.7600
63.6000
63.3200
62.9900
62.8000
62.1500
63.2200
63.1600
62.3400
63.0400
63.1500
63.2100
64.2100
64.3800
64.5400
64.8000
65.3500
64.7300
64.8800
65.5100