43.2300
43.2100
43.2100
43.6100
43.7800
45.6700
45.7600
45.3800
45.6100
46.6700
46.9400
46.2800
46.1400
45.8800
45.3900
45.7700
44.1000
45.1800
44.5000
44.8300
45.6800
44.1300
43.5500
42.9200
43.2400
43.3500
43.5400
43.5400
43.1800
43.9900
44.1300
44.7000
44.9300
45.3700
45.1400
44.8300
45.0900
44.6400
44.3400
44.1100
44.5400
44.2000
44.4500
43.2800
43.5800
44.1200
45.1800
44.7800
46.0400
46.7000
46.8100
46.8200
47.1200
46.4800
46.1200
45.5600
45.8400
46.9700
47.1600
47.0700
48.9700
49.2500
49.4300
48.9400
48.8000
48.9900
47.9100
47.3900
47.5800
48.4200
48.3100
47.6800
48.2200
48.2100
48.0100
48.0200
48.0800
48.1000
48.2100
47.5600
46.8700
46.2300
46.6100
46.5500
46.0700
45.2600
45.5900
45.7400
44.9900
44.9100
45.1100
44.7400
44.1300
43.9700
43.4300
42.9100
43.8900
43.5500
43.2400
44.0900
44.5000
45.2800
44.2000
43.9100
42.5800
42.6500
43.3700
44.2100
44.0900
44.8700
44.4100
44.8800
44.6800
45.1200
45.2900
45.0800
45.6400
45.1900
44.1100
45.1500
44.7100
45.3000
45.4000
44.1800
44.0000
42.9800
42.7500
42.7300
42.5400
42.9800
42.8900
43.0600
42.4400
43.6300
43.2300
42.9700
43.0300
42.3800
41.6800
41.1400
41.2200
39.9500
39.6600
41.3900
41.3700
40.2800
40.2400
41.8600
42.0800
42.1500
43.4900
43.8700
43.8800
43.8200
43.4700
43.6400
43.8600
44.4900
44.3000
44.5100
44.4300
44.6800
44.1600
44.5000
44.7500
44.7200
44.8700
45.6800
45.7700
45.5000
45.4900
45.9900
46.1300
45.9900
46.5500
46.1300
47.3000
47.8000
47.1800
47.4500
47.1500
46.9400
47.1000
47.1700
46.8500
46.7300
47.0200
47.1700
48.0900
48.6300
48.8600
49.1800
48.8500
48.9500
49.1800
48.7700
50.1400
49.7100
49.9800
50.3400
49.6900
50.1400
49.6600
50.3300
49.8400
50.1400
50.3700
49.7000
51.0000
53.2700
53.0900
53.3000
53.3100
52.9600
52.2400
51.6500
51.0800
51.0500
49.6300
50.8700
50.4700
51.9000
51.8500
52.0100
52.7600
52.2400
52.4200
51.9700
52.0800
52.2700
52.0900
51.6600
51.9200
52.5000
52.9000
52.9300
53.1100
53.9600
53.7000
53.0200
53.7600
54.4900
53.6700
54.1700
53.7900
53.7900
53.6000
53.6600
52.8500
53.4600
55.1600
54.3500
54.7500
54.9400
54.4200
54.6300
55.6200
55.6000
55.6800
55.8700
55.5300
56.5600
56.3300