12.4600
12.1700
13.1800
13.5700
13.9400
13.8200
14.3100
14.6000
14.4800
14.5500
15.0100
15.2400
15.2700
14.8700
15.1500
15.0600
15.3400
15.0300
14.6000
14.5500
14.8700
14.7400
15.4600
15.9000
16.1700
16.7000
16.5300
16.2400
16.4400
16.9200
16.7100
17.1600
17.0000
15.5800
14.9400
15.4300
15.6800
15.5500
15.2800
14.8900
14.8700
14.4800
13.8000
13.4400
14.0100
14.7900
14.9900
14.5700
15.6400
15.4000
15.9200
15.9900
16.0200
15.8900
15.7800
15.6900
15.8800
15.9600
16.4900
16.2800
16.2400
16.1900
16.3700
16.2900
16.3400
15.9100
15.4700
15.2000
15.6100
16.2200
16.1600
16.0200
16.6300
16.5300
16.6200
15.9900
15.3500
15.6800
15.6600
15.3800
15.0900
14.8200
14.7200
14.3000
13.9800
13.3000
13.3100
12.7000
12.4200
12.0600
13.1000
13.2700
13.0500
12.3900
11.7700
11.4900
12.2500
12.2400
12.1900
11.9500
11.8400
12.3400
11.8800
13.5500
12.6800
12.7000
13.2800
13.8900
14.2200
14.6900
14.1200
14.5200
14.6100
15.0600
15.5100
15.6700
15.7800
15.8800
15.3100
15.5100
15.1700
15.4700
15.7500
15.7400
16.3700
16.5800
16.8100
16.6100
15.9100
15.3200
15.3600
14.1500
14.2300
14.2000
13.6300
13.4800
14.2000
15.2800
14.8200
14.4700
14.4000
14.7300
15.4000
15.9900
16.1200
16.0300
16.0300
15.3900
16.3400
17.2100
17.6100
17.7000
17.8200
17.9800
17.9000
16.6500
17.2000
17.2400
17.6200
17.4700
17.4100
17.4800
17.2200
16.8800
16.8000
17.0600
16.7200
13.4600
13.6700
13.7400
13.9500
14.3700
14.6600
14.1800
13.8000
13.9300
14.1400
14.8600
14.4300
14.2700
14.3800
14.1600
14.2000
13.8600
13.4100
12.9700
13.9100
13.5900
13.1500
13.2100
13.1500
13.1400
13.0400
12.8500
12.7700
12.6800
13.0200
12.7500
13.1500
13.3300
13.0300
12.6200
12.4300
12.2800
12.5300
12.1700
12.3500
12.9400
12.4200
13.3000
12.7800
13.1600
13.1800
14.4500
14.5000
14.5300
14.7100
14.1700
14.1700
14.0900
13.8700
14.0700
14.1600
14.4000
14.5800
14.6000
14.5100
14.3900
14.8800
14.8800
15.0700
15.3300
14.9900
15.6400
15.6000
15.8000
15.3100
15.5700
15.8000
15.7100
15.3000
15.6400
15.8300
15.9100
15.8800
15.6900
15.7300
15.4100
15.3300
15.7000
16.4800
16.2000
16.1000
16.0500
15.4600
15.2100
15.1400
14.6500
14.6000
14.6900
15.2300
15.5200
15.4400