30.6000
30.4500
30.8800
30.6700
30.9500
31.3200
31.4400
31.4700
31.2500
31.3200
31.8700
32.0200
32.5500
32.5000
32.4300
32.7300
33.0800
32.9300
32.6700
32.6800
33.2100
33.0500
33.4100
33.1000
33.4500
33.4500
34.2900
34.4500
34.6400
34.8300
34.7900
35.4600
35.7200
36.0000
35.5900
35.8600
35.7600
35.6700
35.4300
35.1700
35.0200
34.5000
35.2800
34.5200
34.7400
34.9400
35.0400
35.1100
35.8900
35.5500
35.9800
35.5400
35.1100
35.1900
35.1000
34.7600
34.7800
35.3100
35.2400
35.1300
34.7600
34.5100
34.8000
34.9300
34.4500
34.2300
33.6200
33.0700
33.4900
34.0300
33.8700
34.2600
34.6200
34.3800
34.3600
34.6300
34.2100
34.6800
35.3700
35.7400
35.8000
35.6500
35.9900
35.9600
36.3700
36.1500
36.0500
36.0500
35.7400
36.1600
36.0800
35.5600
35.5300
35.2500
34.6400
34.2200
34.7000
35.0200
35.3800
35.6400
35.6600
36.0300
35.5600
36.0800
35.1500
34.9900
35.2600
36.1900
36.3200
36.7100
36.1900
36.6300
36.1900
36.4400
36.6300
36.8200
37.4400
37.2900
36.5700
36.9000
36.5900
37.0200
36.9800
37.1000
38.0700
38.3400
38.4200
38.0800
38.1300
38.0300
37.9800
38.0100
37.7300
38.1200
37.7000
37.7200
37.7100
37.6600
37.2300
37.1800
37.1000
37.1000
37.5700
38.0500
38.3300
37.8400
37.5000
37.5000
38.2400
37.9300
38.0900
38.2100
38.1800
38.2900
38.3100
38.4400
38.6100
39.2600
39.5300
39.5900
39.0900
39.0700
38.8600
39.1000
38.8100
38.8400
38.5500
38.5300
38.6600
38.8100
38.7200
39.1400
38.7100
38.6300
39.1300
39.2200
39.8400
39.8900
39.5500
39.5400
39.2800
39.0500
39.0800
38.7800
38.3200
37.8000
37.9700
37.8700
37.8400
37.8400
37.9600
38.5000
38.7100
38.7000
38.4400
38.4900
38.6600
38.4000
38.6500
39.0600
39.4200
39.8300
39.5300
39.6200
39.4400
39.4600
39.9400
40.6100
39.8400
39.7700
39.0600
39.2300
39.8500
39.0500
38.9800
39.1000
38.8600
38.4600
37.9400
38.3100
39.1200
39.6300
39.8900
39.8900
40.3200
40.1200
40.0400
40.3700
40.4400
40.5200
40.4200
40.4200
40.5000
40.6100
40.5000
40.5800
40.6300
40.5800
39.8700
39.6200
39.6700
40.1100
39.9300
40.1300
39.6100
39.4800
39.2900
39.0900
38.5600
39.1600
39.8700
39.8700
40.3400
40.3000
40.2900
40.7300
41.2000
41.2600
41.2100
41.0400
41.0200
41.2700
41.6200