91.0800
90.6000
90.1400
89.8000
89.7800
89.4500
88.5100
88.5500
88.5200
89.7300
90.3100
89.9700
89.0000
88.3700
88.2500
89.4400
91.3500
90.4000
89.5100
90.7200
91.1300
90.8900
91.5400
91.2400
91.5400
91.4700
91.7600
91.1700
91.6400
91.9000
92.1600
93.3200
93.2500
93.3700
93.1400
93.3300
93.3000
92.3900
92.9700
93.1800
92.8500
93.2000
93.3500
93.3400
92.8300
93.9400
93.9800
94.4800
95.2300
95.1500
95.4200
94.7900
95.3700
95.6500
96.1700
96.2800
95.9400
96.8100
96.7100
96.0500
96.6900
97.7800
98.4400
98.2300
97.8500
98.1600
97.0400
96.1700
96.5400
97.4400
97.2100
97.6700
98.5900
98.5000
98.1800
98.8800
97.7200
98.4300
99.5800
99.4700
98.3800
98.9400
99.1000
100.3500
99.9900
99.1300
99.6000
99.1800
99.0800
99.6500
99.3100
99.0100
101.0400
101.3200
99.8100
98.7900
98.9600
99.1900
98.3900
99.1300
98.8000
99.3600
98.8300
98.3000
96.4800
97.1700
97.2500
98.3300
98.7500
100.1700
99.9900
100.0500
100.2100
101.3200
101.5300
101.6700
101.3000
100.7300
99.4500
99.9000
99.3200
100.1000
101.5000
101.9900
104.1000
103.7200
104.6100
104.6500
104.2900
104.2600
103.9000
103.8300
103.6100
105.4600
104.3700
105.1600
105.2800
105.6200
103.9000
102.7900
102.1000
102.2500
106.3800
107.1700
107.4700
107.3600
106.6000
105.3700
106.4600
106.3500
104.8800
105.2700
104.9500
105.3700
105.5500
105.4200
105.5000
105.8300
106.1800
105.9500
105.7000
105.3700
104.7100
105.7700
105.8000
106.3500
106.4300
105.8100
106.3100
107.2200
106.5000
107.4900
106.3000
103.7000
102.8200
102.6200
104.5400
103.7500
105.1500
106.0100
105.8900
106.7900
106.5300
106.9400
106.6500
106.7500
107.3500
107.2200
107.9900
107.9200
108.0300
108.4600
108.4500
108.4900
107.4300
107.6900
108.0300
107.8900
108.4600
108.5900
110.5700
110.6200
107.7400
107.6900
106.5300
106.5600
104.6000
103.8700
104.9600
105.8700
104.9600
105.2300
105.6400
104.9700
104.0700
103.8700
104.3100
104.2800
103.5300
103.7700
105.1500
106.9100
106.9100
106.8000
108.0000
107.8600
107.6400
107.7600
108.0100
108.5000
108.0900
107.5800
107.2100
106.6500
108.3700
106.7900
107.8800
106.9900
106.1600
105.8400
106.2100
107.2600
106.0300
105.7900
105.1000
105.0500
104.7100
105.2700
104.0400
104.5400
106.3100
106.6600
107.9000
106.0800
106.3200
106.1300
107.3900
107.0900
107.9300
107.7400
107.8300
108.9400
109.0100