67.5200
67.1000
67.1900
67.1600
67.3800
67.9600
67.9300
68.3700
68.0300
68.9300
69.3500
70.2400
69.9900
69.2100
68.6300
68.6400
68.8400
68.5600
68.3100
68.6600
69.1300
68.7300
69.8600
69.4100
69.5700
68.3800
68.4500
67.7500
68.0700
68.0900
68.3700
68.6100
68.4900
67.7100
67.6100
68.1100
67.7900
67.2900
67.8100
67.6100
67.7500
67.5300
67.9200
67.8000
67.5600
67.8100
67.9100
68.1400
68.6300
68.4100
68.7500
68.2100
67.8400
68.0800
68.2900
68.2100
67.9900
68.3200
68.1500
68.4100
68.3500
68.7500
69.3200
69.7000
69.0600
68.9600
68.8700
68.8800
69.4800
69.8500
70.2300
70.0800
70.3400
70.3900
70.0000
70.2400
69.0200
69.4300
69.8200
70.0400
69.7800
70.1000
70.0200
67.8000
67.0300
67.4600
68.1700
68.4900
68.3600
68.5200
68.5600
69.0700
69.0400
68.6400
67.8200
67.6400
68.2900
68.4100
69.0000
69.1900
69.5900
69.5100
68.8400
68.8000
69.3600
69.9800
69.9600
71.0500
71.3500
71.8200
71.4300
71.8200
72.0200
73.0600
72.5600
72.8500
72.2300
71.8900
71.0300
71.1400
70.5700
71.0400
71.4900
71.8800
72.4600
72.3100
72.6700
72.5500
72.1800
72.2400
72.3300
72.2200
72.4000
73.0800
72.7200
73.3200
73.2300
73.3700
72.7400
72.6500
72.2800
72.1200
72.8700
73.1200
73.0400
72.7100
72.1600
72.2200
71.7600
71.4800
70.9500
71.3900
71.4800
71.8500
71.8200
72.5300
72.0700
72.2100
72.3900
72.3100
72.1000
72.0600
71.9700
72.3100
72.3600
72.1900
72.0900
72.3000
72.7500
72.9900
72.9000
73.4400
72.7800
72.3200
72.1100
71.6900
71.9500
70.5900
70.1000
70.9500
71.4500
71.7500
71.4000
71.9600
71.3900
72.0100
71.6300
72.0500
72.2800
72.3900
73.0000
73.5300
73.7400
74.3500
73.9600
73.9800
73.7800
73.8100
74.3300
74.8600
75.4400
75.6300
74.9900
73.8200
73.1900
72.8000
72.8100
72.1000
72.3000
72.7900
73.0500
72.9200
73.4900
73.1100
72.6300
72.7800
73.0400
73.4700
72.7900
72.6700
74.2900
74.1000
74.4000
74.3400
74.6500
74.4900
74.6300
75.1700
75.3300
76.3500
76.1700
75.5100
75.6200
75.7900
76.2700
75.9400
76.0700
75.7500
75.5200
75.4000
75.6000
76.4700
75.5100
75.3400
74.0200
73.6300
73.1000
73.0900
72.6600
73.2200
74.0900
73.8900
74.7100
74.4100
74.6300
74.8200
75.4800
75.6800
76.6000
76.6100
76.2000
76.9000
76.8400