26.7200
26.8000
27.3800
27.9200
28.3600
28.4900
28.7200
29.2600
29.4400
29.3500
29.4100
28.6800
29.5800
29.5000
29.6000
29.1900
27.8900
28.0200
27.8300
27.6700
28.0900
28.3000
30.0800
29.7800
30.0900
30.4800
30.4300
30.1400
30.1500
30.0000
29.6700
30.4800
31.1500
30.7500
29.4900
29.6900
29.3200
29.4700
29.4500
29.6900
30.1700
29.5700
29.1000
28.5500
29.4400
30.0400
30.4400
30.4600
31.7600
32.1000
33.5700
33.2000
33.3000
33.2000
32.6900
32.1900
32.2900
32.7600
32.3300
32.5800
32.3300
32.3600
32.2900
32.5500
32.0200
31.7000
31.1700
30.3900
30.6600
31.3500
30.5500
30.8600
31.9500
31.4900
31.6400
31.6000
31.4100
31.8700
32.0400
32.3900
32.5100
32.0200
32.5800
32.4700
32.3300
31.7700
31.8400
31.4200
31.3700
31.6000
31.5100
30.5200
30.1700
30.0200
29.8100
29.2500
29.4100
29.6600
29.9100
30.2300
30.4000
31.0400
30.0600
30.4200
28.6800
27.9800
28.1900
28.6000
28.9400
29.4900
28.5200
29.2700
28.9600
29.6000
29.9600
29.6600
30.2400
30.2200
29.7700
30.2800
29.1900
29.6200
29.8900
30.0600
30.7100
31.1000
31.5500
30.8000
30.5900
30.3700
30.0000
30.3200
29.9000
30.6900
30.8100
31.9900
31.6200
31.2000
30.6600
30.1100
29.8500
29.8400
30.4900
30.8200
30.4700
30.2100
30.1800
29.7800
30.6600
30.3800
30.4800
30.5900
30.6400
30.8100
30.8000
30.6700
31.0300
30.8800
31.5000
31.1600
30.9800
30.9300
30.5400
30.7500
30.6900
31.0300
31.2500
31.0000
30.7100
30.7200
30.5100
31.6800
32.2300
31.7000
31.7100
32.1700
33.1000
33.0300
32.4100
32.0900
31.9700
31.6800
31.2700
31.5500
30.7700
30.7300
31.1000
31.0500
31.0400
30.8300
31.2300
31.6900
31.8000
31.5800
31.4400
31.2500
31.5700
30.8900
30.8800
31.0400
30.3000
29.6500
29.4300
29.5700
29.3400
29.1600
29.5700
29.2200
29.8100
30.5200
30.2300
29.9900
30.1500
28.8100
28.4900
28.4400
28.6100
28.3800
27.8700
28.0200
28.0500
28.6600
28.9100
28.6700
29.1900
29.7900
29.5900
29.6800
29.4200
29.5900
29.1200
28.8200
28.9100
28.9300
29.1300
29.2600
29.4200
29.2700
28.8700
28.6600
29.3600
30.4200
30.1600
30.4100
30.1800
30.0100
30.2700
30.1700
30.1300
30.3400
31.3200
31.7200
32.5900
32.3400
31.9300
31.6000
32.1000
31.8300
31.7200
31.8700
33.0500
33.5100
33.6600