24.5000
24.7300
24.9500
24.6900
25.2100
25.4000
25.4200
25.5000
25.3800
25.5400
25.7200
25.8700
26.0700
25.9300
25.8600
26.1200
26.3100
26.3300
26.3600
26.5800
26.8500
26.6900
27.1500
27.0900
27.0900
27.2500
27.4600
27.1800
27.4100
27.2500
28.5200
28.6500
29.1700
29.0700
29.2800
29.8100
29.1900
29.1900
29.3700
29.4100
29.4500
29.2400
29.1000
28.9200
29.2400
29.6200
29.8400
29.6100
30.0400
29.7900
29.8000
29.5000
29.8600
29.7700
29.7100
29.8900
29.9900
30.3500
30.1700
29.9200
29.8300
30.0100
30.0500
29.6600
29.3200
29.5600
29.3300
28.6500
28.9800
29.6800
29.5000
29.7700
30.0900
29.8600
29.4800
29.4500
29.0400
29.3500
29.6500
30.2400
30.2800
30.3500
30.6000
30.4200
30.3600
29.4500
29.6300
29.4000
29.1700
29.6300
29.3800
28.8900
28.8500
28.8500
28.3500
28.2800
28.7100
28.9400
28.7900
28.9300
28.8500
29.2200
28.9500
28.9100
28.6300
28.9500
29.0300
29.7600
30.0100
30.2700
29.9400
30.4500
29.9800
30.7100
31.0900
31.1600
31.3100
31.1900
30.6800
30.8300
30.3300
30.5800
31.0400
31.0400
31.9700
32.2600
32.0300
31.4500
31.3600
31.2700
31.3500
31.7300
31.1000
31.8700
31.8300
32.3300
32.3900
32.3800
32.1800
31.3700
31.4000
31.3600
31.6100
32.2900
32.2100
32.5500
33.5500
34.1200
34.6100
34.9400
34.5500
34.5100
34.5500
34.7300
34.5500
34.3600
34.1900
34.1400
34.0200
33.9000
34.0400
33.9700
33.9500
33.9500
33.9700
33.9500
33.9500
33.6300
33.5300
33.5300
33.7100
34.6500
34.4600
34.1700
34.2700
34.5900
35.2500
35.3000
35.0600
34.8500
35.3800
35.9500
36.2200
36.4300
35.8600
35.1200
35.7900
35.7400
35.3800
35.8400
36.2000
36.5000
36.5400
36.2100
35.3200
35.1600
35.1300
35.7800
36.4300
36.6700
37.1200
37.2900
36.9500
37.0300
36.4300
36.4200
36.3600
37.5600
37.5300
37.5500
37.6100
37.4300
37.1700
36.5800
36.2000
36.1200
36.1700
36.1100
35.4000
35.1400
35.4500
36.0100
36.5600
36.4900
36.9100
36.6300
36.2900
36.6600
36.8600
37.2000
37.0800
37.2000
36.8800
37.1400
37.0300
37.2500
37.4000
37.4200
36.9400
36.5400
37.5400
38.0500
38.0100
38.0900
37.2300
37.3600
37.3000
36.9900
36.5400
37.3600
38.5200
38.0900
38.0700
37.9000
38.1600
38.4200
38.5000
38.4600
38.9200
39.2000
39.1800
39.9500
40.2700