49.1260
48.2020
47.7240
46.8000
45.6480
45.5060
45.2000
46.6460
46.9000
45.8300
46.5300
47.5100
47.9760
47.6880
48.1040
48.4220
48.0900
48.1760
48.0000
47.9020
49.0960
53.2020
54.6860
55.0640
55.2100
56.9640
56.6740
58.3180
58.2000
58.0000
58.1280
59.1300
58.7960
58.0160
57.6300
58.3580
58.4780
57.9560
58.1600
57.8980
57.9080
57.9200
56.2040
54.9860
55.0420
55.2460
55.3120
54.0400
54.5980
55.3100
57.2500
57.8900
58.0080
58.8780
59.7340
59.1500
59.2020
59.5400
58.8200
58.1440
57.9200
57.8660
58.2440
57.6800
57.2440
57.5860
56.9320
56.4180
56.8260
57.4980
56.4320
56.1380
56.0380
55.6720
55.4920
54.6100
54.3800
54.5140
54.6280
54.8000
53.6760
53.1640
53.6760
52.6260
52.8260
51.6340
51.0680
51.3820
52.0000
52.3420
52.5880
52.0220
51.7080
51.3480
50.7180
51.6000
52.7860
51.4500
50.7020
51.2320
52.5040
52.7600
52.1540
51.5140
51.4020
52.1600
53.6380
53.9020
53.3440
54.3100
54.6500
55.0520
54.3360
54.5780
55.5820
56.4420
55.9800
55.4420
54.3140
54.4560
53.4320
53.8400
52.9740
52.9060
53.6220
54.2480
53.9800
53.0340
52.7020
52.4100
51.7820
51.9040
52.1420
52.6320
52.4820
52.6320
52.7440
52.1100
51.4000
51.1200
51.1100
51.2600
52.4400
52.5100
52.3200
52.1100
51.1100
49.8300
50.9300
52.0000
53.0600
52.9500
53.5100
53.5900
53.5000
52.5800
52.6500
53.4800
54.1100
53.9900
53.5900
53.5500
53.3300
53.6700
53.7000
54.0200
54.4200
54.5100
54.9000
55.3100
55.3100
56.3900
58.4000
58.6100
58.5800
58.9300
59.3500
58.8900
58.7200
58.4000
57.7200
58.0400
57.9900
57.8800
57.1200
57.2800
57.4000
57.2900
57.1000
57.1100
57.0700
57.5300
57.5200
57.5100
56.9700
56.9200
56.5800
56.3700
56.8600
57.4900
57.8900
57.6600
56.5000
56.6400
56.4800
56.5500
55.0000
55.4200
55.9300
56.4700
55.7100
56.1400
56.3700
55.5700
54.7300
54.3100
54.3400
53.9600
53.5600
54.0800
54.2400
54.4500
54.6000
54.4300
54.6400
55.2700
54.2900
54.9000
55.1500
55.2700
55.5700
54.6500
54.7200
55.0300
54.9600
54.0600
52.9300
52.8000
51.2100
51.2300
51.6100
52.4100
52.6300
51.4000
50.7400
50.8300
50.7500
50.3500
50.1200
50.6700
51.3400
51.5600
53.7700
53.4900
52.9000
52.8600
53.3200
54.0200
54.3300
54.7400
54.7900
55.4800
55.5000