91.0500
92.3000
94.7000
93.5300
96.2100
98.7300
98.5700
99.2300
97.7600
99.2500
101.3200
105.5100
104.7800
105.5000
106.8000
108.9600
107.2500
106.5000
105.3500
104.0000
105.8200
113.3100
120.0900
119.8000
119.5500
119.5800
121.2400
120.3000
122.8800
121.5000
121.0700
123.0400
122.0700
123.3000
122.3800
122.5600
121.7800
121.4000
121.7100
120.5700
121.6500
119.4600
120.2800
115.3700
117.7200
119.9800
118.9300
117.5500
124.3100
123.8800
126.9900
127.5400
128.0000
123.4200
123.5900
120.1200
121.5200
123.9100
122.5100
117.9800
119.6600
120.0400
121.7100
119.8400
115.6200
115.5400
115.5400
111.7600
111.8100
116.0500
114.0200
114.1000
116.0700
116.8100
114.8000
116.0300
114.6700
116.0400
115.1000
116.0800
118.2900
115.8300
111.1400
112.4900
110.4400
107.1100
105.5000
106.8900
106.7400
105.8700
106.4700
103.6600
102.9700
100.6100
96.7400
97.2000
99.4900
100.9400
101.5200
100.2600
98.9500
101.0600
99.0000
96.9500
93.5600
91.6800
92.3300
95.7500
97.2900
96.8000
92.4800
96.7300
93.6500
93.1500
94.6900
94.3600
96.6400
95.4000
91.4800
90.3900
89.8200
89.6500
90.6300
92.2600
96.9100
96.0800
100.1400
99.3100
96.2900
95.4400
86.9100
83.5300
85.7700
88.6300
86.5600
86.5300
87.5400
88.7000
86.0900
87.4600
86.8600
87.0800
89.0900
92.6200
90.4800
95.9000
93.6200
95.3400
99.0000
98.2800
101.0100
101.0000
101.2800
101.3100
100.7200
100.9000
100.7600
102.8200
103.1900
102.7100
102.8100
101.5300
100.4000
100.0900
98.5800
96.9400
97.7000
95.7400
97.1100
95.2900
95.3300
98.4300
100.5700
97.3900
98.2500
98.5000
100.1900
102.6200
99.9700
99.0700
99.1900
96.9500
96.1700
95.1900
92.4100
92.2700
92.8600
92.2100
92.3100
91.7500
90.6400
92.0100
92.1100
92.1400
90.8400
87.7900
86.4900
87.4900
89.0600
91.3800
92.4100
93.1200
91.9300
93.5000
93.4500
92.2700
94.0500
93.8200
93.5800
98.7500
100.0300
101.0000
101.9100
98.1000
96.5600
97.1000
98.6900
97.5400
94.3700
94.8700
95.7800
98.7200
98.0900
98.2800
99.6400
99.6100
99.7200
100.0800
99.8500
98.1600
97.3700
97.3100
101.3100
100.4100
101.6900
103.2400
105.4800
105.8800
105.4800
106.3000
105.7500
108.6700
107.9500
107.7700
108.0700
107.1600
107.1600
106.8000
105.8200
108.3500
113.3700
114.1700
113.8600
112.5300
111.1600
113.1200
112.4400
110.5900
111.5500
111.8200
112.0600
114.2000
115.5900