21.8200
21.6500
21.8300
21.6300
21.7300
21.7500
21.6500
21.7100
21.9100
21.7500
21.7700
21.4500
21.4800
21.7000
21.6100
22.1700
22.3100
22.0900
21.7900
21.8300
22.0300
22.0400
22.0300
21.8000
21.9100
21.7600
21.7500
21.6300
21.5500
21.6100
21.5600
21.6700
21.5400
21.5500
21.5200
21.4700
21.6800
21.6200
21.4500
21.4100
21.3300
21.4100
21.5600
21.4100
21.5800
21.6900
21.8900
22.1500
22.1400
21.8300
21.8500
21.6500
21.6200
21.7900
21.8100
21.8200
21.9100
22.0300
21.9800
21.8500
21.9100
22.0000
22.3000
22.3800
22.2100
22.1400
22.1000
21.6200
21.5200
21.5300
21.5400
21.8900
21.9800
22.0600
22.0400
22.3000
22.1100
22.2400
22.3200
22.6900
22.8300
22.9900
23.2400
22.6100
22.5900
22.4700
22.4400
22.6200
22.4700
22.9000
22.8400
22.7600
22.5100
22.7800
22.7000
22.6800
22.8200
23.0500
22.8900
23.0700
23.1200
23.2800
22.9700
23.3000
23.0700
23.1000
23.2600
23.2800
23.3700
23.5600
23.4800
23.4200
23.4800
23.6600
23.7400
23.8700
23.7500
23.5000
23.2700
23.2400
23.1200
23.1600
23.3400
23.3300
23.5000
23.5900
23.6400
23.6100
23.6800
23.6100
23.7000
23.7100
23.8100
24.3200
24.2800
24.4200
24.5100
24.4300
24.5400
24.3900
24.1200
24.0400
24.5300
24.8000
24.8100
24.6600
24.1700
23.9300
24.1900
24.1700
23.8800
23.8900
23.7200
23.8900
23.7600
23.7200
23.5000
23.4300
23.3800
23.4100
23.1200
23.0300
22.7000
22.8600
22.9200
22.9700
23.0500
22.9400
23.0700
23.2500
23.1500
23.4000
23.3400
23.3800
23.2800
23.2100
23.4800
23.1900
22.9400
23.0900
23.0500
23.0200
23.1400
23.4300
23.3600
23.5800
23.3800
23.5500
23.4300
23.5700
23.6400
23.8500
23.8200
23.8300
23.8600
23.7300
23.8700
23.6700
23.8100
23.8400
24.1700
24.3200
24.3000
24.2000
23.9700
23.8800
24.2100
24.2200
24.3200
24.2000
23.9800
23.5900
23.6500
23.1500
23.0800
23.0000
22.7900
22.9800
22.9100
22.7900
23.2200
23.2600
23.4900
23.5100
23.5200
23.8300
23.9500
24.0800
24.2300
24.4300
24.3000
24.3800
24.6300
24.6900
24.6700
24.7000
24.5800
24.4600
24.4200
24.0300
24.5300
24.5800
24.5600
24.6200
24.5400
24.5100
24.3600
24.2400
24.0500
24.3800
24.8100
24.8800
25.1000
24.8000
24.7600
24.8100
24.9500
24.8900
24.9200
24.9400
24.7700
24.9100
25.0900