19.8900
19.7900
19.8000
19.5400
19.7000
19.5500
19.3200
19.1600
19.0900
19.1300
18.9400
18.4300
18.8100
18.7400
18.5800
18.7200
18.4800
18.2300
18.3400
18.4700
18.6800
18.5800
18.8800
18.7700
18.8700
18.8900
18.8400
18.9100
18.8600
18.6300
18.8400
18.8500
18.9800
18.9500
18.7900
18.8300
18.8000
18.6200
18.5200
19.4900
19.3600
19.5300
19.3100
19.1600
19.2900
19.4200
19.2600
19.3700
19.4700
19.1400
19.2200
19.0700
18.9400
19.1500
19.1300
19.3000
19.3100
19.4900
19.5400
19.1700
19.3500
19.7200
19.8700
19.8200
19.6300
19.5500
19.4200
19.0600
19.0700
19.2600
19.1700
19.3200
19.4800
19.3200
19.3300
19.5300
19.2800
19.5300
19.7200
19.8500
20.0500
20.2100
20.4200
20.0500
19.7200
20.0500
19.8900
19.8900
19.7700
20.2500
20.2400
20.0800
19.8300
20.0200
19.8300
19.6200
19.8600
19.9800
19.8700
20.0300
20.1800
20.2400
20.0200
20.2300
19.9700
19.7800
19.9300
20.1500
20.3200
20.4000
20.1600
20.3000
20.3000
20.4100
20.6200
20.7100
20.5900
20.5800
20.1800
20.3400
20.2800
20.2900
20.5200
20.6200
20.6700
20.7600
20.6500
20.4600
20.5700
20.5600
20.4700
20.5200
20.6300
20.9900
20.7000
20.8000
20.9500
20.9200
21.1500
20.9700
20.5500
20.5700
20.8900
21.1900
21.1900
21.0600
20.9000
20.8300
21.1600
21.0600
21.0400
21.1100
21.0100
21.0800
20.7800
20.5500
20.5100
20.4200
20.2400
20.4300
20.4300
20.3800
20.2400
20.3200
20.4600
20.6000
20.5800
20.5200
20.3900
20.6300
20.6400
20.9900
20.9500
20.9300
20.9000
20.7000
21.1000
21.0200
20.8000
20.8100
20.7200
20.8700
21.1200
21.2900
21.4200
21.4500
21.3000
21.3000
21.1500
21.2000
21.5200
21.5100
21.4100
21.4100
21.3600
21.2900
21.1800
21.1300
21.4000
21.4400
21.7500
21.6900
21.4100
21.2400
21.0400
21.1200
21.3800
21.4700
21.6700
21.7400
21.5400
21.3700
21.4800
20.6300
20.3900
20.1500
20.1600
19.9600
19.4900
19.1300
19.5800
19.3800
19.3600
19.3000
19.2600
19.5600
19.6200
19.7400
19.7600
19.7300
19.7600
19.6300
19.9200
19.8600
19.8400
19.9200
19.8800
19.8500
19.8300
19.6700
19.8400
19.9000
19.7200
19.6700
19.4600
19.3900
19.1300
19.0500
19.0000
19.2500
19.6200
19.6800
19.8200
19.6000
19.4700
19.6700
19.7900
20.0400
19.8800
20.0600
19.9200
19.9100
20.0200