39.1400
39.3700
38.6300
38.5700
37.6900
37.2100
36.0000
36.5100
34.3300
33.3700
34.1700
33.7300
33.0200
34.1500
34.6900
35.8700
36.1400
36.4600
36.2100
35.7400
35.8500
37.8600
37.6700
37.3700
36.7400
36.2400
37.2900
36.0300
35.8400
35.8400
36.8700
37.4200
37.2600
37.3900
35.7700
35.3700
36.3300
36.3200
36.3000
35.8200
35.2600
33.9300
33.3500
32.9000
32.9500
32.9000
33.3700
32.4200
32.6400
31.7200
32.3800
34.0500
34.9100
34.5500
34.4800
32.9400
33.7600
33.7400
33.9900
33.3300
33.8600
34.1000
34.8600
34.0500
33.9600
33.8000
33.7000
33.7100
33.7400
34.7500
33.7000
34.0100
35.1500
34.1900
34.4400
33.7200
33.4400
33.5500
34.5400
33.2100
32.6800
33.2400
34.0900
33.2400
33.5400
33.3800
33.7800
34.1300
35.1300
34.5800
34.2600
33.5300
31.2600
30.6100
30.1500
29.3600
30.4400
29.8500
30.3200
29.5700
29.5900
30.1300
28.8400
28.0800
28.1500
28.2000
27.9100
28.6700
28.4000
28.2500
27.2700
27.2100
26.8000
27.5800
28.0400
27.9300
29.0400
29.2600
28.0700
28.2600
27.3400
27.0600
28.5800
29.3100
30.2400
30.4400
31.1900
31.1600
31.0600
30.3400
29.6500
30.2900
30.6900
31.6600
30.4600
30.8000
30.6900
30.2900
30.9000
30.8100
29.4700
27.8600
28.4600
29.4100
29.4900
28.9800
29.7100
27.8300
29.1300
30.1700
30.7500
31.1000
33.0800
32.8700
32.4300
31.7500
31.9000
32.2000
31.9800
33.0600
33.4500
33.7900
32.9900
32.8800
32.2100
31.6100
31.5100
30.7100
30.2000
28.8300
28.9300
29.1700
31.2100
31.0100
31.2200
31.3000
32.5000
32.8200
32.1900
31.8100
31.5800
31.2100
31.1400
30.1300
29.2300
29.2200
30.1900
30.0500
30.4500
30.1900
29.7100
31.3800
31.3500
31.7300
33.1100
32.8500
35.4800
35.1400
34.3600
34.7900
35.8300
36.0800
35.2100
36.6000
35.5900
34.6300
34.4200
35.1900
35.1600
36.5300
35.2000
35.5600
35.5700
33.2800
32.7700
32.9500
33.1100
32.8500
32.3600
31.1400
31.7500
32.8100
32.2100
32.2800
32.6900
31.7900
31.4400
31.9700
31.9500
31.3500
31.5200
31.4500
32.9800
33.1600
33.0400
33.2700
33.8300
34.2500
33.8100
33.7000
33.6700
34.2900
34.0300
33.6700
33.1500
32.6700
32.5700
32.2200
31.7600
32.1000
31.0100
31.9300
32.4300
31.7800
31.2700
30.8300
30.9000
30.1900
29.9100
30.6000
30.2900
30.5900
31.8800