43.7500
44.5000
45.1800
45.1600
46.2500
47.6800
47.7100
48.4000
48.8900
48.8000
49.1200
48.7700
46.0300
46.0900
45.0400
45.6100
45.6100
46.0500
44.8000
45.7500
46.6500
46.9900
49.3000
47.9000
47.2900
48.3800
49.1000
48.2800
48.4900
47.9800
49.1800
49.2900
48.8300
48.6600
48.2500
49.3000
49.2900
49.7400
50.3700
50.6000
50.2400
49.8900
49.3800
48.2700
48.5900
49.4300
49.8200
48.9800
50.9500
52.3300
53.6300
54.5000
55.1000
55.1300
55.3800
54.4200
55.7400
57.1500
56.8800
56.9800
56.4300
55.7400
56.3600
56.3400
55.3900
55.6500
54.2400
52.6900
53.7300
54.6500
53.4700
53.2800
54.0200
54.2600
53.9300
53.8500
54.0800
54.3600
54.9200
54.8400
56.0600
55.4800
56.0200
56.0800
55.5600
54.5200
54.6500
54.0700
53.5300
54.3100
54.3700
52.3100
51.2800
50.3000
49.8000
49.1300
49.8800
50.2900
50.3400
51.7200
51.1300
51.8800
50.9800
51.3700
48.4000
48.6800
50.2700
50.6100
51.1700
52.5900
51.7800
53.0800
52.0700
53.0100
53.8100
54.1100
55.0500
54.4300
53.0300
52.9300
52.1900
53.1400
53.1700
53.4600
54.6600
54.7500
55.1000
54.5300
54.0200
54.2300
53.5500
54.0400
53.3600
54.4200
55.0900
55.8300
54.8900
56.3700
55.8800
55.3000
55.0000
54.8700
56.3600
57.6000
56.9000
56.4900
55.6400
55.1700
57.5800
56.6900
56.5800
56.5600
56.5500
56.1000
55.5900
55.1300
55.0400
56.2300
56.7900
56.4900
56.4700
55.8800
55.6300
56.8700
56.8300
56.6700
56.4700
56.0200
56.5300
56.4900
56.1700
57.1600
57.4100
57.0400
56.4700
57.9200
58.9800
59.3700
58.7600
57.8800
57.9700
58.0500
57.2600
57.3500
55.9000
55.2800
56.9600
57.0100
58.0600
58.3100
58.6300
59.5300
59.0000
59.0500
58.6600
58.2300
58.8900
58.2100
57.6000
58.0100
58.0300
57.3000
60.7500
60.0000
60.0200
59.6700
59.9700
60.0000
60.1700
61.4000
61.4000
60.6800
61.0700
59.4200
58.2900
58.3700
57.8200
57.3100
56.1400
54.7700
55.7000
58.1400
58.4800
58.3100
58.9700
58.6700
57.6100
58.0800
58.2600
57.6000
57.3300
57.0200
57.0500
57.2700
57.0700
57.5000
58.2600
58.4200
58.0000
56.8300
58.0100
59.8600
58.7200
59.1500
58.8900
58.5500
57.7900
57.3500
57.1000
57.9300
61.2300
60.5500
61.9600
62.8800
62.1600
62.3100
62.8700
61.9900
61.2800
61.7000
61.7500
61.5900
56.9900