38.4000
41.1600
41.3550
40.3250
39.8300
39.1850
34.8100
33.5750
33.5650
33.1800
33.7250
31.5450
30.5600
32.5400
32.0200
33.3100
32.4400
32.8800
32.4600
31.9000
32.5800
32.1700
32.4500
33.5400
34.0500
33.0500
32.5500
33.5700
34.0400
35.0100
34.6700
35.4800
36.6400
36.0100
35.0400
35.4300
35.6900
35.5000
35.4400
34.8800
35.9700
34.4600
34.3500
33.8400
34.4900
35.0500
34.9100
33.7400
33.9200
33.3800
33.0400
33.4200
34.0100
33.1600
33.5600
31.5200
32.5200
32.6500
32.0500
31.7900
30.2500
31.1700
32.0400
31.5100
31.2600
31.9400
31.3800
30.6300
29.8100
30.6800
30.6000
29.5400
30.5700
30.5200
30.9800
30.1400
29.9600
29.6000
30.7800
33.0000
33.7900
35.1400
35.9300
34.7500
34.5800
34.3700
33.8500
34.1200
35.9800
36.1700
35.5100
35.2200
34.0000
34.7000
33.6900
34.2700
35.5700
35.8400
36.3400
35.0700
34.7700
34.6500
32.8200
32.5400
31.1500
31.1300
32.0000
33.3700
32.8000
32.9900
32.0300
33.5900
32.2600
35.0400
36.2000
36.8200
36.2900
36.4000
34.8400
36.4000
36.8900
37.8500
41.2400
40.3200
39.4000
39.7300
40.1400
39.8600
39.5100
40.2700
39.0700
39.4300
38.9700
40.5900
40.3000
40.0300
39.9100
39.3800
40.2000
40.0400
39.5000
39.3000
41.7800
42.0300
42.9900
42.1900
42.0100
40.6400
41.1800
40.7900
42.8800
42.3700
43.4800
42.8800
42.0400
42.5300
42.1700
43.3000
42.9900
42.0700
41.7600
42.0100
40.6400
41.8600
42.2400
41.6800
41.1200
40.5400
41.4100
41.5000
40.5800
41.5800
42.1700
42.1100
44.5100
45.5400
45.7500
45.8600
45.0800
44.9500
44.6400
44.2000
45.0500
43.9200
43.6500
44.0100
45.0200
44.9000
45.7000
45.0000
43.8200
44.2600
44.2800
43.9000
44.1500
43.9700
44.3500
43.8600
44.2900
45.6000
45.7600
45.0500
44.4800
43.8400
43.7300
42.9400
43.1500
47.4600
46.9800
48.0100
47.5500
48.0600
48.7900
48.1300
47.6000
47.5500
47.8200
48.3500
47.9900
47.6400
47.9700
49.0900
49.2500
49.4600
49.8800
48.0900
47.8000
47.9000
47.7500
47.1000
48.1000
47.5700
47.6400
48.7900
48.8400
48.0300
48.0700
48.5900
47.0200
46.7900
47.7500
48.7200
49.6200
51.0700
50.8300
49.9500
49.4400
49.7500
48.8300
49.7400
49.2300
49.8900
50.1100
49.7100
48.9600
47.5300
47.7600
48.1000
48.6400
49.4400
49.5900
50.1600
51.3800