60.0400
61.5900
61.8600
62.6400
62.8600
62.3200
61.0000
61.3500
62.0200
62.6700
64.5500
65.0000
64.8400
64.2400
67.9700
69.3000
68.8900
68.4700
68.5100
70.0500
70.6000
70.7600
72.5900
72.5700
72.3800
73.2100
74.0400
74.5400
74.9900
75.8200
75.1200
74.5200
75.0300
74.3000
74.2900
73.9800
75.2800
76.0500
75.2500
74.8400
76.7400
76.4900
76.1700
73.1200
73.3900
76.7900
77.3100
77.2600
78.6800
78.7700
78.1900
77.8400
77.3600
78.2400
78.7700
78.3700
77.0900
79.0300
78.7300
77.3400
77.2600
77.2800
78.4600
75.4800
74.7200
75.5400
75.2500
72.9000
73.6500
74.8500
74.2400
73.8400
75.1200
75.3300
74.8300
75.6700
75.1200
71.8700
72.1000
73.2700
73.9100
73.1600
73.5700
75.1000
74.2500
72.5300
72.0600
70.8000
69.5800
68.7000
68.3100
67.1500
66.7400
67.5200
65.2600
65.8900
67.8900
68.4500
69.0500
69.2700
68.9100
70.1100
68.6000
67.4500
63.1300
64.0600
63.9500
62.8400
62.0700
64.0000
61.8200
61.9800
60.1500
59.9300
61.2100
60.7200
61.8200
61.7000
59.8500
59.7900
57.7400
57.6400
57.6500
56.1200
58.4800
58.5700
58.3500
59.6900
57.5600
57.6900
56.9200
55.8400
55.3000
57.1800
56.3300
56.4300
57.9900
61.0200
58.8400
58.0000
57.0200
57.3500
59.7200
62.1000
60.5800
49.3300
49.8300
50.2900
52.6600
54.8400
55.8900
56.3800
55.0600
54.8300
55.9400
54.3300
55.6500
56.8300
57.4800
56.1100
54.8300
55.5500
55.3100
55.8900
55.9200
56.4400
56.2500
57.3500
58.1300
57.4700
57.1300
59.9500
61.7000
62.6000
61.4800
60.9000
61.4200
62.0600
62.0800
60.3900
59.9900
59.0100
56.6200
55.6600
54.1000
54.1900
54.3100
56.0200
54.6700
56.0700
56.2600
56.4000
56.3700
56.0500
54.9800
53.0000
54.4300
53.7100
55.5100
56.2100
56.4300
57.3700
56.0000
54.1700
58.1500
57.4400
56.8100
55.8900
56.0500
57.1900
56.9700
57.6000
57.7500
56.9500
53.9100
53.8600
54.7300
54.1400
53.1200
52.8100
54.5400
56.5900
57.4300
58.2800
59.6600
57.8700
57.6300
60.1500
59.3600
57.8400
58.2000
57.5200
57.3500
57.8700
57.6400
56.3200
56.4300
56.4300
56.6400
57.0500
57.8900
58.9200
59.1600
58.4200
57.5700
57.5200
54.1300
54.8600
54.3000
55.5100
55.1300
54.9500
55.5100
55.6300
57.3300
57.9600
57.4900
58.8900
61.0100
61.4100
61.0000
61.5700
61.8000