56.1500
56.4500
56.4200
56.5500
57.0000
57.2000
57.2000
57.5000
57.1500
56.8000
56.8400
59.9600
59.8700
59.1800
59.2600
59.6500
58.6200
58.2300
57.9500
57.8900
59.1200
58.7700
59.3300
58.6300
59.0000
59.1000
58.9900
59.0300
59.9000
59.6100
58.4800
58.7700
59.4500
59.1200
59.2200
59.4000
59.8800
59.5400
59.0100
59.2900
59.6200
58.7800
58.5800
57.4100
58.0100
58.6400
58.8500
58.8800
58.7400
58.7900
58.9000
58.7400
58.6200
57.6600
57.7100
57.2900
57.5500
58.7400
58.6000
57.8700
57.5800
57.5600
58.3100
58.0000
56.9400
56.1900
55.6400
55.0600
56.0700
57.2100
57.0000
57.5000
58.5500
58.6600
55.8500
55.5600
55.3900
55.3300
55.0500
55.6300
56.2700
55.8900
55.5800
55.0500
54.5900
53.4700
53.5300
53.3900
53.0700
52.2600
51.9900
51.8500
51.4200
50.8900
50.3900
50.1500
50.9400
51.0800
51.3200
50.6200
50.1500
50.3900
50.3800
50.3700
49.2700
49.0900
50.3700
50.4500
50.4500
50.3100
49.9100
50.3800
49.7500
50.0700
49.0700
49.8900
50.1800
49.3600
48.2600
48.2900
47.6100
46.9200
47.6700
47.7500
49.3500
49.1800
49.4700
49.1100
48.2300
48.5300
48.2300
48.2400
47.9600
48.5800
47.7600
47.8800
48.9000
50.6300
49.2800
49.1800
47.2300
48.7600
49.6100
50.2900
50.6700
50.5700
50.1600
49.5500
50.8000
50.6400
50.9400
50.9000
50.3100
49.9500
49.7900
49.2300
49.3300
50.0200
50.0800
51.0400
50.8200
50.1600
49.3800
49.4100
49.3000
49.0800
48.9400
48.6500
48.8700
48.6600
48.6800
49.7800
51.1500
51.1300
51.3800
52.7500
52.9800
53.1100
52.7100
52.7900
52.5500
52.3900
52.9100
52.6600
52.3500
52.6900
54.1400
53.6400
54.2500
53.7700
53.5500
53.6000
54.5200
54.0200
53.5100
52.5900
52.8300
53.2600
53.9900
54.5600
54.5700
54.8100
54.0400
53.8800
52.8900
52.7500
53.3100
54.3000
53.5800
54.2700
53.8000
54.4400
55.3700
53.8600
53.4300
53.5800
54.3700
54.0500
53.7200
54.4100
54.1300
55.0100
55.5900
56.0200
56.5700
56.4900
56.0800
56.5300
56.9000
57.1800
56.0400
55.9000
56.0100
55.9000
56.3700
56.9500
57.0000
56.9600
56.5800
56.3900
56.8800
58.2600
58.4700
58.4000
58.6000
58.4500
58.2600
58.1400
57.5100
58.1700
59.3000
59.6400
59.5400
59.6300
59.2100
59.6500
59.5300
59.2000
59.4900
59.7300
59.1500
60.1500
58.9900