74.1700
73.8200
73.2300
72.6600
72.9400
73.2800
72.0100
70.7600
70.3400
70.8000
71.5000
71.2700
71.2000
70.5600
70.6100
69.9800
69.5300
69.4000
68.7200
68.2100
69.3200
69.9100
70.4600
71.3200
71.9200
72.2500
71.5500
72.2500
72.8100
73.6000
73.4500
72.7800
73.3600
73.8300
74.1300
74.8100
75.9500
76.4300
77.2700
76.5500
78.2200
77.6500
77.5600
76.4500
77.0200
77.2200
77.1600
77.3100
77.7600
77.5100
76.6300
77.1800
78.0700
77.5700
77.2900
75.8900
76.5100
77.3600
76.8400
75.9800
75.8000
76.0100
76.8700
76.3100
76.1800
75.3600
75.0500
73.6900
73.5500
74.5300
73.6300
73.8300
74.2600
73.2900
72.8900
72.8800
72.3300
71.8800
71.0200
72.1900
71.9800
71.6300
56.5100
54.5900
54.2600
53.1700
53.3500
54.3100
53.4700
54.2200
53.5000
52.9300
52.5300
52.3200
51.1900
50.8200
51.7700
51.6700
52.0900
52.1400
52.1100
53.2700
52.0400
52.1600
51.1900
51.3000
51.8700
53.5800
53.8100
53.9700
53.8800
54.7100
54.1000
54.6800
55.4600
55.0700
55.6400
54.4400
52.7600
53.4100
52.9600
53.6400
54.4500
54.5300
55.8800
55.7300
56.4100
55.2800
54.7500
54.3300
53.4800
54.3600
53.9800
54.9800
55.4600
56.2800
56.7700
56.3700
55.9900
55.0500
54.6400
53.2400
54.4000
54.9700
54.8600
54.4400
55.2200
54.6500
55.7100
55.8900
56.4500
57.1700
57.0900
57.2800
57.3100
57.3500
57.2400
57.5500
57.3900
57.0300
56.6300
56.6800
56.1600
56.3600
56.3800
56.4600
56.3500
56.1100
56.7900
56.2100
54.8700
55.7900
56.6400
56.1800
56.3700
56.5400
57.6500
58.2100
58.3000
57.8200
57.3100
57.5900
57.3600
57.9600
57.4100
57.0100
57.3900
57.1800
57.4100
57.3700
56.7700
57.4000
57.5800
57.6200
57.8000
57.2400
56.6300
56.1700
56.7900
57.6200
58.1200
58.2700
57.4500
57.0400
56.0600
55.9500
57.1600
57.3100
57.8500
58.4200
57.6500
57.5300
58.2200
56.7700
55.8600
55.6700
55.6400
55.3500
54.7700
54.5900
55.0300
55.7300
55.6300
56.0500
56.6700
56.8000
56.1800
57.0600
56.9800
56.9400
57.1700
56.8400
57.1800
57.3500
57.9400
57.8800
58.1200
58.2000
57.8800
57.6900
58.2800
59.3000
59.2000
59.2800
58.6100
58.4400
57.9500
57.9000
57.0700
57.9900
59.2100
59.1700
59.8300
59.1700
58.3700
58.2500
58.5000
58.2700
58.4700
59.0300
58.8800
59.1400
59.2700