84.6000
84.0700
83.2600
81.1300
79.0100
79.1500
79.9900
79.9500
80.6100
81.4200
81.7600
81.2100
81.4100
81.6400
81.7300
82.7200
82.0600
81.6200
81.4400
82.2700
83.2200
85.5100
85.3600
85.0400
84.5600
84.2800
84.5300
84.2000
83.8700
84.1000
83.2400
84.0500
84.4700
84.2600
84.3100
84.7700
84.4000
85.0900
85.2700
86.0600
86.1600
86.2300
87.6300
87.5800
87.8900
88.3000
89.3400
89.4300
89.9800
90.9000
91.4600
90.4400
90.0200
90.2600
90.6400
90.5000
90.2700
91.5200
91.2800
90.6200
89.8400
90.8000
91.8400
90.3900
89.0400
88.6500
87.8800
86.8900
87.3200
87.1800
86.3200
86.8800
87.6700
88.0700
87.1200
87.5800
86.6200
86.4300
87.2800
88.0800
88.6900
88.1800
86.9700
86.6400
84.2400
83.3900
83.1500
82.6400
82.6200
83.8800
84.6000
84.3000
84.5800
84.9100
83.4700
82.9400
83.7300
83.3800
83.3100
84.4800
84.4800
86.6400
85.8100
86.3900
85.4900
86.5600
86.7700
87.7800
88.1300
88.7400
87.9100
88.5000
87.4300
89.8300
91.4400
92.0300
91.8600
91.4900
90.4000
90.9300
90.8700
91.6900
91.3200
92.9200
95.0000
94.4000
94.4200
94.0000
93.6800
93.9700
93.8000
94.5000
94.0200
94.8100
95.1500
96.0600
95.9600
95.9500
95.6100
94.3900
94.0800
93.7500
95.9100
97.1100
96.4600
96.1800
95.9400
95.7000
97.2100
96.5000
95.8000
95.6300
95.3700
95.3000
95.6300
95.6700
96.4700
96.4800
96.1400
96.0200
95.2900
95.5300
94.7400
96.2500
96.6400
96.5700
97.1100
98.5900
97.8700
98.1500
98.2200
99.9800
99.7200
100.4500
99.5200
100.8900
102.7500
102.1800
102.2500
101.9900
101.8800
102.6400
102.3600
102.6100
101.4400
101.0000
100.3000
100.1600
100.5100
99.4900
99.6200
101.4800
101.7900
101.3500
99.6400
101.5600
98.3200
97.5500
96.5100
97.0000
96.7800
96.3300
94.7800
95.0000
95.1800
95.6200
96.6200
96.9400
98.4300
97.1300
96.1200
97.7300
98.7900
97.3000
94.7400
95.4600
95.9800
95.6900
94.4700
95.7000
95.6900
96.5700
97.1200
96.7400
97.9200
96.2600
96.5100
102.5800
101.8800
103.9200
104.5900
104.4000
105.9500
98.4700
98.5600
98.9500
98.3100
97.7200
97.8500
96.9200
98.7800
99.8600
98.6800
99.2000
99.4900
99.4400
98.6800
97.9200
96.9700
98.7300
101.4500
102.4900
102.1600
101.3700
101.1800
101.2300
100.7400
100.2800
100.3700
101.1500
101.5300
100.9600
101.2000