32.9800
32.7300
31.8100
31.4500
31.8300
32.4000
32.2700
32.5800
32.4800
32.0200
32.0100
32.2600
31.7500
31.7200
31.6100
31.7200
31.6700
31.4400
31.5700
31.7000
31.7100
31.8400
31.9000
31.8500
31.8700
31.8700
32.0700
31.6700
31.6300
31.8100
31.8400
32.0600
32.9000
33.0500
33.1100
33.5400
33.7100
33.5200
33.1500
33.3200
33.1600
33.1900
33.0400
32.6700
32.8400
32.7900
32.8300
32.8200
32.9000
32.8700
33.0400
32.8000
33.1100
32.9600
32.8300
32.8100
32.8800
32.9000
33.0500
33.0400
33.1800
33.8500
33.8300
33.9700
33.6600
33.5500
33.2400
33.0100
33.1400
33.1400
33.0100
33.2700
33.6900
33.6700
33.8100
33.8300
33.2500
33.6200
33.6400
33.9000
33.8500
33.8300
33.6200
33.6000
33.6400
33.8200
34.0800
33.9600
34.0300
34.4300
34.4000
34.4400
34.2600
34.1600
33.8000
33.4000
32.7500
32.6700
32.4200
32.5600
32.5800
32.4200
31.9100
31.7000
31.3300
31.5500
31.4800
31.7800
31.5800
31.7200
31.5800
31.5000
31.4000
31.6900
31.7800
31.9800
32.4500
32.3500
32.1200
32.0600
32.0000
32.2400
32.4000
32.5200
33.3800
33.3900
33.4300
33.1900
32.9900
32.7200
32.6100
32.8600
32.7700
33.3500
33.1000
33.0700
33.2600
33.5800
33.1900
32.8500
32.5200
32.5900
32.7500
33.1200
33.2700
33.1100
32.9600
32.4700
32.7900
32.7700
32.7600
33.2600
33.1600
33.3100
34.3500
34.5400
34.6400
34.8000
34.8000
34.8600
34.8100
34.6500
34.7000
34.9900
35.3800
35.4800
35.3500
35.0900
35.1400
35.1200
34.7100
35.1800
35.0400
34.7100
34.5900
34.6400
34.6700
34.5500
34.6200
34.9200
35.1400
35.1400
35.1000
35.1900
34.8300
34.8600
34.7500
34.8200
35.0400
35.1800
35.3600
35.1200
35.3200
35.3200
35.1000
35.0000
34.8800
34.6800
34.8300
35.0000
35.1900
35.4600
35.2200
35.0100
34.7000
34.5900
34.7500
34.7200
35.2700
35.2200
35.2300
35.0300
35.3000
35.2100
35.4600
35.4800
35.7700
36.5800
36.3800
36.2500
36.6400
36.9500
36.2100
36.4500
36.7000
36.4700
36.6000
36.5300
36.5500
36.7500
36.6400
36.5500
36.6800
36.4300
36.6300
36.6300
36.4300
35.8700
35.8200
35.5800
36.1600
36.2500
35.9800
35.8900
35.5000
35.3600
35.0400
34.8700
34.5600
34.8900
35.9200
35.9900
35.6800
35.5000
34.9900
35.2100
35.3100
35.2200
35.5300
35.6600
35.7100
36.1200
36.2900