8.2400
8.1700
8.1500
8.2200
8.2300
8.3300
8.4300
8.3800
8.2800
7.4900
7.6500
7.5900
7.7300
7.8100
7.9300
8.0800
7.9800
8.1100
7.8000
7.8400
7.9100
8.1000
8.2900
8.3500
8.3700
8.5500
8.6800
8.7000
8.7100
8.7500
8.6200
8.6900
8.7400
8.6700
8.6800
8.6800
8.9500
8.9700
9.1400
9.0100
9.1200
9.1000
9.0100
8.8800
9.0800
9.1800
9.3600
9.2700
9.4900
9.4400
9.5400
9.4200
9.4300
9.2400
9.3200
9.1900
9.3100
9.4700
9.4200
9.2800
9.2300
9.1900
9.1500
9.1400
8.9200
8.9400
8.7500
8.5400
8.5700
8.7100
8.5700
8.5900
8.7700
8.7200
8.7400
8.7900
8.6400
8.5300
8.6600
8.8400
8.8200
8.7200
8.7400
8.6800
8.6500
8.3700
8.2800
8.2800
8.3800
8.3100
8.3300
8.3100
8.4400
8.4000
8.4600
8.1800
8.3000
8.4500
9.2500
9.0300
9.0800
9.1100
9.0300
9.0000
8.6400
8.5500
8.7900
9.1100
9.0300
8.9800
8.8500
8.9900
8.8400
9.0600
9.0600
9.1400
9.2300
9.3100
8.9300
9.1000
8.8800
8.9400
9.0100
8.9800
9.3000
9.3700
9.4500
9.5000
9.2200
8.9300
8.9200
8.8500
8.8100
8.8800
8.7500
8.7700
9.0100
9.2000
8.9700
8.6900
8.6300
9.0500
9.1800
9.4500
9.3300
9.2100
8.9800
8.8900
9.0200
9.3500
9.5100
9.5500
9.5900
9.6000
9.5100
9.4200
9.8000
9.9600
10.0300
10.0000
10.0400
10.0100
9.9900
10.0100
9.9400
10.0800
10.0600
9.9500
9.9900
10.0900
9.9700
10.1500
10.1400
10.1400
10.0800
10.0500
10.0200
10.1300
10.0700
10.0800
10.1000
10.1000
10.2000
9.9900
9.8600
9.7300
9.8800
9.8900
9.6800
9.6800
9.7900
9.6900
9.6800
9.5400
9.3300
9.3600
9.4300
9.5200
9.5900
9.7300
9.7000
9.7000
9.5700
9.5200
9.4900
8.3700
8.4500
8.4200
8.6500
8.8000
9.0300
8.9700
9.0500
8.8800
8.8000
8.7600
8.7300
8.7500
8.6000
8.5000
8.4500
8.4900
8.4100
8.5800
8.7400
8.7700
8.7700
8.8000
9.2100
9.3500
9.3900
9.5800
9.5000
9.6000
9.5800
9.4700
9.6500
9.6100
9.5300
9.5300
10.7600
10.8200
10.8000
10.8500
10.8000
10.9300
10.7200
10.8200
10.7000
10.8700
10.9300
10.8500
10.8300
10.7500
10.8300
10.8300
10.8200
10.9700
10.9800
11.0100
11.1200
11.1200
11.0000