101.2000
97.4800
98.7700
101.0600
100.7500
104.7900
105.8200
105.6800
103.9000
103.4400
107.7000
114.5100
114.1900
114.7500
117.5300
118.1400
116.2200
116.6000
115.5700
116.8000
119.3200
118.2800
124.1000
123.2300
122.8000
123.8000
125.6100
128.4400
132.2300
131.6000
130.6200
131.7500
129.1700
127.6100
128.0700
131.7700
143.6400
143.3500
143.4600
143.1600
144.9800
143.7900
142.0800
140.6900
143.4600
146.0800
147.4300
147.1700
152.2600
151.6100
152.4300
151.3900
149.9400
150.9900
154.3700
152.8400
153.9000
157.3400
153.5000
154.0600
156.4100
154.5100
157.1800
158.3200
155.6800
157.0400
157.5200
153.7300
158.0800
158.3000
159.3700
154.9300
156.1700
158.6400
159.5700
156.9000
155.0000
149.9800
150.7000
156.2000
156.6600
155.7300
156.8800
158.9400
157.5200
152.5900
151.8300
146.0200
148.9800
135.4400
137.7800
136.5500
138.1000
136.5800
133.8000
145.5800
149.0500
149.4500
150.6100
146.2100
147.0000
145.6900
140.9500
138.6200
130.9900
131.2200
133.7400
136.9800
135.5600
136.4900
130.4600
130.5800
127.3300
129.3600
134.5600
136.8000
138.0100
137.7500
132.7700
137.1100
134.1600
135.3300
135.7200
131.7800
138.2600
139.0700
141.3500
142.4200
135.7500
131.3000
128.8700
126.9100
127.5400
130.5500
127.9900
126.7800
134.9000
139.1100
135.1600
131.0000
126.7200
125.3200
124.6100
131.4900
125.8700
124.3600
124.5700
121.3700
128.2700
132.7200
136.6800
135.5500
137.7600
139.8400
145.1500
142.5600
144.1300
146.9600
147.2300
147.5700
147.6400
148.6200
146.7700
148.5400
149.0600
145.1200
145.6000
142.6900
145.1800
144.8400
144.7300
148.8900
149.5700
149.3400
150.7900
152.7100
156.9900
159.4300
158.1600
156.2900
157.9800
156.0200
155.2000
153.5700
152.1300
148.9400
153.1800
152.6900
151.1400
152.9400
157.0400
157.8300
154.7300
153.6000
152.1400
150.1600
152.6100
153.2900
154.1500
155.4600
151.6300
150.1000
149.0100
147.6300
148.8000
148.2200
145.3100
146.6500
145.9800
146.2200
146.6000
145.0900
147.7200
146.5200
143.2800
141.1400
141.6800
141.1100
139.6800
140.7300
144.3000
147.3200
145.9000
158.7800
159.4500
160.2200
156.3700
157.8600
158.7500
157.6700
157.0500
156.9400
156.8700
157.4100
156.7000
158.4200
165.0000
167.0300
166.6400
166.8100
168.9100
170.9000
169.8600
170.0800
168.9500
169.3500
166.3400
166.2400
164.1800
168.1000
171.1700
168.7100
169.6100
168.9800
169.9700
171.8300
173.1200
173.3500
174.0100
174.6500
169.6400
171.1300
170.0200