24.5200
24.4900
24.3100
23.5300
23.3700
24.4100
24.5800
24.8800
24.1500
24.6900
25.5200
26.0900
26.1000
26.2900
26.0900
26.3200
26.0300
26.1800
25.9300
25.8300
27.1900
27.2600
28.0700
27.4500
26.4800
31.3900
32.9400
32.4700
32.3700
32.6000
32.9700
33.2600
33.0800
31.9700
31.8900
32.2800
32.0900
32.3500
32.2300
31.7600
31.8500
31.3200
31.9300
31.0100
30.9300
31.2900
31.4700
31.1500
31.4500
31.0700
32.1000
31.6000
31.5100
30.4700
30.8600
30.4100
30.6900
31.0800
31.1100
30.5200
30.2800
29.9400
30.1300
29.6700
29.0000
29.3500
28.6200
28.1800
27.3900
27.6900
27.0200
27.3600
27.6900
27.8500
27.5600
27.2600
26.8000
27.1100
27.7700
28.0000
28.4800
28.0600
28.3800
28.2000
28.0000
27.2100
27.2500
27.0000
27.1800
27.0000
27.1100
26.5900
26.3700
26.4200
25.7700
25.7500
26.5500
26.3900
26.6700
26.4500
26.6200
27.3000
26.9100
26.6400
25.8000
25.5000
26.0000
26.3600
26.1300
26.1500
25.0500
24.7900
24.2000
24.3100
24.7100
24.6200
24.6800
24.7100
23.8500
23.9000
23.3300
23.2900
23.6600
23.7600
24.8200
24.8100
25.0900
25.0000
24.2300
24.0000
23.4400
23.1800
23.0600
23.7300
23.3300
23.4500
23.8600
23.6000
23.3500
22.8100
22.5000
22.7300
23.5900
24.2300
24.2900
24.6200
24.5000
24.1500
24.8300
25.1300
25.5200
29.5300
30.5100
31.3200
31.4100
31.3400
31.3400
32.0700
32.6800
32.9800
33.0400
32.9400
32.8200
32.9900
32.9800
32.6200
32.4900
32.2000
32.2100
31.9600
32.3600
32.7500
33.0400
33.0900
32.9000
33.0600
33.5500
34.6800
34.1800
33.6900
33.5400
33.0600
33.0800
32.8500
31.9900
31.9300
32.2200
32.2100
31.7400
31.8000
31.7800
31.8000
31.8800
31.9300
31.2800
31.3300
31.5500
31.4200
31.7500
32.2400
32.4200
32.1000
31.4600
31.7100
31.1700
30.7800
30.7400
30.5900
30.4500
31.1300
31.1200
31.4600
36.8000
35.8000
35.3300
35.2200
35.2400
35.2200
34.8000
34.4300
34.4700
35.9100
36.9100
36.8600
37.9000
37.7900
37.5900
38.2100
38.4200
38.0600
39.2700
38.4900
38.6000
38.7700
38.8700
39.1100
39.2800
39.8400
39.8200
39.6000
40.5800
40.2300
40.0500
39.9100
39.0500
39.2400
39.2300
39.2400
39.0400
40.0500
41.5000
41.5700
41.6600
41.2200
40.3800
41.0900
41.6800
41.9500
42.0000
42.0100
41.6400
41.7600
41.8700