18.6300
18.9900
18.9200
18.8500
18.9700
18.8300
19.0700
19.1500
19.0600
19.3100
19.5400
19.7900
19.9200
19.8300
19.8200
19.8300
19.8300
19.5600
19.5600
19.6500
19.8000
19.8000
20.0900
20.1900
20.2000
20.4300
20.0000
19.9000
20.0300
20.0700
19.9100
20.1900
20.2900
20.3600
20.1200
20.2300
20.1400
20.1700
20.2000
19.8800
19.8800
19.7600
19.6000
19.4800
19.4100
19.6800
19.8000
19.8300
20.2200
20.2000
19.9100
20.0300
20.1400
20.5700
20.5000
20.3800
20.5300
20.8400
20.9100
21.0800
21.0300
21.1500
21.1900
20.8200
20.3600
20.2200
19.9600
19.5500
20.0200
20.0600
19.8500
19.7300
20.0800
20.0600
19.9100
19.9100
19.6800
19.4200
19.4900
19.6000
19.9800
20.1600
19.9800
19.8400
19.7200
19.1200
19.0800
18.7100
18.7800
16.8100
16.5100
16.7100
16.5400
16.6900
16.5500
16.4700
16.6700
16.7300
16.6900
16.3900
16.3300
16.5900
16.3900
16.3300
15.9600
16.1100
16.1200
16.6900
16.5800
16.7300
16.4800
16.7900
16.6600
16.9200
17.1000
17.1400
17.1800
17.5100
16.9300
17.1300
16.9400
16.8200
16.7300
16.4800
17.1700
17.0800
17.1500
16.9400
16.7700
16.6500
16.4100
16.3800
15.9800
16.3100
16.1900
16.2300
16.7000
16.6800
16.3600
16.0700
15.1200
15.4200
15.3800
15.6900
15.8700
15.9500
15.9800
15.7400
16.3500
16.6900
17.1400
17.1600
17.7000
17.5400
17.3400
17.1700
17.3500
19.0200
19.0600
18.9400
19.1600
19.2200
19.1300
19.2000
19.3600
19.2200
19.2000
18.9000
19.0800
19.0000
18.9000
19.7300
19.5600
19.1500
19.0400
19.0800
19.3600
19.4900
19.1600
19.0500
19.1200
19.1100
18.9000
18.8100
18.6700
18.5800
18.8000
19.1000
19.0400
18.8700
18.9300
18.9000
18.8600
18.9000
18.8000
18.3100
18.2600
18.4100
18.5500
18.8500
18.7100
18.6100
18.0400
18.1900
18.0100
17.3800
17.2000
17.2900
17.1500
17.5100
17.3500
17.4000
17.4800
17.2100
16.8300
16.8200
16.8600
16.8500
17.6600
17.9400
17.9900
18.3000
18.3400
18.4800
18.8400
19.0600
18.9600
18.8300
19.0100
18.9100
19.0300
19.1700
19.2100
19.4800
19.3400
19.7900
19.7800
19.7300
19.7400
19.8600
20.1100
20.3800
20.2700
20.2400
19.9600
19.8300
19.9200
19.6500
19.4500
19.6500
20.3400
20.4500
20.4800
20.2900
20.3100
20.3000
20.4400
20.4800
20.9700
20.9800
21.0300
20.9500
21.0200