22.0400
22.6600
22.7600
22.6900
23.0300
23.5300
23.4800
23.6800
22.9400
22.9500
22.8600
23.0500
22.8200
22.6900
21.8500
22.6600
22.9800
22.7600
22.6700
22.5500
22.6500
22.5800
23.1700
22.3200
22.1500
21.9500
22.2800
22.0500
21.9400
21.8200
21.1900
21.5200
21.5900
21.1500
21.3300
21.6900
21.6600
21.8400
21.5200
21.0100
21.0900
20.7600
20.4600
20.1600
20.2500
20.8900
20.9000
20.6200
20.8100
20.2100
21.9200
22.2500
22.0700
21.7300
21.7600
21.0200
21.1700
21.5500
22.0600
21.5200
21.5900
21.5200
22.1200
22.1500
22.4900
22.3200
21.6800
21.0600
21.3100
22.0600
21.9200
22.0800
22.4400
22.2100
21.5600
21.6100
21.4900
21.8100
22.1600
22.3900
22.3900
22.2900
22.6800
22.5500
22.4600
22.1500
21.9900
21.9900
21.6600
21.6800
21.6600
21.5400
21.5100
21.5200
21.0200
20.7800
21.3300
21.1300
21.4700
21.3500
21.3700
21.4000
20.8800
20.8900
20.3200
20.3400
20.3300
20.8900
20.9900
21.0800
20.9800
21.7700
21.7400
21.9300
22.3000
22.6900
22.6500
22.4700
22.1000
21.6300
21.3000
21.4300
21.8400
21.8800
22.3600
22.1800
22.2200
22.2700
22.4100
22.4000
22.2200
22.2500
22.1200
22.6600
22.5900
22.7900
22.6300
22.7800
22.3700
21.8900
21.6500
21.8300
22.2500
22.8500
22.8900
22.9400
22.5100
22.6000
23.1100
22.9100
22.8400
22.8100
22.6500
22.9800
22.8800
22.9600
23.0000
23.1900
23.3900
23.3900
23.2600
23.2200
22.8400
22.9900
22.7800
22.7000
22.6000
22.4100
22.4600
21.7300
21.4000
22.0600
22.3100
22.2800
22.6600
22.8400
23.0400
23.1600
23.2600
23.0100
22.7900
21.4900
21.1300
21.3600
21.1700
21.0000
21.1100
20.7500
20.8100
20.7000
21.1800
21.2900
21.4200
21.6100
21.2100
21.0900
21.1600
21.3100
21.4500
21.6300
21.1900
21.3600
21.1000
21.2900
21.3100
20.5900
20.5800
20.5500
20.4700
20.8300
20.6600
20.7100
20.8600
20.2300
20.0400
19.8800
19.9600
19.9000
19.5900
19.3700
19.0100
19.6800
19.5200
19.3700
19.7100
20.0100
20.0100
19.7800
19.8400
19.7600
19.5700
19.6400
20.1600
20.2500
19.9100
19.9300
19.5900
19.6400
19.7400
19.7700
19.9100
20.2400
20.0100
20.1000
19.9500
19.8500
19.7000
19.6200
19.4300
19.7300
20.1700
20.3600
20.9400
20.4600
20.5100
20.5400
20.5400
20.5400
20.6500
20.7800
20.8200
20.8900
20.9100