35.2400
36.4000
36.5100
37.3100
37.3900
38.0400
37.6000
37.4200
37.3700
37.5600
37.8200
37.9200
37.9300
37.5300
37.5000
37.4500
37.5600
37.4700
37.0000
37.0900
37.8200
37.3300
37.9000
37.9400
38.1000
38.0500
38.0100
37.6800
38.3600
38.2100
37.9500
38.5300
38.6000
38.7000
38.4700
38.5600
38.8000
38.7200
38.4100
38.5600
38.8000
38.3100
38.2300
37.5600
38.0200
39.2600
39.3000
39.4200
39.8900
39.5000
39.9700
40.2100
40.2700
40.4700
39.2000
39.6000
39.3800
39.8100
39.7800
39.3500
39.0300
39.1200
39.2700
39.2700
38.9800
38.9600
38.3400
37.7500
38.3600
38.6800
38.4800
38.4900
39.2100
39.4000
39.2200
39.2500
38.7500
38.9200
38.9800
39.1500
39.4200
39.1700
39.3600
39.4700
39.3400
39.1900
39.3100
39.3000
38.5600
38.5500
38.7100
38.4100
38.2700
37.8500
36.8000
36.5000
37.2000
37.4100
37.7600
37.7200
37.3100
37.6100
37.0900
36.9000
35.7600
35.8100
35.6200
36.0000
36.1400
36.3800
36.1400
36.6800
36.4100
36.6800
37.2300
37.2200
37.6200
37.3700
36.6500
36.8000
36.1500
36.2400
37.0400
37.4000
38.6100
39.3100
39.4200
39.5300
39.0600
39.1700
39.2700
39.2800
38.9900
39.8700
39.4100
38.0000
37.9100
38.0400
37.6600
37.5700
37.5200
37.5900
38.5300
39.2900
39.4600
39.6300
39.6400
39.9200
40.6500
40.7700
40.6600
40.8400
40.7400
40.9300
40.7900
40.7400
41.3900
41.2000
41.4100
41.3600
41.0700
40.8600
40.5900
40.8600
40.8400
40.4600
40.6100
40.3000
40.4200
40.2700
40.5100
41.4900
41.4100
41.2500
41.3400
41.8600
42.2200
41.7200
41.2200
41.4800
41.2600
41.1900
40.6500
41.3400
41.3800
41.1600
41.5900
41.4300
41.6900
42.1200
42.2000
42.2500
42.2000
42.1700
42.5100
41.9700
41.8000
41.8600
42.0000
42.1700
42.3500
42.3800
41.8800
42.0000
41.4900
41.2600
41.3700
41.4700
41.8100
42.4000
41.8000
41.5500
41.8000
41.2000
40.8200
40.6500
40.5500
40.5300
39.8700
39.4000
39.6700
40.0700
40.5600
40.4700
40.8600
40.7500
40.5700
40.6900
41.0100
41.4400
41.4400
41.8500
41.9700
42.3100
42.0000
42.0400
41.8500
41.7800
41.6300
41.5800
42.1500
42.5900
42.4500
42.7900
41.6400
41.4600
41.1400
40.7000
40.3400
40.9000
41.9900
42.1800
42.5900
42.5000
42.6200
42.7200
42.6900
42.5800
42.2500
42.3200
41.9200
42.2100
42.4100