37.3300
37.0900
36.8100
37.0200
36.8300
36.9800
36.6100
36.6400
36.5900
36.9600
37.4600
37.4700
37.9500
37.5800
36.9400
37.5300
37.1500
37.2600
36.9700
37.0300
37.5100
37.1100
37.4000
37.1100
37.4900
37.8900
38.0000
38.0200
38.0800
37.8200
37.8300
38.4100
39.2600
39.4300
39.2900
39.4100
39.9200
40.0000
40.4000
40.2500
39.9000
39.0300
38.6700
38.6100
38.6900
38.7200
39.0200
38.9800
39.3600
39.2000
39.2100
39.0800
39.3700
39.1500
39.5200
39.1000
38.9600
39.1600
39.1200
38.6500
38.6400
38.6500
38.7300
38.6900
38.5800
38.5200
38.3500
37.9300
38.1200
38.4700
38.0900
38.1100
38.5400
38.4000
38.0700
38.1200
37.7800
37.9400
38.0300
38.4500
38.6000
38.5600
38.9900
38.8400
38.7500
38.4700
38.5400
38.1700
38.1200
39.5300
39.5200
39.1500
38.6300
38.6200
38.3800
38.5900
38.7100
38.5200
38.7800
38.7000
38.9400
39.3400
39.2500
39.2200
37.0500
37.4200
37.5800
37.3300
37.1300
37.4300
37.5800
37.3800
37.3200
37.7100
38.3800
38.6600
39.0500
38.8600
38.4900
38.6400
38.1500
38.3000
38.5900
38.8000
39.4900
39.6600
39.6900
39.3800
39.3600
39.5200
39.3700
39.9200
40.0900
40.7300
41.0500
41.7800
40.7700
41.5900
41.4800
41.0200
40.6200
40.3400
40.8500
41.3300
41.3700
41.5400
42.1200
41.6700
41.7400
41.7600
41.8500
42.0200
42.5400
42.7800
42.8500
42.7400
42.2900
41.9900
42.0600
41.6900
41.4600
41.5100
41.6700
42.2600
41.9600
41.9700
42.3800
42.0800
42.2600
42.7300
42.7000
42.9500
41.9300
41.8800
42.3600
42.6000
42.9100
42.3700
42.0800
42.4500
42.1800
42.2600
41.8900
42.1000
41.9400
41.2300
40.8200
40.4000
39.2200
39.4700
39.8800
39.6500
39.8200
39.6900
39.4900
39.5800
39.1800
39.0600
38.7900
38.9400
39.3300
39.3500
38.9600
38.5600
38.2600
38.6600
38.6800
38.5600
38.3800
38.5000
38.3300
38.4300
38.4900
37.8800
39.2400
38.8100
38.9200
38.7800
38.1500
37.7100
37.5300
37.9100
38.0700
37.8300
38.5200
38.4000
38.5200
38.5500
38.7000
38.8400
39.1800
39.2800
38.8800
38.8300
37.9400
38.0300
38.5700
39.0700
38.9200
39.0600
39.4700
40.1500
39.7500
39.7500
39.2900
39.2800
39.1300
38.9600
38.5600
39.1200
40.1800
39.7600
39.9100
40.1300
39.7300
39.8300
40.1800
40.3200
40.0700
39.7900
39.5800
39.7000
40.0200