65.7200
65.9600
67.2900
66.4100
66.6400
69.7600
70.2800
69.1100
68.3400
68.4300
69.3500
69.8200
70.1700
70.6100
71.1800
71.7700
71.2300
71.3300
70.9900
71.7500
72.9700
72.6100
73.3500
72.3700
72.0100
70.7500
70.6800
70.0800
70.6500
70.7500
70.7200
71.9600
71.0800
70.6100
71.1400
70.6000
72.1800
72.0000
71.5500
70.9500
71.3700
71.3400
71.4400
70.3900
71.0900
72.8600
72.7000
72.8000
75.6300
75.3100
76.2600
76.9100
76.1900
75.7700
76.9400
76.3700
76.3800
77.6700
77.4100
76.4000
76.3000
76.9500
77.0100
76.3100
76.2800
77.2900
75.9100
74.8200
75.3700
76.7600
73.8000
72.7000
74.2500
72.6700
71.9000
71.6100
71.7700
72.3900
72.1100
73.4000
73.9800
73.3300
73.3800
72.8400
71.0900
69.6600
56.3000
60.3000
60.5900
61.0500
61.2900
60.0400
61.2000
60.3700
59.4500
59.6300
61.0800
60.9300
61.2700
60.1100
60.0000
61.0000
58.8600
58.2500
56.9000
57.9300
58.3600
60.1100
59.3300
58.8500
58.0600
58.6300
58.6100
59.0900
60.5000
59.9300
60.3900
60.3500
57.9700
58.4700
57.9000
56.9400
57.6100
56.2000
60.0000
59.3900
59.7500
60.2200
57.6600
57.3600
56.1900
56.5200
55.3500
57.2600
58.2600
58.1800
59.3100
58.9600
57.3200
56.4900
55.6500
56.1000
56.9600
58.5300
57.3100
56.7700
56.2600
56.2800
57.8600
64.2100
63.8000
64.4000
64.4400
64.9700
64.9400
64.3100
63.7300
64.9200
64.4800
64.1100
64.4400
64.8300
64.9900
64.8600
64.5500
64.4200
64.7300
63.8300
64.2800
64.2200
63.8700
65.9400
67.2000
66.8200
67.2600
68.2000
70.0400
71.0000
69.0500
68.7000
68.6100
68.2500
68.6100
68.4600
67.9100
67.8800
68.7200
69.8900
71.2500
71.1300
71.5400
71.8300
71.8200
71.3500
69.9700
69.3600
69.8300
69.5400
69.8000
70.2500
69.5400
69.3700
68.7700
69.8100
69.5900
68.6000
68.1700
66.7300
66.6500
67.2100
66.1500
66.0200
67.3500
66.9400
65.2700
66.0000
65.9500
65.2800
64.2900
65.0100
65.7400
66.1500
65.3400
65.5100
66.4800
65.9900
65.5400
65.6800
67.1200
67.2300
66.9800
67.1400
69.7500
69.9700
70.3200
70.9700
72.2700
72.2000
72.0900
72.5300
72.9400
74.2600
73.2700
73.7200
73.7300
73.3500
73.1500
73.0000
72.3100
73.8800
76.1400
75.3600
75.1800
75.5100
74.5000
74.4100
75.0500
78.4700
78.4500
78.1600
78.0200
78.5200
79.3200