61.9600
61.8700
63.6500
62.0200
62.3000
64.1100
65.0700
65.4400
64.8500
65.6700
67.5600
69.3800
68.1200
68.1200
67.8400
67.6100
65.0000
65.1400
65.0400
65.2000
66.5300
67.2800
68.7800
69.4500
70.6900
71.3100
71.9800
71.4600
73.6200
73.8700
74.1600
75.5500
74.7700
73.6200
73.3300
73.7800
75.1600
75.2400
74.8500
74.7400
76.2600
75.4300
73.5100
71.8200
71.8200
75.2500
76.2700
77.2200
79.7100
78.2400
79.1900
78.2000
78.2000
76.8100
78.4700
78.4600
77.6800
80.5000
79.3600
78.4000
78.3800
78.9100
79.9500
79.4800
78.0200
78.2800
75.7700
73.7100
74.0500
74.8600
75.1200
75.5600
77.9700
78.1800
78.2000
77.7800
76.8500
74.5200
77.1700
86.7600
85.7800
85.6100
87.3000
87.2400
85.4300
82.8500
82.9400
81.5700
81.8600
78.3500
79.4600
78.1900
78.8000
77.1500
75.2400
74.8200
77.7500
78.6500
79.4300
75.6900
75.4300
75.8600
73.9600
73.0800
70.7900
72.2800
73.6800
76.9500
75.9100
77.1200
75.1800
76.7700
75.8500
76.7500
80.1200
80.4500
80.9700
80.8900
78.0500
80.1400
78.2300
79.8000
80.5200
78.1200
83.9400
83.9900
85.6200
83.7800
77.4500
76.5600
76.1400
75.1800
75.9700
76.6300
76.3700
76.5800
81.4900
82.6300
80.7500
77.7700
76.7600
75.1100
74.2200
77.8100
73.2500
72.6800
69.3300
69.4100
72.4400
72.6900
74.3600
73.2400
75.5500
76.2600
75.9800
75.4700
75.0600
76.8500
78.0800
76.7600
77.2600
77.6800
77.0500
77.0000
77.1700
77.0400
77.9700
76.9800
77.6900
78.0000
77.6200
81.7500
80.5900
80.3400
80.1800
80.2800
80.3100
81.7400
81.2100
80.7500
81.3300
81.2300
81.1900
77.0000
75.2700
74.2100
75.8200
76.5300
75.8900
75.4900
75.2100
74.6500
71.5700
70.6000
68.1400
68.7000
67.6200
67.7000
66.7900
68.6500
65.0500
64.9100
64.1600
63.9000
63.8100
64.0800
63.0900
62.8200
61.7800
63.7200
62.7700
62.9200
64.3600
62.1000
60.5600
60.1700
59.2900
57.9300
57.3400
57.7700
59.2100
61.1600
60.1600
61.9000
61.7700
62.1700
60.2800
60.8500
62.5500
61.1600
60.2500
61.0200
59.9000
60.0500
62.0300
62.5600
65.5800
63.9800
64.2800
65.0200
66.1800
67.2300
66.4500
65.5700
66.1500
65.3000
65.5000
65.1300
64.3000
65.6200
68.1700
65.8700
66.5500
68.1600
68.4600
70.7500
70.4800
71.4700
70.7100
69.7200
68.8700
68.6100
67.6500