12.6900
12.5800
12.6300
12.5900
12.5600
12.7100
12.7800
12.7900
12.5400
12.7100
13.0000
12.9900
13.0800
13.1500
13.3500
13.4600
13.4500
13.4400
13.2700
13.3100
13.3900
13.4000
13.5000
13.4900
13.3200
13.0500
13.0100
12.7900
13.0500
12.9500
12.8600
13.3300
13.2600
13.1900
13.0100
13.2200
13.1900
13.2600
13.0700
12.8800
12.7700
12.4000
12.3500
12.2200
12.1900
12.3500
12.5200
12.4300
12.6700
12.4900
12.9000
12.8500
12.8100
12.7800
12.7100
14.0200
13.6300
13.7300
13.5000
13.3700
13.4300
13.3500
13.5000
13.3800
13.3000
13.2400
13.0300
12.9600
13.0500
13.2700
12.8600
13.0400
13.4900
13.3300
13.1600
13.3300
13.0700
13.0800
13.1900
13.4200
13.4600
13.3700
13.4100
13.2700
13.0100
12.9000
13.0200
13.0300
12.9900
12.5200
12.6600
13.3300
13.3000
13.2800
13.2200
12.9900
13.4400
13.3900
13.5100
13.8900
13.9800
14.2000
14.0700
13.9500
13.7600
13.8000
13.9600
14.2900
14.2800
14.3400
14.1200
14.2600
14.1400
14.2400
14.2400
14.3900
14.4000
14.3800
14.2900
14.4000
14.2400
14.3100
14.5100
14.4200
14.7700
14.8600
14.9500
15.0000
14.9500
15.0100
14.9400
14.9200
14.5600
14.6900
14.9100
14.9400
15.0000
14.9500
14.6700
14.4800
14.4200
14.4700
14.7100
15.0500
14.9300
14.7400
15.0300
14.8600
15.4000
15.6000
15.7400
15.6700
15.8000
15.4100
15.6900
15.7100
15.6500
15.3100
15.5200
15.5200
15.4200
15.3400
15.3900
15.3300
15.2600
15.4500
15.6000
15.4700
15.5100
15.8400
15.8400
15.8400
15.9800
15.9800
16.0300
16.0800
16.1400
16.0900
16.0400
16.0900
16.0600
16.1100
16.2500
16.4200
16.1000
15.3600
15.5100
15.6700
15.5600
15.5200
15.5000
15.7300
16.0400
15.8400
15.6900
15.8400
15.8600
15.7800
16.0700
16.2600
16.3500
16.2900
15.8900
16.0100
16.0100
15.9900
16.3600
16.1700
16.8100
17.2300
16.5600
16.7300
16.8300
16.3600
16.2300
16.2800
16.0400
16.0000
15.5900
15.0200
15.2300
15.1100
15.1000
15.1400
15.3300
15.2200
15.0600
15.0800
15.4500
15.6100
15.6600
15.7300
15.9200
15.8900
15.9500
16.1100
16.3500
16.1600
16.1500
16.2600
16.4300
16.6500
16.4800
16.6000
16.3500
16.3100
16.2400
16.2300
16.0300
16.4100
16.6200
16.6300
17.1600
17.1000
17.0500
17.0300
16.9500
16.9600
16.8100
16.9800
16.9000
17.0000
16.8500