30.9100
30.8000
30.6000
29.3900
29.3500
29.7700
29.8700
29.7300
29.5200
30.2100
30.2700
30.4200
30.3000
30.4600
30.3000
30.3600
29.5400
29.7300
29.5000
30.0700
31.3300
31.0600
31.0200
30.5500
31.0000
30.4900
30.5300
31.1800
32.3000
32.7300
32.8100
32.8300
32.9100
32.7000
32.8700
32.5700
32.4200
32.2800
32.2500
32.6900
33.0200
32.3700
32.6300
31.8400
32.5700
33.1700
33.1700
32.8900
33.7100
33.8200
33.7400
33.7900
33.7200
33.3100
32.7500
32.2100
32.2900
32.8400
32.8000
32.6600
34.6000
35.5700
35.0000
34.9900
34.5900
34.4400
33.6600
32.8500
32.7700
33.3100
33.0000
32.2800
33.0800
32.9600
33.5000
33.5500
33.3500
33.1700
33.3500
32.6800
30.0800
29.9900
30.4800
30.4800
30.3900
30.2400
30.2700
30.4500
29.9800
29.8700
29.9000
30.0800
30.1200
29.9600
29.6700
29.0300
29.6700
29.6700
29.8000
29.9800
30.6300
30.8200
30.6100
30.4000
30.0500
30.4600
31.1200
32.0000
31.7300
32.4500
32.2000
32.7000
32.3700
32.7300
33.0700
32.8700
34.1900
34.0100
33.4500
34.2000
33.5300
33.2400
33.2300
32.4600
31.7900
31.1200
31.0800
30.8600
30.5200
31.1600
31.4200
31.7300
31.5100
32.1600
31.8200
32.2200
32.4600
32.5500
32.1200
31.8100
31.9300
30.4100
30.7200
34.0700
33.5100
33.3300
32.7600
31.8300
32.3100
32.1500
32.3200
32.4800
32.5200
32.4500
32.3000
32.3200
32.7200
34.7100
34.9400
42.0400
41.9700
41.8900
41.8700
41.7400
41.9200
41.6600
41.9500
41.6800
41.6300
41.4300
41.3400
41.4200
41.6800
41.4100
41.2300
41.1000
41.3400
41.5700
41.6700
41.8400
41.6500
41.6700
41.7300
41.9500
41.8000
41.5300
41.7300
41.6900
41.8200
42.2200
42.3900
42.6600
42.4900
42.6900
42.7700
42.7700
43.3400
43.4600
43.7000
43.7500
43.6100
43.9000
43.5600
43.8700
43.6000
43.7700
43.9300
43.8900
43.6400
44.0200
43.7700
43.9300
44.0700
43.3100
43.0900
42.9100
42.8200
42.6300
42.4500
42.4000
42.4100
42.9500
43.0000
43.0800
43.4000
43.2900
43.2400
43.1700
43.3800
43.6800
43.6300
43.5200
43.7000
43.6500
44.1600
44.1600
44.0900
44.6300
44.6000
44.4500
44.5600
44.8300
44.4400
44.9200
44.7400
44.8000
44.7500
44.7000
44.4400
44.8300
44.9200
44.5200
44.5600
44.8300
44.2500
44.5200
44.7900
44.7000
44.8100
44.9300
44.8000
45.2000
45.2100