41.5200
41.8000
41.7500
41.4600
41.7900
41.9500
42.0400
42.1500
42.1500
42.5400
43.1000
42.8800
42.7700
43.0200
42.4400
42.1800
42.1800
42.2600
41.9200
41.7500
42.6500
42.6600
43.5100
43.2700
43.0800
43.5700
43.0000
43.1800
42.8300
43.3800
43.5300
44.5500
44.2700
44.0100
43.6900
44.0400
44.0700
44.5300
44.9100
45.1000
45.2100
45.0300
45.1700
44.7900
44.7100
45.2100
45.6400
45.3600
45.2300
45.1000
44.8800
45.2800
45.1300
44.6800
44.9100
44.7500
45.1400
45.6500
45.3400
44.6000
44.2900
44.8000
45.0700
44.9100
44.3100
44.6200
43.9400
43.5300
43.7500
43.4800
43.4300
43.6100
43.9400
43.6000
43.3300
44.3300
43.2500
43.4200
43.8000
44.5800
44.8800
44.6200
44.7100
45.9200
46.1400
45.4200
45.2600
45.2700
45.2300
45.9700
45.3200
45.1200
45.3200
45.1600
44.8700
44.4300
44.8800
44.9400
44.7900
45.1700
44.9800
45.6400
45.3300
44.9400
43.6000
44.1100
44.0300
44.8400
44.4500
44.8900
44.7300
45.3900
45.1900
45.8100
45.6500
45.6700
46.2500
45.9900
45.3900
45.9000
45.2000
45.4400
45.9900
45.9900
46.7300
47.8100
47.8300
48.1100
48.1200
47.2900
46.9300
46.9000
47.5200
48.0500
48.0700
48.4400
48.6100
45.4300
45.0800
44.8100
44.5900
44.5400
44.5600
44.9400
45.3300
45.2500
44.8400
44.9100
44.7500
44.9000
44.1200
45.5600
45.0200
44.9500
44.7000
44.1200
44.2200
44.7500
45.3100
45.8100
45.6300
45.7000
45.3500
45.5600
45.4400
45.3600
45.4300
45.2000
45.5500
45.9300
45.5300
46.5000
46.0600
46.1900
46.0500
46.4700
47.4500
46.9700
46.9000
47.4000
47.7100
47.8100
47.8700
48.0700
47.6300
47.8300
48.2400
48.4200
48.6700
48.4900
48.8600
48.8800
48.8600
48.6300
48.0200
48.0600
47.6000
47.0800
47.0700
46.9000
46.6500
46.5900
46.2000
46.2600
45.8800
45.9500
46.1100
46.0600
46.4000
46.4900
46.5600
46.6300
46.8800
46.6900
46.4300
46.3600
46.2500
46.2300
45.4100
44.7000
44.8000
45.0800
45.5700
45.7400
45.8300
45.3000
45.2500
45.8800
46.3400
46.5100
46.2800
45.9400
46.1800
46.7100
46.8400
47.2400
47.5500
47.5400
48.5000
49.2400
49.0400
49.2000
48.7500
49.1300
48.6700
48.6300
48.3000
48.4000
47.9200
48.3500
49.6800
49.7800
49.9900
50.0300
49.8500
50.2800
51.2300
51.3000
51.8900
51.7900
51.7600
52.1700
52.1100