110.3700
110.1800
109.1000
108.3100
109.4900
109.0600
107.7700
104.9700
106.0900
106.7200
106.8300
106.9300
106.8900
107.0100
106.7200
107.7300
106.5900
103.9600
103.4100
103.1200
102.7900
103.6900
105.5000
106.6700
106.8300
106.7600
106.3700
105.2800
106.3800
106.4900
105.0000
106.5200
106.6600
108.4100
107.5000
108.3500
109.0800
109.6300
109.6100
109.1200
109.7600
109.6100
109.3200
108.8500
109.4600
110.0300
109.5700
110.0000
111.1900
110.6900
110.0300
110.2800
110.7000
109.0800
107.9100
105.3500
106.3600
107.8400
107.0400
105.8900
106.8500
107.2100
108.3000
107.1400
105.6000
104.7500
103.4900
101.4500
100.9500
102.5900
100.7800
101.5100
103.6200
103.3900
102.5100
102.5200
102.4400
103.0300
103.8500
106.2200
106.2000
106.5600
108.2700
107.0300
105.9900
103.7200
103.3100
102.8400
101.7800
103.3600
102.6900
101.9400
100.9000
100.1000
100.1400
98.4600
99.6900
99.3200
99.0000
100.0600
98.8600
100.2400
97.6300
98.3100
96.4100
96.5800
96.4900
99.8000
100.3900
100.8400
99.9100
100.7400
100.1300
101.9200
104.3300
103.4600
104.0600
103.6300
100.0200
100.4400
99.0800
100.9500
102.5700
103.4600
105.5000
105.8600
107.3700
106.0300
105.0700
104.4600
103.8800
104.8500
105.0300
106.0100
106.7800
107.4300
107.8800
108.8400
109.1900
107.9500
106.3000
106.0600
108.2700
109.2600
109.8200
109.5800
110.5000
109.2500
111.1200
111.3100
111.9500
112.1400
112.6300
113.5500
113.2800
113.3200
112.5700
113.3200
112.6600
112.5200
111.9800
112.1500
111.2900
112.0100
111.7300
112.3500
111.8000
110.9300
112.1600
111.2200
110.7700
113.0300
114.0000
113.9600
114.1800
114.4800
116.5600
117.2500
117.1400
116.9700
116.6000
117.8500
117.8000
117.7800
116.9300
116.3000
117.2000
116.5600
117.2500
117.9600
116.1400
117.1500
117.5000
117.6200
117.3600
112.4500
113.0600
112.0700
112.8200
114.0900
115.1800
114.6500
113.3800
112.7400
109.3800
109.7100
110.9600
111.1800
110.2400
111.4600
108.3700
109.1900
110.3600
107.5100
105.8700
105.8400
105.9300
105.2800
102.5000
101.6200
102.4000
104.3500
103.5600
104.1000
105.4700
104.9900
103.3800
105.5800
105.7900
105.6900
104.6600
103.9600
105.1700
106.4500
106.9900
106.9600
107.7400
108.0800
107.9100
107.8200
108.6800
110.1000
109.9100
110.3800
109.7100
108.6300
108.4600
108.5200
106.4500
108.1400
110.3900
109.9200
110.5000
109.7500
109.2600
109.5400
110.4700
111.7300
112.8500
113.4400
113.9700
114.7400
115.2400