52.5000
52.0700
51.9600
51.4300
51.3600
51.2900
51.1700
50.9300
50.6000
50.8000
50.4300
50.3000
50.5700
50.4800
50.3100
51.1100
50.8500
49.5600
49.3400
50.0400
50.4200
50.5100
50.3800
50.2700
50.4200
50.2000
49.8600
49.9100
49.9300
50.2300
50.0800
50.4200
50.5700
50.1400
50.4700
50.9400
51.3200
51.4100
51.2500
50.4700
50.4100
50.5200
50.8200
50.5200
50.4900
50.6000
50.7600
51.3300
51.3600
50.5500
50.4800
50.3200
50.2600
50.6400
50.4600
50.4200
50.2800
50.7100
51.0100
50.6900
50.7800
51.2100
51.5000
51.5400
51.5900
51.3800
50.9000
50.2000
50.1700
50.3000
50.2800
50.7400
50.9900
50.6200
50.5400
51.0200
50.8500
50.8100
51.2400
51.8900
52.0700
52.1900
52.4400
52.1100
51.9200
51.9900
51.8700
51.9600
51.6700
52.1100
52.2200
52.2700
52.3000
52.5100
51.8900
52.2900
52.2300
52.4700
52.2100
52.5000
52.5500
52.5000
51.8600
52.0600
51.6300
51.5300
51.4700
52.2500
52.7400
53.2300
52.8100
52.8300
53.0500
53.7200
53.7800
54.2900
54.3800
54.1700
53.6800
53.6100
53.3400
53.3700
53.9200
53.7700
54.0000
54.3900
54.2300
53.7800
53.8300
53.7700
53.7000
54.0400
53.7000
54.1900
54.1900
54.2300
54.3700
54.1900
53.9600
53.5000
53.0100
53.2900
54.1300
54.9700
54.9200
54.3100
54.0100
53.8100
54.4100
54.3300
53.9800
53.6700
53.6300
53.7200
53.4500
53.5000
53.8100
53.9500
53.9200
54.1200
53.8000
53.6100
53.1400
53.4900
54.0500
53.9500
52.9700
52.5200
52.4800
52.5100
52.5000
53.7700
53.1600
53.2800
52.9400
52.7600
53.5900
52.8200
52.6100
52.2500
52.3600
52.7200
52.7000
53.1100
52.6500
52.8900
52.8100
52.9400
52.8100
53.2300
53.3300
53.3800
53.2600
53.0300
52.8200
53.2200
53.0300
52.6800
52.7600
52.6600
53.3500
53.5800
53.5100
52.9600
52.6900
52.4500
51.9500
52.0700
52.7800
52.0200
51.7000
50.9300
50.9700
49.8600
49.4300
49.3300
49.1900
50.2100
49.8900
49.6800
50.1500
50.2800
50.3400
50.1600
50.1200
50.6500
50.5400
50.4300
50.6700
51.1100
50.7500
50.4000
51.7300
51.5400
51.6900
51.5900
51.6000
51.5600
51.3400
51.1900
51.9600
52.2300
51.8000
52.2000
51.9400
51.9400
51.7100
51.6200
51.0800
51.8000
52.9200
52.9800
53.5400
52.6600
52.3700
52.2000
52.2200
52.4300
52.3900
52.5300
52.4000
52.4100
52.9200