46.5100
47.0200
46.7000
46.0400
46.4300
47.1400
47.3000
48.1000
48.4000
48.5400
49.4500
49.4000
49.4200
49.3500
49.4100
50.5900
50.9400
50.7200
50.9700
50.8900
51.5600
51.4000
52.0100
51.7800
51.6100
51.6500
52.0600
51.1500
50.6000
49.6600
49.4600
50.5300
51.4800
51.6000
51.2800
51.4300
50.9900
51.2000
51.3900
50.8500
51.3300
51.4500
50.8900
50.0300
50.2300
51.0800
51.5000
51.2000
52.6800
52.6600
53.5600
53.3800
53.2500
52.7100
52.6100
52.2200
52.6300
53.2500
53.3200
52.9500
52.7500
52.9000
53.3900
53.3000
52.6300
52.7000
51.9500
51.0500
51.4500
52.4100
52.0200
52.7200
53.4000
53.2700
52.6100
52.6200
51.8200
52.6800
53.8000
53.7400
53.7200
53.4600
53.7100
53.6700
53.2600
52.8900
52.7400
52.6800
52.0900
52.0200
51.5700
50.8400
50.1500
49.8500
48.8400
47.9700
48.8700
48.5800
48.7300
48.6600
48.4000
49.1700
48.4300
48.2600
47.2100
47.0200
47.3400
48.6300
49.0300
49.5000
48.6600
49.8900
49.1100
49.5500
50.2400
50.3200
51.0600
51.0400
49.5400
49.9600
49.2900
48.8300
49.6200
49.6900
50.5700
49.4300
49.5900
49.6100
48.9000
47.4700
47.6500
47.1400
46.8500
47.6300
47.5700
48.3500
48.9200
49.2000
48.8700
48.7100
47.7400
48.1600
48.7700
49.7100
49.6700
49.7000
49.9400
49.0200
49.4700
50.1600
50.3600
50.3000
50.5400
51.0800
50.2300
50.1400
50.2800
50.5600
50.6500
50.5600
50.4000
50.7900
50.2400
50.3500
49.9500
49.8000
49.9400
49.5800
49.7500
48.8300
48.7800
49.8500
50.5600
50.6300
51.0500
50.2300
51.1300
52.2400
51.6900
51.2700
51.6200
51.8700
51.8000
51.1900
50.4500
50.5000
50.8400
50.2700
50.3600
49.5000
49.4400
49.7500
50.3500
50.2600
49.5000
49.1200
48.7800
48.6900
49.0100
49.7400
49.8500
50.4200
49.3400
49.7600
45.2500
44.9100
45.1700
45.1800
44.5200
45.0000
44.1500
44.3300
44.5500
43.8300
43.2600
43.3400
43.1300
42.9100
42.2600
42.1000
41.9500
42.9300
42.8000
42.4200
43.1200
43.3500
43.4400
43.2400
43.5400
43.1400
42.3900
42.4800
42.6200
42.8700
43.1800
43.2200
43.6900
44.3000
43.9800
44.0900
44.6300
44.8900
44.8500
45.3300
44.9300
44.8400
45.0900
45.0700
44.7100
44.9800
45.8700
45.2900
45.7300
45.8000
46.0500
46.4400
46.2000
46.1500
46.2700
46.2500
45.9700
46.3600
46.9900