79.3100
80.4700
81.6400
82.3000
82.7300
83.7500
84.5000
84.4400
84.6600
84.9100
86.2200
86.9400
87.0400
86.9000
86.4200
87.7600
87.6600
87.9900
87.4100
86.1500
86.9200
87.4200
88.4000
87.8200
87.9400
88.5000
87.9300
87.5500
88.6800
89.0500
84.2800
83.1100
83.8700
84.1900
84.3700
84.1000
83.2700
83.3900
83.3300
82.9300
83.0800
82.2800
81.8300
79.2100
79.2100
80.3800
80.1700
79.4600
81.6600
81.5900
81.6400
83.2200
83.1600
82.3900
81.9900
80.4300
80.8400
82.7800
82.4000
80.3600
80.4900
80.9000
82.1900
81.7500
81.2100
81.8300
79.4500
76.5100
77.5500
79.3400
79.4700
79.5700
80.9000
80.9400
80.3900
80.9100
79.9900
80.9800
81.4400
82.3000
82.8900
82.3600
83.3400
83.4300
82.4900
80.6900
80.2200
80.5400
79.0500
78.9600
79.0700
77.3300
76.6200
74.1800
72.9700
73.1900
75.3100
74.9300
75.9500
75.6700
75.1400
76.2900
75.8100
73.8700
71.5200
70.5900
71.6500
73.5100
73.5100
74.3100
72.5400
74.0600
73.2700
74.7100
75.3500
74.8900
77.0300
76.8600
75.0600
75.5300
74.4100
76.0000
78.0800
78.2400
80.8700
80.4500
81.7200
81.9800
80.7000
80.5300
78.6000
78.1600
78.2600
77.4800
76.7800
75.9400
75.6600
75.6900
75.8800
75.1500
73.8700
73.7300
75.0300
78.1000
77.3200
76.8200
77.5300
76.4100
77.5100
78.4300
78.9700
79.1700
78.6800
79.3700
79.7600
80.1300
75.1000
75.5100
76.9400
77.8900
77.6500
77.0300
76.1200
76.6700
75.2700
73.8100
74.3200
74.5300
75.1100
74.1200
74.8200
77.0400
78.2200
77.1900
78.2500
78.7900
80.3700
82.0000
81.0200
81.3100
81.9800
82.2900
82.7000
82.9500
81.6500
81.4100
82.1000
82.4700
82.6000
82.2200
81.9100
82.8300
82.7800
82.7700
81.7300
81.1900
82.3700
82.4400
83.2300
84.5600
85.8100
86.8600
84.9900
85.8900
85.0300
84.3100
84.6900
85.4700
85.4400
86.8700
85.6000
85.8900
86.1000
84.1300
83.5900
84.2900
85.6800
85.6900
84.7400
85.3900
85.2500
86.2500
85.9900
82.8300
83.9700
84.4600
84.4000
84.2700
84.8600
84.0500
83.2200
83.5000
84.2400
84.7300
85.4300
85.7800
85.4300
86.2500
85.5500
85.9300
86.3700
86.8600
86.0900
86.7500
86.1900
86.1000
86.5200
85.9400
84.5500
86.4200
87.9900
87.7700
88.6700
88.6000
87.6800
89.0600
89.9100
89.6200
89.8600
89.7300
89.5600
90.1000
90.9600