14.9800
15.0200
15.1700
15.3400
15.5800
15.8200
15.8000
15.9400
15.8800
16.0800
16.3900
16.5700
16.6700
16.8700
16.8500
16.7900
16.6900
16.7400
16.9800
17.2300
17.4000
17.6000
17.6600
17.6500
17.8300
18.0500
18.0600
17.7500
17.9800
18.0400
17.9900
18.3200
18.1600
18.2100
17.1500
17.4000
17.4300
17.5200
17.5800
17.3000
17.3800
17.3600
17.1100
16.8100
17.0000
17.2100
16.9300
16.9600
17.2300
17.4200
17.3500
17.3000
17.3700
17.1600
17.2200
17.0200
16.4800
16.7000
16.6600
16.5200
16.6000
16.6000
16.7700
16.6100
16.4600
16.4900
16.2200
16.2500
16.2600
16.2700
16.1100
16.1300
16.3800
16.1600
16.1600
16.1600
16.1000
16.1800
16.4200
16.5300
16.4400
16.3700
16.4000
16.1800
16.2300
15.8100
15.8200
15.7100
15.6700
15.5500
15.4200
15.4400
15.3400
15.0200
14.9400
14.7400
14.9700
15.0800
12.4900
12.4500
12.4600
12.6600
12.5600
12.3300
12.0700
12.0000
12.1600
12.2200
12.1300
12.1200
11.8600
11.9700
12.2800
12.3400
12.3000
12.4200
12.1800
12.3000
12.0000
12.2000
11.9500
11.9300
12.3300
11.9500
12.5100
12.3900
12.6800
12.6300
12.5600
12.2700
12.3000
12.2800
12.1300
12.3200
12.1900
12.1200
12.0700
12.2300
12.0100
11.8000
11.5700
11.4900
11.8300
12.0300
11.8500
11.8800
11.7900
11.4700
11.7000
11.8000
12.1500
12.3000
12.3900
12.4100
12.3300
12.1900
12.2100
12.2300
12.2200
12.5600
12.3400
11.6800
11.2400
11.2600
11.1200
10.9100
10.8800
10.6800
10.5900
10.5600
10.5200
10.5200
10.6400
10.6100
10.6400
10.6400
10.6300
10.8300
10.7000
10.5700
10.4400
10.5000
10.3700
10.1600
9.9800
10.0100
10.0400
9.8600
9.8000
9.9000
9.4300
9.4700
9.6600
9.8000
9.5600
9.4300
9.3500
9.6900
9.7600
9.9000
9.8500
9.8000
9.5500
9.5900
9.3500
9.2500
9.2400
9.2400
9.2400
9.3300
9.1500
9.3500
9.5300
9.1800
9.4500
9.4100
9.3500
9.4000
9.5800
9.5600
8.8600
9.1300
8.9900
9.0600
9.5500
9.9500
9.7700
9.7100
9.7200
9.6400
10.0600
10.3100
10.3700
10.4900
10.4600
10.6300
10.6700
10.5700
10.5300
10.4300
10.2600
10.5600
10.4900
10.5000
10.4300
10.2400
10.2800
10.1900
9.9700
10.1400
10.6800
10.9400
10.9700
11.0600
10.7700
10.9300
11.0400
10.8800
12.2900
13.1700
12.6100
12.8200
12.8400