10.9000
10.8500
10.6700
10.5600
10.7800
11.0600
10.8900
10.9900
10.9000
10.8700
10.8900
10.9000
10.7000
10.6800
10.7800
10.9500
10.8300
10.8100
10.7100
10.7600
10.8700
10.6600
10.7100
10.7500
10.6400
10.6400
10.6400
10.6900
10.9300
10.8700
11.9900
12.0400
12.0700
12.0800
12.3000
12.2600
12.3000
12.3300
12.2300
12.2600
12.0900
12.4000
12.3000
12.0400
12.0600
11.9200
12.0100
12.0300
12.2800
12.2900
12.2600
12.0100
12.0600
11.9400
12.0200
11.9500
12.2400
12.3700
12.2100
12.1000
12.2400
12.1100
12.1000
12.1600
12.1800
12.0800
11.9400
11.4700
11.5400
11.5800
11.5800
11.7200
11.7700
11.8700
11.8800
12.0100
11.6400
11.5300
11.8200
11.9300
12.1600
12.2800
12.2800
12.2200
12.2600
12.3600
12.3200
12.7200
14.1500
14.6300
14.5500
14.5000
14.8500
14.7000
14.3900
14.1300
14.3100
14.5200
14.6300
15.0700
14.9700
15.3300
15.5600
15.6400
15.3600
15.3800
15.3900
15.9000
15.9700
16.0200
15.9000
15.8300
15.8800
16.1500
16.3400
16.5600
16.5100
16.8200
16.6700
16.5300
16.5900
16.5200
16.4300
16.5600
17.0300
16.7700
16.9800
16.7000
16.7600
15.9000
16.0500
14.9900
14.7800
14.5200
13.4200
13.3000
12.9800
12.6000
12.1300
12.6200
12.2100
12.0400
12.2500
12.2700
12.2900
12.3700
12.1300
11.9400
12.2100
12.2200
12.4200
17.4600
16.7100
16.6300
16.7400
16.4700
16.4600
16.3800
16.3100
16.2000
16.0400
16.2400
16.2700
16.3800
16.4000
16.3000
16.3300
16.0600
16.4200
16.7400
16.6100
16.6000
16.4100
16.2500
16.5300
16.0700
16.3400
16.1300
16.5400
16.4500
16.5700
16.2300
15.5700
15.4300
15.3900
16.2300
16.5500
16.3500
16.2600
16.0300
15.8500
15.4000
15.4000
15.1000
15.0300
14.9800
14.6500
14.9600
15.0500
15.0400
16.9600
17.9400
18.3000
18.6400
18.5000
18.7700
18.7900
16.7400
16.8400
16.7200
16.5000
16.2800
16.3600
16.0800
16.4000
16.7400
16.9300
17.0100
16.7000
16.6800
16.6000
16.8500
16.8000
16.8500
16.9900
16.8500
16.6900
17.1000
17.1100
17.1400
17.5300
17.1600
17.1000
17.3300
17.1100
16.9800
16.8100
16.8900
16.7500
16.4600
16.6300
16.4800
16.5200
16.7800
16.5600
16.1900
16.0200
16.1200
16.1200
16.5100
17.3200
17.1600
17.5600
17.4800
17.2000
17.4400
17.6400
17.8000
17.7500
17.8400
18.2000
18.3800
18.3700