24.2100
24.3100
24.5200
24.3000
24.4000
25.6500
25.8600
26.3300
26.5100
27.0000
26.9200
27.1300
27.3900
27.7400
27.8300
27.4500
27.9600
27.1400
27.2900
27.1800
27.7200
27.7500
28.2200
28.2800
28.9400
28.7800
28.8900
28.1800
28.6800
28.4800
29.0100
29.5800
29.5400
29.6900
29.7200
30.0400
30.1900
29.8400
30.3700
30.0100
30.6700
30.5300
30.4900
29.9300
30.3900
30.3800
30.6100
30.7800
32.0200
32.0400
32.0200
32.0500
32.4800
31.8600
31.6400
32.4900
33.8300
33.8300
33.8100
33.1600
32.9500
33.3400
33.7000
33.5100
33.0000
33.0800
32.6500
32.1800
32.6800
33.2700
32.8900
32.5200
32.8300
32.6500
32.7700
32.9300
32.7700
32.7800
33.5400
33.8800
34.0900
33.9000
34.3900
34.3200
33.7600
33.5200
33.5000
33.3800
33.3800
33.5000
34.1200
33.6000
33.4000
33.0900
31.4900
31.5200
32.5100
32.3400
32.3500
32.6200
32.7300
33.3600
33.2700
33.1100
30.7200
30.8000
31.0500
31.6000
32.2600
32.8200
32.4000
32.9200
32.1200
32.3700
32.9900
32.8300
33.5700
34.1400
33.4500
33.6100
33.6000
33.5100
33.6700
33.3600
34.5800
34.8900
35.4500
35.3600
35.3100
35.0100
34.2400
34.6500
34.5400
34.9600
35.1500
35.6900
35.1700
34.9300
34.9100
34.5000
34.2400
34.1800
35.5300
36.4100
36.4800
35.9600
35.7000
35.2700
36.4900
36.6100
36.8800
37.0800
36.5300
36.8400
36.7900
36.7100
36.8500
37.8100
37.7700
37.1700
37.0000
38.4300
38.1000
38.6000
38.9200
38.5500
38.5000
38.3700
38.7300
38.7500
37.9100
38.2300
38.4700
38.2200
38.3400
38.2600
39.2600
39.3100
38.7300
38.5100
38.5100
38.1600
38.6200
38.6300
37.6400
37.0200
39.7100
39.7300
39.9200
39.4900
39.7000
40.4100
40.3900
40.2900
39.7700
39.4400
39.5900
38.7900
39.3900
40.0500
40.8000
40.4300
39.6200
39.9500
39.6000
39.8300
39.8500
40.2500
41.0000
41.3200
40.9800
40.2600
41.4200
40.6000
40.7600
41.0800
41.1600
41.1800
39.9800
38.3400
39.4600
40.8100
41.2900
41.1300
41.4600
41.3400
40.5900
41.2500
41.5400
41.6100
41.2300
41.0000
40.8700
40.5600
41.1500
40.7800
40.3700
41.0000
40.3800
39.5400
40.1800
40.5300
39.7700
38.4100
38.5000
38.5100
38.3400
37.9600
37.9900
38.5500
39.5300
39.4000
40.0400
39.4200
40.0900
39.8500
40.4800
40.3900
39.7300
39.3400
39.1300
39.2900
38.5500