57.7900
57.6500
57.4800
58.0100
58.0300
57.4500
57.1400
57.1500
56.8100
57.2700
57.2800
57.6700
57.1400
56.5000
60.7300
60.5500
58.9900
59.0000
58.3000
58.0800
58.1200
57.9400
58.6400
57.9300
58.3000
58.1400
57.7100
57.5400
57.6700
57.4900
56.7500
57.5300
57.2900
57.6000
57.2400
57.2400
57.2400
58.0000
58.5100
58.0500
57.9300
57.9900
57.7400
57.0400
57.6900
58.2200
58.8800
58.2300
58.7500
59.2700
59.9200
59.8100
60.0800
59.7500
60.1100
59.9500
59.1700
60.6600
60.6200
60.4500
61.3200
61.1500
62.0000
61.7800
61.0800
61.1700
59.6300
58.8000
59.5700
58.8300
57.9800
58.4300
60.2900
59.2000
58.8200
58.5400
57.5500
57.9700
57.9700
57.8000
57.5300
57.6900
58.7800
58.4300
57.9200
57.1400
57.1500
57.5800
57.1700
57.5800
57.2100
56.5900
56.9900
57.2400
56.7500
56.3800
57.3300
57.4500
57.1100
57.4100
58.0000
58.7400
57.7900
56.9000
55.1000
55.2000
54.6700
54.6400
54.6200
55.4300
55.1500
55.4000
55.6600
56.1600
56.8400
57.1500
57.9900
57.8300
56.7600
57.5900
56.9000
57.0700
57.6500
59.2500
59.9000
60.4000
59.9200
60.1100
59.6200
60.2800
60.6500
60.7800
63.0900
63.0000
63.4600
63.0200
63.0600
61.0400
58.7600
57.5000
57.2600
57.6600
58.2500
58.7800
58.7900
58.4300
58.2600
58.1900
59.2600
58.9100
59.4000
60.1700
59.7800
59.4700
59.6800
59.3700
59.2700
60.0000
60.0200
60.8000
60.6000
60.1000
59.6700
60.5000
60.6800
60.5400
60.8300
60.1400
60.4700
60.8000
61.1400
62.4700
61.9800
61.5700
61.7700
61.3500
62.1900
61.5400
61.8800
62.1900
62.4700
62.5700
63.0000
62.9000
63.0700
62.5200
63.5100
63.4300
63.3900
63.6200
64.0000
64.0700
64.1700
64.6800
63.5800
63.4100
64.2400
63.3900
63.9500
63.3700
59.7500
60.5400
59.1700
59.4000
58.3300
58.4300
58.6000
58.3300
57.7200
58.4400
57.9400
58.4200
58.9300
58.0600
57.3300
57.1700
57.2100
56.6700
56.3100
56.5000
57.8000
57.8900
57.3400
57.2300
57.9800
57.2400
57.1200
57.4100
58.1100
57.7800
57.7400
57.8500
58.0900
58.2900
58.2600
58.0400
58.5400
58.8900
58.7300
59.1700
59.4600
60.5600
60.1800
60.0500
59.4200
59.0000
58.6000
58.8300
57.7200
58.2700
58.6600
58.3700
58.0000
57.7900
57.6800
58.7600
59.5800
59.4100
59.6600
59.8600
59.9300
60.5500
61.4000