12.9800
13.1200
13.3600
12.9800
12.9600
13.4800
14.1300
14.2400
13.9100
13.7500
14.1200
14.0500
13.8200
13.8900
14.2500
14.4900
14.1200
14.3900
14.0800
13.9200
14.0900
14.1200
14.6600
14.4500
14.3600
14.4900
14.5100
14.3300
14.7300
14.5600
14.5300
14.4700
14.3300
13.9400
13.9300
14.1600
13.9800
14.2400
13.8900
14.3400
14.1700
13.9300
13.9600
13.4600
13.9900
14.5600
15.4700
15.6700
15.9400
15.8300
16.3200
16.0300
15.9300
15.7400
15.7400
15.4200
15.4300
15.4300
15.7700
15.9100
15.3900
15.1700
15.0200
14.8300
14.3100
14.0500
14.7000
14.0500
14.7300
15.1900
14.8200
14.7800
15.0200
14.8700
14.6200
15.3800
15.0600
15.5400
15.7100
16.1400
16.5100
16.3500
16.6500
17.2200
16.8800
16.6000
16.7600
16.5600
17.2300
16.9200
17.1300
16.9000
17.3300
17.0600
16.1500
16.0100
16.4600
16.5900
16.8700
17.1500
17.0100
17.4300
16.6200
16.6000
15.2100
14.4800
14.8600
15.3100
15.5300
15.9700
15.3400
15.3100
15.0700
15.6500
15.8800
16.5000
16.7200
16.7500
16.2900
16.4100
16.2900
16.8700
17.2600
17.3900
18.3800
18.5100
18.2800
18.6900
18.7600
18.8900
18.2400
17.8800
18.3700
18.7000
18.9000
18.6400
18.4400
18.4700
18.8800
19.0700
18.6700
17.9800
18.8000
18.3900
17.9000
17.6300
17.2700
17.5500
17.3500
17.4800
17.7100
18.0300
18.4900
18.0900
18.2400
18.3300
18.1100
18.9200
18.9800
18.4100
18.2500
19.0000
18.7800
19.0100
18.7400
18.6200
18.7500
18.7700
18.9900
19.4900
19.4400
20.0400
20.0300
19.7600
20.3100
20.5700
21.2900
21.9900
21.5800
21.3500
22.2200
22.1900
22.3700
22.0400
21.7400
20.9000
20.9400
20.6300
20.7000
20.7100
21.9900
22.0000
21.6500
21.1700
20.6100
20.7300
20.2400
19.9600
20.6600
20.6800
21.5400
21.5500
21.4800
21.4300
21.0900
21.4100
21.1100
20.7600
20.9600
21.8400
21.0400
21.7100
21.4300
21.4200
20.9700
20.6000
19.4000
19.2500
18.3900
18.4700
18.9000
19.0200
19.4400
19.4500
19.5300
19.5000
19.5800
19.4200
19.6100
19.4600
19.3700
18.9400
18.5900
18.6900
18.8500
18.4000
18.5600
19.2100
18.8800
18.7400
19.6900
20.0800
19.9500
20.1000
19.7500
19.5900
19.4400
19.4800
19.2400
19.7800
20.3900
20.3800
20.7200
20.8100
20.7300
21.1500
20.8600
20.9500
20.8900
21.0800
21.0000
21.5300
21.5200