48.4500
48.3600
48.5900
48.3300
48.5800
49.7400
50.2600
50.8000
50.4900
50.8300
51.5800
51.5200
51.3400
51.9000
52.8000
53.0300
52.6400
52.2600
52.4300
52.5100
52.9600
52.6500
52.8700
52.8200
52.4400
52.0400
52.3100
51.5300
51.9100
51.7300
51.2200
52.3900
52.4300
53.2200
53.1100
53.4800
53.3200
53.1900
53.3700
52.8300
52.8800
53.3500
53.1500
52.2000
52.5100
53.0100
53.3500
53.6500
54.7700
54.4800
54.9500
55.0000
54.9200
54.5800
54.6700
54.4500
54.3700
55.0000
55.2900
54.7700
55.0300
56.0000
56.0700
55.8400
55.2500
55.1200
54.5900
52.8300
53.9000
54.4900
53.8800
54.0400
54.7900
54.6900
53.0000
53.1400
52.7300
53.2000
53.4000
54.1100
54.6900
54.2200
54.5900
54.4600
53.9100
53.6000
53.6300
54.1700
53.8600
53.7300
53.6600
53.0700
52.9100
52.4400
51.8800
51.5700
52.6800
52.1100
52.7500
52.8300
52.7600
53.4600
52.1700
51.9700
49.8200
50.0300
50.3100
51.3200
51.1200
51.5100
50.7600
51.4800
50.9300
51.4100
51.6900
51.8900
52.8200
52.5800
51.2100
51.5200
50.5500
50.3200
50.6400
49.9300
52.0800
52.0900
52.6600
52.3500
51.3700
51.0500
50.8900
50.3000
49.5300
50.6900
50.2900
50.8300
52.1100
51.1200
51.1400
50.8000
50.1200
51.0900
52.0500
52.8400
52.8100
52.8100
53.1000
52.8300
53.3600
52.9600
53.3200
53.2800
52.9800
53.4800
53.9300
53.5800
53.5700
53.3900
53.7900
53.7700
53.5000
53.7000
53.1600
53.3000
53.4000
53.3700
53.3100
52.9900
53.5700
52.8900
52.8400
54.4700
55.0600
54.0900
54.5400
54.7900
55.4100
54.7600
54.8400
55.6600
55.5300
55.0200
54.9000
54.7400
54.5600
55.0300
55.4500
55.1500
56.2500
55.8600
56.4400
56.5500
56.4600
56.8300
55.4300
55.3300
55.9300
55.9300
56.2900
56.6000
56.1000
53.4500
53.3400
52.8200
52.3900
52.2500
52.2500
51.7700
51.7300
52.3000
51.9500
52.2000
52.8000
51.9700
51.8700
52.0200
52.0700
52.1100
51.4100
51.5800
51.9900
52.9000
52.6400
53.0400
53.4900
52.6900
52.2100
52.8000
53.6400
53.9700
53.4200
53.2500
53.3500
53.0700
53.5000
53.4100
53.5300
54.6700
54.8900
54.5200
55.4000
56.3300
55.6700
56.5000
56.0600
55.9400
55.6600
55.7800
55.0200
55.9000
57.4800
58.0300
58.0900
58.0900
57.6800
59.8000
59.9900
59.7800
59.5900
59.9900
60.0700
60.7100
60.5100