38.3100
38.8500
39.5000
39.9100
39.7500
39.6300
38.7000
38.7300
38.4000
38.4800
39.0200
39.4400
39.3100
39.2500
39.2500
39.5600
39.3500
39.2500
38.9900
38.9000
39.3300
38.9100
40.0000
40.4600
40.9800
41.2700
41.5300
41.4500
41.7900
41.6000
41.2500
41.5400
41.7500
41.5700
41.2700
41.4800
41.3100
41.6400
41.9300
41.9900
42.3900
42.3600
42.7000
42.0000
41.7500
42.0200
42.2400
42.3400
44.0100
43.4800
43.4700
43.1900
43.4400
43.2400
43.2700
43.2900
43.6500
44.3800
44.1500
43.5100
43.0100
43.7800
43.8400
43.2900
42.9300
43.0800
42.1100
40.9900
41.3700
42.1500
41.8500
41.6600
42.6800
42.4900
42.0800
42.3500
42.0100
42.1800
42.7000
43.3600
43.3500
43.1100
43.7900
43.5400
43.8100
42.9300
43.8200
44.3000
45.0200
45.2800
45.5600
45.1700
45.0100
45.0800
44.3300
43.8100
44.3900
44.3900
44.2100
44.4400
44.5000
45.4800
45.2000
45.7100
44.4000
44.4100
44.8400
45.5300
45.6300
46.2400
45.8000
46.3800
46.2300
47.1800
47.0900
47.1000
47.5100
47.7300
47.4000
47.4700
46.7000
47.3000
47.8700
47.8200
48.5000
48.7200
48.5900
48.1100
48.0400
48.0000
47.3600
47.2700
47.4100
48.1900
47.8600
49.3500
49.3500
48.9900
48.5900
47.9800
48.1600
48.3000
49.7100
49.9400
49.8000
49.1400
48.8200
48.9800
49.7700
49.6500
49.8100
50.4900
49.9600
49.6500
49.8600
49.6900
49.8900
50.2500
50.4600
50.4500
49.6400
49.6600
49.1700
49.5600
49.6300
49.6300
50.0400
49.4200
49.4700
49.6600
50.7900
51.8600
51.7400
51.5200
51.5600
51.7000
52.6000
52.3500
52.1500
51.9000
52.7000
52.6600
52.7400
52.9200
52.5400
51.9400
52.5800
52.2800
52.0700
51.6400
52.4700
52.6300
52.9700
52.3300
51.5100
51.2100
50.3400
50.5900
50.7900
51.2400
52.2900
52.4200
51.9000
51.7900
50.7600
50.6500
50.2600
50.0800
49.1200
49.7800
49.8600
50.3200
50.4700
50.0800
50.0400
47.0600
47.4500
47.9600
47.1700
47.4700
47.4200
47.9100
48.4400
48.6800
49.2600
49.0300
48.6000
49.2000
49.7200
49.6600
49.2900
49.3000
49.5900
49.0600
49.2400
49.3000
49.4800
49.6400
49.1100
48.6700
49.2800
50.2200
49.9400
50.9300
50.0000
49.8800
49.8500
49.5300
49.1500
49.7900
51.1000
51.2100
52.1900
50.9700
50.7600
50.7800
50.7900
50.5800
50.5900
51.0900
51.5300
52.4100
52.3400