75.1700
75.1800
75.3600
75.9000
76.5600
77.5700
78.1400
78.7800
78.7800
79.7300
80.2500
81.5700
81.4000
80.9000
81.3600
82.7300
83.0900
82.6600
82.7100
82.8100
83.7900
84.7100
84.9700
84.2600
80.2200
80.9000
79.5200
78.7700
78.7000
78.3100
77.5000
78.5200
78.7100
80.1300
81.4900
83.1500
82.3600
82.6900
83.0700
82.6500
83.0800
82.6100
82.2600
81.8100
82.9300
83.9400
84.6300
85.1500
86.5000
85.9000
86.3800
85.7200
84.7100
84.0000
83.9900
83.7900
83.8200
84.3500
84.2400
84.2500
84.2500
84.7300
85.4100
85.5000
84.1200
83.4200
81.5500
80.9800
82.6400
83.0900
82.1600
82.4500
83.8200
80.7800
78.4900
79.0500
78.2100
77.7800
77.8600
77.8800
78.8100
77.7800
78.4300
77.7600
76.9400
76.4300
75.7000
65.0400
63.3400
65.5700
66.5900
68.0400
67.8700
68.5300
67.3000
68.2400
69.6200
68.4500
67.1100
66.8000
67.1400
68.3800
67.0000
67.5700
65.6500
64.3900
65.7500
66.3700
65.7800
66.9800
67.0500
67.6500
67.9400
68.2900
67.3900
67.8800
68.0500
68.6700
68.1400
68.4400
67.3300
67.0300
69.3600
69.3200
71.1700
71.7200
71.8600
71.4100
70.6100
70.2700
69.7000
70.0500
69.3000
70.4500
70.1900
71.4800
72.0200
72.7200
71.0700
69.9400
68.6200
69.9300
70.9100
72.2500
70.7000
80.1900
74.3800
73.1100
74.4900
74.3900
74.5000
74.4700
76.9400
79.0200
79.1400
79.8800
82.2200
83.5500
82.1400
82.5400
82.4400
81.9000
81.7600
82.3300
82.5200
81.2500
82.1300
80.7700
80.9500
81.2000
81.2700
81.8000
82.2500
82.7000
82.6900
83.1300
84.3600
84.1600
83.6300
83.3600
83.8900
83.6000
82.5500
81.7600
80.1200
79.9000
80.2200
79.6200
80.6000
81.0800
81.9600
82.2300
82.9500
82.3000
81.2600
81.1600
82.1000
82.0100
82.5900
82.6200
82.8700
82.2400
80.8400
78.4200
78.9600
77.9300
78.8700
81.5800
81.0400
81.1600
81.9800
81.5200
83.6800
82.1800
81.6100
81.3300
80.8100
81.0000
80.8100
73.2100
74.9800
75.6000
74.7300
76.0700
78.0600
77.7200
77.7900
79.5300
79.6500
79.1800
78.6400
80.0000
80.4100
80.9800
81.0500
81.3200
81.3300
80.5500
80.6100
80.5000
82.7100
83.4800
82.9300
81.4600
82.2800
82.6600
80.4200
79.1200
78.2700
78.6500
78.4400
78.7100
78.1700
79.1600
79.6000
79.8800
79.4500
80.6200
80.9000
81.4900
79.8800
79.9800
79.9800