16.2900
16.7700
17.3200
17.2700
17.3800
18.0800
18.1000
17.6300
17.0700
17.8200
17.7500
17.6700
17.7000
18.1800
18.3100
19.1000
18.6100
18.5700
18.7500
18.8600
18.9700
18.5900
18.6800
19.2000
19.8300
19.4500
19.2500
19.1500
19.2700
19.4600
19.1300
19.4800
19.5600
19.9500
19.6400
20.7200
20.9100
20.7400
20.4400
19.9100
20.3800
19.7900
19.6000
18.7600
18.8400
19.1300
19.1900
18.8100
19.2300
19.0700
19.1700
19.6100
19.5900
18.9600
18.5400
18.2100
18.3200
18.3900
18.3800
18.1300
18.1900
18.2300
18.9000
18.8100
18.2700
18.4900
18.2400
17.8000
17.6300
18.4600
17.9100
18.0000
18.2000
18.1200
18.0000
17.7900
17.9600
18.0800
18.5900
18.8100
18.6900
19.0400
19.5000
19.2500
17.9200
17.3700
17.2100
17.2200
17.1200
17.4200
17.2300
16.8200
16.2200
15.6900
15.3900
15.0500
15.7400
15.5500
15.5900
15.2100
15.5600
15.9200
14.9600
15.1200
14.4400
14.3900
14.7500
15.4400
15.1000
15.0000
14.5500
14.6400
14.2200
14.5700
14.6100
14.3500
15.0100
14.7100
13.7000
13.8500
13.4600
13.7300
14.1400
14.1500
15.1100
14.9700
15.7500
15.0800
14.6500
14.7100
13.9100
13.9700
13.7400
14.2300
14.7700
14.8200
14.7200
15.5100
15.5600
14.8500
14.4200
14.6300
15.4800
15.8000
15.5000
15.1200
15.4000
14.8000
15.5900
15.5900
15.8400
16.1400
15.7100
15.8300
15.3300
15.4200
15.5200
15.7300
15.7800
15.8100
15.7500
15.6100
15.3700
15.5600
15.3400
15.6100
15.3100
15.0700
15.4900
15.4100
15.4100
15.8000
16.2400
15.9400
16.6800
16.5400
17.1000
17.6500
17.2800
16.8400
16.7200
17.3400
17.3600
16.8000
16.5100
16.0400
16.5400
16.1600
16.4100
16.4300
16.0700
16.4000
16.3600
16.3300
16.5800
16.0500
16.1700
16.1900
16.2100
16.7600
16.7400
16.6000
16.2100
15.9100
15.4400
15.2300
15.2800
15.2300
15.3300
15.6700
15.5300
15.5500
15.3200
15.0000
14.7800
14.9600
14.7400
14.5500
14.4200
14.3200
14.8000
15.5000
15.3500
15.5000
15.7400
15.3400
15.0500
15.2700
15.3400
15.4300
15.3700
15.2200
15.5700
15.4700
15.7800
15.9200
16.0000
16.0000
15.8600
15.8800
16.0600
16.3900
16.2500
16.3800
16.2700
16.0600
16.0700
15.9200
15.6000
16.2000
16.5000
16.5000
16.7700
16.6600
16.7100
16.5900
16.8000
16.6200
16.8800
17.7600
17.8000
18.0000
18.1900