56.7800
56.0800
55.6100
56.2800
56.0500
56.8100
57.2800
58.3800
59.8700
60.5100
61.5700
62.0500
61.4200
61.6200
61.3100
62.3400
62.5800
62.7600
61.8000
62.3000
63.0700
63.2800
63.1300
63.3500
62.8700
63.2100
62.5900
62.7600
62.3600
62.9500
62.3100
63.9900
64.7800
65.9500
66.9000
67.2100
67.1900
67.4400
68.5800
68.4700
68.4900
68.8600
69.0700
67.9400
68.3700
69.9000
70.1900
69.1600
69.8700
68.9900
69.5400
72.4300
71.9600
70.9300
70.5200
68.5000
69.0300
69.2100
67.5900
66.6300
66.2900
66.7500
67.7500
66.8700
65.9500
65.8100
65.2800
63.7300
64.5100
66.0200
65.2600
64.7100
65.8500
66.1500
68.5200
68.5700
68.3900
67.9100
68.6200
69.3900
68.0000
68.5500
68.4000
67.3700
67.0000
64.9000
65.0600
64.5700
64.3800
63.4300
62.7400
61.6700
60.5300
59.7500
60.0100
59.1500
60.3500
59.7400
60.3900
60.0700
60.5600
61.3500
59.4700
58.1800
57.7400
57.3400
58.2700
59.7000
59.9500
60.1000
59.5400
59.9300
58.5400
59.3100
60.5800
59.7700
60.6100
60.5200
57.6100
57.7500
56.1800
56.6100
58.9000
57.7400
59.1300
59.3200
60.7600
59.4000
58.8900
59.4400
58.8500
61.1700
61.2500
63.3500
63.4900
63.2400
63.8700
65.7100
66.0500
64.8000
63.9900
64.4400
65.9000
67.1900
66.7600
65.4200
66.2900
65.5200
66.6800
67.1200
67.8300
67.5800
68.4300
68.1500
68.0700
67.6300
67.4100
67.8100
68.5200
68.6200
67.5600
67.3900
66.4800
66.6900
66.6200
66.3000
66.6200
66.2200
67.0200
66.4400
66.3600
67.1800
67.1900
67.4100
68.7400
69.0100
69.1500
69.0400
68.2800
68.5300
67.3700
67.8100
69.2400
67.7000
67.1000
65.4400
66.3200
65.8100
66.4400
66.0700
65.0300
66.4700
65.8500
66.0600
66.5900
65.3300
66.2300
66.5800
67.4800
69.2200
69.7700
71.4100
70.5200
70.6300
69.6700
69.5800
70.2200
70.0200
69.2400
69.8900
68.8600
69.0100
69.2400
67.7800
65.3700
65.0400
65.7600
65.6900
64.9100
64.9100
65.0900
66.7700
66.3100
66.6400
67.3600
67.3000
67.0800
67.0900
68.1200
69.0000
68.8000
69.0100
68.9000
68.7200
68.9300
68.6800
68.3800
68.2200
67.4400
67.4000
68.1000
69.0700
69.5900
70.2600
69.2600
68.8900
68.1500
67.6300
67.2300
67.9600
69.7800
70.3500
71.5100
71.1000
70.9400
71.1900
72.3000
72.2700
71.3800
71.4400
71.8000
72.6900
73.3500