59.0900
58.1700
58.6800
57.6600
57.4600
59.1800
59.0500
59.9200
60.2200
60.2500
60.6000
60.8500
59.3300
59.9200
60.4700
60.8600
62.9300
63.6900
63.2400
63.4100
64.4300
64.5200
65.6300
65.0600
64.8900
65.1800
65.3800
64.5100
66.0400
66.0000
65.6300
66.6100
66.0900
66.5200
65.8200
65.5800
65.6700
65.0100
64.6100
64.0200
64.0500
63.2800
63.4400
60.7500
61.3900
62.3400
63.1400
63.0900
64.5900
63.9300
64.1700
64.1400
64.2100
63.2300
62.6200
61.6300
62.5300
63.4300
62.9800
61.5700
62.2200
62.9400
64.0400
63.3900
63.0100
61.3900
60.8100
59.9300
60.1500
60.8600
60.9200
61.0000
62.4300
61.0400
59.8800
60.1200
60.3100
60.8700
61.5100
62.3100
63.5000
62.6600
62.7200
62.1700
61.2800
60.0300
59.0100
58.7200
58.2900
58.9100
58.8000
58.3400
57.2500
56.9000
55.0800
55.0700
57.1800
56.7900
57.7800
58.2500
57.7800
58.5500
57.6300
56.5600
54.6800
53.5900
54.4600
55.7400
56.4300
56.6800
55.6800
56.2900
55.2900
55.0000
55.3100
55.6700
56.1300
56.1100
54.4200
53.5700
52.3200
51.8600
51.8400
51.5700
53.6100
53.1800
54.2300
54.0300
52.4400
52.3800
51.7900
51.0600
51.2500
52.6400
51.2000
51.5800
52.5300
53.9700
53.4200
52.2300
51.0000
50.9400
52.0700
54.1600
54.3300
54.4700
53.9500
53.5700
54.5600
55.0500
56.0000
56.5300
56.7300
57.3600
57.0000
56.9900
57.0300
58.1900
58.3100
57.8000
57.4700
57.5100
57.7700
57.8300
57.7600
57.7600
57.5500
57.3500
57.8100
57.8200
56.9600
57.7000
58.7900
58.8000
59.0100
58.7100
59.7900
61.6400
60.4000
60.6000
60.5800
61.0300
61.0400
60.1200
59.1200
58.8700
59.7000
59.4900
59.5500
58.4700
58.3900
59.2100
58.8300
57.9700
56.3900
55.2200
55.2500
55.3300
56.1100
57.1800
56.0100
57.9400
58.0800
57.6300
57.1600
57.5200
58.1900
57.7700
58.2200
59.5500
58.5800
60.8200
61.6500
60.1600
59.6100
60.4600
60.4300
60.7500
60.6000
60.7000
61.5700
62.9800
63.1200
63.1200
63.8800
63.6800
62.6900
63.2900
64.0100
63.5900
63.0600
63.3900
63.5000
63.4300
63.7300
63.7900
63.8900
64.1700
64.0900
63.8500
64.2500
65.3400
64.9200
64.7000
64.5400
64.8700
64.9900
65.1400
64.7800
65.7100
67.2400
67.1300
67.3000
66.8600
66.7400
67.2300
67.4100
67.0700
66.6000
66.6100
66.8900
68.2400
68.0300