29.7900
29.9500
30.1400
30.3200
30.3100
30.9800
31.4300
32.5600
32.0200
32.6300
33.1500
32.9800
33.3900
33.1000
33.3800
33.7400
33.4100
33.4600
33.1900
33.5100
33.9400
33.5400
34.1800
33.9800
33.8600
33.9500
34.4200
34.0000
34.1900
33.6000
33.6600
34.4400
35.0000
34.6500
33.6700
33.8600
33.8200
34.1900
34.3500
33.5100
34.1000
34.2000
33.6900
32.5000
33.1200
33.8600
34.0600
33.6100
34.6000
34.4500
35.0000
35.3000
35.4400
35.3000
35.0400
34.4700
35.0200
35.6800
35.1600
34.1200
34.1800
34.6400
34.9700
34.0500
33.6000
33.4200
32.4900
31.7000
31.8700
32.6700
33.2000
33.6000
34.6200
34.6100
34.9600
35.3100
34.7600
34.6300
36.0800
34.8500
34.7300
33.8800
33.8500
33.3500
32.8600
32.3300
32.2900
32.1100
32.1300
32.1900
32.1500
31.6700
30.8700
30.1500
29.3900
29.4500
30.5400
30.4800
30.5200
31.5500
31.3000
31.9800
31.2200
31.0600
30.3600
30.4900
30.8400
31.6900
31.8400
32.1100
31.5500
32.1100
31.6600
32.0000
32.8900
33.0200
33.6200
33.7600
32.9100
32.8200
32.2400
31.3200
30.7600
30.6600
31.5000
31.5100
31.6900
31.6600
31.5100
31.1900
30.5600
30.2900
29.8000
30.3200
29.9100
30.2500
30.7400
31.3200
30.9200
30.4300
30.0500
30.2700
29.1800
29.0800
28.8400
28.7800
29.3000
29.0800
29.8300
29.9900
30.0600
29.9200
29.8600
29.7300
29.4500
29.6800
29.6700
30.0500
30.1600
30.1800
30.2300
30.2000
29.7900
29.8900
29.4300
29.2600
29.3200
29.3700
29.3100
28.6400
28.4500
29.5300
30.3300
30.3000
30.2400
30.1800
31.4300
32.2500
31.1300
31.0200
30.9600
30.8800
30.2600
30.2200
29.7900
29.1000
29.1500
28.9600
29.3200
29.1600
28.7100
29.1800
29.2000
29.0000
28.4000
28.0800
28.2200
28.0800
28.3200
29.9100
30.2400
30.2200
29.8600
29.7400
28.5500
29.8800
29.6600
29.5700
29.3000
30.1100
29.7500
30.0600
30.5200
30.2900
29.5500
29.3600
28.7900
28.8300
28.2800
27.8900
27.7400
28.7800
28.7900
28.8200
29.3800
29.5900
29.7100
29.8700
30.0000
30.1900
29.3000
29.3000
29.4900
29.6400
30.3000
30.6100
31.0500
31.1500
31.0300
31.4200
31.8200
32.7900
32.4300
32.4900
31.9900
32.1800
32.4200
32.1200
31.6200
32.3300
33.0500
33.1500
33.6300
33.5900
33.1000
33.5000
33.8400
33.8600
34.2800
34.0900
33.6600
33.8100
33.8000