38.3400
38.5500
38.7900
38.5200
38.5200
38.6200
38.1500
37.9600
37.8200
37.6300
37.7200
37.3300
37.6700
38.0900
37.8000
38.7600
39.0800
38.7100
38.3700
38.8200
39.0500
39.0800
38.6500
38.3300
38.4600
38.1800
38.1300
38.5100
38.6400
39.1100
39.9000
40.0000
39.5500
39.2100
38.8800
38.8700
38.5900
38.4100
38.1200
38.0500
38.1400
37.8000
37.8600
37.8600
37.6800
37.7000
38.0900
38.5300
38.9300
38.6500
38.4500
38.5500
38.6600
38.3800
38.6000
38.9500
38.7700
38.7600
38.5700
38.6900
39.7500
40.2100
40.6200
40.4600
40.3000
40.5400
39.7700
39.2800
39.4700
39.1400
39.2600
39.3600
40.0800
40.3900
40.5000
40.5900
39.9600
40.3200
39.3100
39.7100
39.7100
40.5800
40.5200
41.3200
40.1100
39.9200
39.8200
40.5900
40.9500
41.1800
40.9500
40.8100
40.4300
41.0900
40.8300
40.2500
40.5700
40.9100
41.1200
40.7600
41.0900
41.1000
41.0900
41.2600
40.6300
40.8300
40.8400
41.3900
41.8600
42.6400
42.4500
43.6500
43.2200
42.8700
42.6900
42.9000
42.8200
42.6600
42.2200
42.9000
42.6600
42.5200
42.7900
43.4700
43.7500
43.5400
43.9000
43.9200
43.3100
43.2300
43.8400
43.6300
43.7000
44.0900
43.3900
43.6400
44.0900
43.9500
43.7800
43.5000
43.3400
43.7700
44.6600
45.5900
45.5800
45.5800
45.4500
45.1000
45.6000
45.3700
45.2300
45.4800
45.0100
45.0300
44.6900
44.9700
45.0400
44.9100
45.1600
45.4300
45.3200
45.3300
44.6700
45.1900
45.3400
44.9900
45.0600
44.6000
44.8100
44.9300
44.7900
45.4400
44.9400
44.5700
44.8300
44.8400
45.4000
44.0800
44.0300
44.3700
44.6900
44.4600
43.7700
43.8700
43.6900
43.9600
44.4000
44.5300
44.6300
44.6500
44.3000
43.7500
44.0200
44.0500
43.9100
43.2300
43.4100
43.4600
43.6600
44.5800
44.6900
45.2700
44.4600
44.3300
44.0500
42.6100
42.9200
42.7600
42.8500
43.2800
42.9400
43.2900
43.7200
43.5400
43.2400
43.5100
43.9600
43.4500
43.0100
42.6000
42.8500
43.4500
43.8700
44.0300
44.8100
44.2400
44.2300
44.6600
44.8500
44.8500
44.8400
45.0100
45.4500
45.5000
45.5100
45.9100
45.5400
45.1800
44.4300
44.6300
44.5900
44.6900
44.4800
44.8200
44.6800
44.7000
44.2800
44.2100
43.8800
44.1800
45.6000
45.4200
45.6800
45.2400
45.3800
45.7000
45.7600
45.0800
45.1900
45.2800
44.9400
45.0700
45.3000