44.6500
44.9600
45.4400
44.3400
44.0200
44.3800
44.5400
44.6500
44.5600
44.9000
45.8300
46.1100
46.7500
46.4900
46.0800
46.7400
46.6600
46.1300
46.2500
45.8700
46.9100
46.9400
48.5200
48.3400
49.1500
49.1300
49.4200
49.4500
49.2900
48.9300
49.2200
50.5400
50.9000
50.9300
50.1200
49.8000
49.1900
49.1200
51.0500
50.9900
50.1400
49.7600
50.8000
49.5300
50.5800
51.3900
51.4600
51.5400
52.6500
52.5100
53.0300
52.5100
52.5400
52.6300
52.3300
51.8300
50.9200
51.9400
50.8200
50.2100
50.7000
51.1600
51.2600
50.8600
50.1100
50.0000
49.2800
48.7600
49.8500
49.7900
50.2800
50.2100
49.8100
50.2300
49.7100
49.9300
49.9500
50.3900
50.8000
50.8600
50.4400
50.0800
51.3800
50.9800
50.5000
50.6200
50.4400
50.1500
50.1800
50.8900
50.6300
50.4300
51.5100
53.3700
51.7300
51.1300
52.1500
52.3800
53.3300
53.2400
53.0600
53.7500
51.6600
51.7300
49.8700
49.1700
49.2400
49.8100
49.2100
50.0200
49.4900
49.5900
49.2800
50.1300
51.4600
51.6100
51.4900
51.4500
50.3900
50.0400
49.5400
50.0300
49.4900
49.2000
50.6300
50.7100
51.2600
51.8800
50.7900
50.9300
50.6600
50.3800
50.2000
50.2200
50.3200
51.2900
51.4800
52.0900
51.1000
49.9000
49.2000
49.0500
50.9900
51.9900
51.8500
51.1800
51.2900
51.2000
52.4500
52.8300
53.1100
53.4700
53.1100
52.8500
52.8700
53.4000
53.3600
53.8400
53.8700
53.4600
53.1500
52.8500
51.4500
52.3500
52.1700
52.0900
52.4800
52.2000
51.9500
51.7600
52.0700
53.5200
53.4900
53.9400
53.8800
54.5800
54.8300
54.0400
54.4800
54.8500
55.3000
54.7200
57.2100
56.6300
55.8500
55.7700
55.8900
55.7500
55.6100
55.4700
55.6800
56.0400
55.0900
55.1000
54.7400
54.6800
54.4400
54.3500
54.1800
55.2500
55.1000
55.2100
53.8300
53.6600
53.4500
52.1800
52.6600
52.5400
52.6200
53.2000
52.6300
53.0100
54.0700
52.7400
51.3500
51.6100
51.3700
51.2500
50.3400
50.4800
50.9200
51.9000
52.4900
52.5700
53.5300
53.2400
52.9500
53.8500
53.6500
52.8800
52.4200
47.4000
47.2000
47.0400
46.6600
46.8100
46.3100
45.8000
45.9200
46.4600
46.8800
47.2300
46.8100
45.4700
45.1300
44.8600
44.5200
44.6500
44.4400
45.0700
45.4000
44.8400
46.4600
46.0400
45.3100
45.8000
45.2400
44.9200
44.6400
45.3300
45.3600
45.3900
45.3800