53.8700
53.6000
53.9900
53.5200
53.5200
53.7600
53.5800
53.5800
53.4800
53.5700
53.5300
52.9900
53.6300
53.2700
52.9600
54.0600
54.3400
53.6000
53.1600
53.2100
53.4500
53.5500
53.7100
53.1700
54.3800
54.5200
54.2600
53.9500
53.7200
53.3900
53.2100
54.0000
54.3000
54.3400
54.3800
54.8100
54.8500
54.3200
54.3900
53.9900
54.4100
54.3500
54.3600
53.8700
54.2900
55.0300
55.3800
55.8800
56.4600
55.2600
54.7200
55.0400
54.6700
54.5800
54.2300
54.1800
54.6600
55.4400
55.3400
54.8200
54.8600
55.0300
55.2000
55.2200
55.1900
54.7800
54.4800
53.8300
54.1200
54.5200
54.2500
55.0100
55.3600
55.1300
54.7200
55.4600
55.2700
55.9800
56.2400
56.5300
56.4000
56.3800
56.8000
56.3100
56.1500
55.7600
55.4800
55.6900
55.5800
56.3400
56.3400
56.2800
55.8400
55.8900
55.0700
55.0600
55.7300
56.1500
55.9000
56.4500
56.5600
56.8400
56.2500
56.8300
56.3600
56.8000
57.1500
57.7600
57.5900
57.9900
58.1400
58.6400
58.7700
59.4700
60.0900
59.9400
59.4600
59.0800
58.4800
58.4200
58.1500
58.1700
58.6500
59.0200
59.3300
59.3800
59.5500
59.1900
59.2400
58.9700
58.9900
59.0900
59.2300
59.9900
60.2400
60.6000
60.8600
60.6800
61.0300
60.1700
59.3700
59.3300
60.1200
61.1500
61.6600
61.3700
61.2000
60.9400
61.6500
61.4500
60.8000
60.7000
60.2200
60.5100
60.2100
60.0100
60.2400
60.3900
60.5300
60.4500
59.8600
59.4900
58.5300
58.7400
58.9800
58.9700
58.8600
58.5800
58.4000
59.4200
59.1000
59.6900
59.4900
59.4800
59.6100
59.2400
59.2700
58.8100
58.5200
58.4600
58.5600
58.7800
58.8100
59.5500
59.7100
60.0000
59.7600
59.9400
59.5100
59.8000
60.2300
60.5800
60.6700
60.6800
60.7200
60.5900
60.7600
60.3800
60.7800
60.9400
61.5900
61.6900
61.4100
61.5500
60.7400
61.0200
61.6000
61.6600
62.1000
61.6200
61.2800
60.3900
60.7600
59.4600
59.3100
59.1900
58.5600
58.9500
58.7600
58.6400
59.3000
59.1800
59.2900
59.0200
58.8800
59.2700
59.2600
59.5800
59.8900
60.5800
60.5800
60.4900
61.5700
61.2000
61.0500
61.1500
61.2900
61.5500
60.9400
60.5500
61.2100
61.3100
60.9000
61.1800
61.1300
60.9500
60.2800
60.0800
59.4100
60.0500
61.4800
61.4300
61.6400
60.9500
60.7100
60.7900
61.4100
61.4600
61.3100
61.3300
61.0100
61.2800
61.9000