43.3200
44.0100
44.4300
43.8500
43.4200
43.0300
43.6900
43.0900
43.4600
43.5000
42.1800
42.7200
43.0300
43.5500
43.7700
44.4400
44.5400
44.3600
44.9100
45.0100
45.2400
44.7600
45.6900
45.4400
45.2000
44.9200
45.5600
45.5100
45.6800
45.8500
46.3000
45.3800
44.9800
45.1500
45.0500
45.6300
45.6100
45.7900
46.0500
46.3200
46.3400
46.5500
46.4800
45.9100
46.0800
46.4200
47.1500
46.8200
47.8000
47.8100
47.3400
47.4700
47.6400
48.0700
48.3000
48.0300
48.0700
48.6400
48.2000
48.8300
49.4900
49.3400
49.9400
49.5500
48.9000
49.8300
49.1200
48.4100
49.0000
49.2400
49.1000
48.7500
48.8900
48.7200
47.9500
48.1300
47.3000
47.6000
48.0200
48.4800
49.0200
49.2800
49.4700
49.8300
49.3000
48.2200
47.9000
48.0300
47.6400
47.7700
47.5700
46.9300
46.9800
46.8700
46.0600
45.3800
46.3900
46.3900
46.1500
46.3700
46.4000
46.4000
45.7400
44.4500
43.9200
44.5100
44.2400
44.1800
43.9000
44.1000
43.4500
43.2300
42.9900
43.9700
44.8800
45.3200
45.7500
47.3000
46.7000
47.4800
46.8100
46.4000
47.5300
47.6200
48.8200
49.6900
50.2900
49.2400
49.2400
48.9900
48.6900
48.1500
47.5500
48.3200
48.2200
48.7800
48.6000
48.9500
48.3300
47.2600
46.9400
47.5300
48.8800
49.4000
49.3300
49.6600
50.1000
48.8000
50.1600
49.7700
49.5700
49.8500
50.5000
52.1000
52.1000
51.9100
51.5300
51.5000
51.6400
51.4800
51.5000
51.7900
51.7200
52.6300
52.5600
52.3100
52.5500
52.3600
52.0900
52.3000
52.8600
53.2600
53.2900
53.4200
52.8400
53.2600
54.1900
54.1300
54.1800
53.4400
53.6400
52.3500
52.3100
52.7000
53.0100
52.0000
51.9900
52.4400
52.0400
52.1100
52.6200
53.2400
53.1200
52.8000
51.0200
50.7100
50.1300
49.8400
50.5200
50.8500
51.6800
52.0700
51.3500
51.3300
51.1100
50.8800
51.3200
51.2700
51.1400
51.2600
50.3500
50.6600
50.5100
49.4900
49.3300
48.8300
48.1700
48.5400
48.2400
49.0200
48.9900
49.0600
49.1000
49.3400
49.4900
49.0000
49.1900
49.1600
49.3600
49.7000
49.3100
49.3100
49.5700
50.0500
50.2000
49.7700
50.2900
50.2700
49.9700
49.8200
50.5600
51.8400
51.2000
51.3000
50.2700
50.1400
49.6000
49.7100
49.4200
50.1600
51.6700
51.6200
51.1400
50.5600
50.4600
51.8600
52.4400
52.4000
53.3500
52.7500
52.7900
53.0300
53.3600