64.8600
64.5600
64.5300
64.5300
64.4100
64.4100
64.2000
63.8400
63.9300
63.9600
63.9600
63.7200
63.9000
63.8100
63.4200
64.0800
64.4100
63.5400
63.3900
63.9300
64.3800
64.1100
64.2000
63.8100
64.4400
64.1400
64.3800
64.4400
64.3200
64.5000
62.6100
63.3000
62.7000
62.5800
62.7900
62.6700
63.3000
63.2100
63.0300
62.7600
62.9700
63.1200
63.2700
63.0600
63.0900
63.4500
63.4500
64.1100
64.2900
63.4500
63.3900
63.2100
62.8200
62.6700
62.5200
62.6100
62.3700
62.9100
63.1800
62.7300
62.7300
63.0300
63.3000
63.4200
63.5700
62.2800
61.8300
61.1100
61.0500
61.1400
61.2300
61.8900
62.4600
63.0600
62.6100
63.0300
62.7900
63.5400
63.8700
64.1400
64.2900
64.2900
64.5900
64.4400
64.2000
64.6800
64.4100
64.6500
64.8000
65.3700
65.1600
65.0700
65.0400
64.1700
64.2900
64.3800
64.1700
64.9500
64.8000
65.4000
65.8800
65.9400
65.5500
65.9400
67.0500
67.4400
67.8300
68.0700
68.6700
69.4500
68.9400
68.8800
68.5500
69.4200
69.7800
69.8400
69.3000
68.4900
68.2500
68.6400
68.7900
68.7000
69.0300
69.1800
69.1800
69.8400
68.6900
68.5700
66.2300
65.3100
66.1400
66.4800
66.6400
66.7400
66.7400
66.3400
66.0700
66.1200
66.2200
65.5000
65.2700
65.8200
67.3400
67.4600
68.0700
67.7800
67.5200
67.4600
68.6000
68.2100
68.0500
68.0400
68.0900
67.8500
68.2200
68.2000
66.7700
66.6900
66.4900
66.4400
66.0600
66.0000
65.2400
65.4700
65.5100
65.3700
65.3100
64.8100
64.7800
64.8100
64.4700
65.0000
64.7200
64.8300
64.4600
64.0500
64.6600
64.1900
64.1400
63.1600
63.4300
63.9300
64.0800
64.6500
64.3400
64.3300
64.0600
64.7900
64.3800
64.7600
64.7800
65.3900
64.9800
65.2300
65.2900
64.7800
64.4800
64.1600
64.5600
64.5600
65.2700
65.6000
65.5100
65.5000
64.9900
64.3200
64.7500
65.1100
65.6900
65.3100
64.9400
64.0600
64.0700
62.9400
62.5600
61.9600
61.4500
62.0100
60.7400
59.8700
60.9000
60.9900
60.7900
60.4200
60.4500
61.3100
61.5900
61.7000
62.3900
63.8200
63.9700
63.6000
64.4600
64.1700
64.3200
64.3200
64.2800
64.3000
63.9200
63.8100
64.7600
65.5100
64.7500
65.0500
64.5100
64.5800
64.0700
63.7100
63.0100
63.8000
65.0100
64.8700
65.0600
64.7500
64.9000
65.0100
65.3700
65.6900
65.3900
66.0500
65.7300
66.0200
66.8100