38.7700
38.8700
39.0500
41.4000
41.3000
41.8700
42.0900
42.0000
41.6700
41.6400
40.3100
40.9400
40.5000
40.2300
40.5100
41.0700
39.7000
37.5700
37.2800
37.7600
38.6300
38.6500
39.1200
38.4300
38.5200
38.9200
38.8400
38.5600
38.6100
38.0800
37.5100
36.9800
37.6700
36.5400
36.5700
36.7200
36.9900
36.8000
35.4100
35.5300
35.5900
34.8100
34.6300
34.0900
34.3400
34.6200
35.2800
34.7900
35.0200
34.6100
35.6100
36.1600
36.2600
36.0400
35.7200
35.1500
35.1400
35.7600
35.6900
34.5700
34.3300
33.8700
34.4800
33.9100
33.0900
32.8500
32.0900
31.4300
31.7100
32.5300
31.8200
31.5900
32.2600
32.0000
32.3300
32.2600
31.0800
30.9100
30.9500
32.3800
32.1100
32.1500
32.0400
31.8700
31.4600
31.7300
31.7100
31.0100
30.8500
30.6700
29.9500
29.5500
29.3800
29.4500
29.0500
28.6400
28.8400
27.9400
28.2300
27.9000
28.2200
28.5900
27.5100
27.3300
27.0100
27.5000
28.0200
28.9000
28.6900
29.0600
28.3000
27.5500
26.5800
26.6600
26.8400
26.6000
26.8500
27.4400
26.8500
27.3700
27.6900
29.3200
29.6500
30.3000
30.9700
31.1700
31.5800
31.5100
31.5100
30.8100
29.9000
29.9100
29.5900
29.1500
29.0600
28.5900
28.3200
28.1900
27.8800
27.5600
20.8000
20.6400
19.9400
19.7900
19.0400
19.6300
19.3100
18.6600
18.3500
19.5100
19.6400
19.6800
19.8700
19.2300
19.6300
19.5700
19.8600
20.0200
19.9000
19.9300
20.2200
20.0100
19.4300
19.0200
19.0200
19.1200
18.6000
18.9800
19.3100
19.2000
20.2000
20.5000
21.3100
20.5900
21.6500
21.6900
22.0900
23.0200
22.8900
23.2600
23.3200
23.2000
23.0500
23.1800
22.3400
22.6400
22.8800
22.7600
24.0500
23.9700
23.4600
23.8000
23.8800
23.9500
24.0000
23.5600
24.2800
23.7200
23.4200
23.2100
22.1800
21.8600
21.5500
21.7600
21.8500
21.1800
20.8200
26.0100
26.2600
26.7300
26.6900
26.3000
26.8000
25.5400
24.7600
24.9100
24.6500
24.5300
24.3900
24.9900
25.3900
25.7700
25.3400
25.3800
25.6700
26.1200
26.2600
26.0900
26.5100
26.0700
25.3400
25.8900
26.2700
26.2800
26.6300
26.6300
25.7800
25.8800
25.8000
25.0600
25.0400
25.4100
24.6200
24.3000
23.7300
23.2600
23.1200
23.3600
23.4200
23.7300
23.8200
24.5900
25.2500
24.8200
25.2400
24.0000
23.9000
24.0500
23.8300
24.3900
24.0000
24.1500
24.0700