77.1300
77.3300
77.5700
77.8200
77.7900
78.6200
78.5600
78.8800
78.4500
78.7300
78.4500
79.7500
79.7700
80.4400
80.8700
81.8600
80.9000
81.1500
81.4000
81.8100
83.8900
82.8700
83.9200
84.2300
83.7900
83.7000
84.0100
83.9700
83.9600
84.7500
85.8900
85.4800
85.7200
86.0000
85.9200
85.9700
86.8000
86.2100
86.7600
86.5500
86.8200
86.7300
86.6000
85.8500
86.5700
87.8000
86.2200
86.2500
87.1800
87.9200
87.9300
88.5900
88.1100
87.5500
88.0100
87.4100
86.6000
88.4600
88.5700
88.2500
89.2800
90.1700
89.7200
89.4200
86.9000
86.9900
85.4900
84.7600
85.6500
86.7400
85.7700
85.5800
86.6500
86.7800
87.2000
87.6200
86.2200
86.3900
87.9200
88.2300
89.1700
88.5800
89.6300
86.4200
85.2800
84.3800
84.6500
85.4400
85.5100
84.1700
82.8900
81.9900
82.2300
82.7700
81.3400
80.8100
84.8000
80.2500
80.3900
82.0200
81.7600
82.7000
81.6500
81.2500
80.2300
81.0600
82.5500
83.8300
84.3000
85.6000
84.9300
85.9500
86.9800
88.1100
89.3800
91.5000
93.5400
93.7900
91.8500
94.6000
94.3000
94.0600
95.3100
96.7100
98.2100
97.6200
97.7100
97.5700
96.6300
97.3600
96.7300
97.4000
97.7800
98.9800
98.9000
99.5700
98.6500
98.3900
97.2000
95.1300
94.8000
95.7100
97.7200
98.6100
99.8000
98.4200
98.6300
97.3700
99.2900
95.7300
97.0000
97.2400
96.2800
96.6800
96.3800
97.8700
98.1300
98.2900
97.6300
97.9900
96.0100
96.5000
96.1800
97.0300
97.4600
97.5000
97.3200
97.0000
97.2700
97.6400
100.2900
100.8500
100.5800
98.4600
97.6000
98.4700
99.5900
98.4500
99.6800
99.5100
98.5700
98.6600
101.5000
100.3700
100.3000
100.9600
102.4000
103.6100
103.4400
104.1100
107.7000
108.4000
108.3900
108.4100
107.8200
109.5600
109.4700
110.4200
109.0000
109.8700
110.5400
113.0700
110.7200
112.0000
111.3800
110.8200
111.4100
111.0200
112.5200
112.3600
111.5000
111.6200
114.9800
112.8200
111.8200
112.4300
112.9000
112.6100
112.0500
112.8900
113.0200
114.0000
113.4800
110.0100
111.4300
110.0000
109.2900
108.4000
107.6000
108.0000
106.5500
106.1300
106.3200
105.9700
106.4900
106.4900
107.5400
107.4100
106.9900
109.0700
109.7100
110.6800
110.8700
112.6400
111.9300
111.1900
110.0900
109.9300
109.7600
110.5300
109.2000
109.9300
109.8400
108.2900
109.6700
109.6400
109.6800
109.2000
109.4800
110.3100
112.1200
112.6500
113.2300