66.1100
65.3800
65.3700
64.7500
65.8400
65.7000
63.6800
63.3800
63.1000
63.6800
64.4000
64.1500
63.2900
65.2800
64.1700
66.1700
64.8200
65.0100
64.6100
63.8100
63.7500
63.9200
63.4600
64.4600
66.0200
66.2600
66.2300
64.6500
65.6400
66.9000
71.7000
75.0200
74.9500
75.2300
74.7600
75.0900
75.1900
75.1500
73.9800
73.3100
74.1300
73.0000
72.6800
71.0000
72.1800
72.1500
71.8100
71.1100
72.1000
71.3200
72.5400
73.7300
75.8100
73.9000
72.8000
70.8500
72.0400
72.6500
71.1600
71.0500
70.6100
71.1200
72.3300
71.1500
71.2800
71.1700
70.2900
68.9400
67.7200
69.1300
67.8400
67.0000
68.1900
66.7000
65.9100
65.2300
65.9500
66.7900
67.7000
69.0500
69.6600
69.8500
70.6500
68.0600
66.4700
65.0300
64.3500
64.5100
64.0300
64.6000
64.4800
63.7700
62.3500
61.6900
61.3800
61.4300
62.8900
61.6200
61.1600
60.4300
60.0200
61.1500
59.7500
59.5200
57.9900
58.3600
59.0700
60.0900
59.3000
58.7100
57.2600
57.5500
56.3400
56.7000
57.3500
56.8700
57.8200
56.9800
54.8900
55.5000
54.3200
54.5800
56.2000
56.8400
57.9900
57.1300
58.4800
57.9900
57.2500
56.7400
55.3700
55.8300
54.6500
55.4000
56.2600
58.1300
58.7300
58.9500
58.9900
58.3500
56.8800
56.5900
57.9500
58.8800
59.2100
59.1200
57.0600
55.4100
56.3200
57.4700
59.0700
59.4500
60.4200
59.8800
59.0100
58.7500
58.4000
58.8900
58.9700
59.2600
60.1600
61.2300
60.5200
61.0400
60.2000
60.2900
58.7300
57.6400
57.8300
57.4500
57.0100
58.4000
59.3400
59.3700
60.6200
61.4300
62.1900
63.4900
63.1400
61.9600
60.9600
60.9700
61.1300
60.2400
59.4800
59.0000
60.6300
60.5000
60.7800
61.5700
60.1300
60.8200
60.0200
59.9800
61.0700
60.4800
61.6100
61.3600
60.9600
61.4600
62.8100
62.6500
62.0000
61.3700
59.5900
58.7700
58.8800
58.2900
58.2100
58.5200
57.8000
57.8300
59.6200
55.4100
54.0200
53.8300
53.9400
53.7000
53.0600
52.4800
52.4000
53.4900
52.7400
52.8900
53.2300
52.8700
53.1200
53.1200
52.6000
51.6700
51.9000
51.8800
52.6200
53.0900
52.9200
52.3200
52.4600
52.9100
52.3300
51.9200
52.1300
54.1400
53.7700
54.1900
53.4600
52.8700
52.3600
52.2600
51.1500
52.0400
52.4600
53.3900
54.5800
54.6000
54.2100
53.3500
53.8800
54.2600
53.8200
53.6700
53.8600
54.1400
54.2800