31.3400
30.1600
30.7100
30.6300
30.5100
31.2000
31.5200
31.5800
30.6200
30.5300
30.3400
31.5100
31.9300
31.9900
31.9500
31.9400
31.7100
31.8500
31.5800
31.6000
32.2000
32.7000
32.9500
32.6400
32.8700
33.0500
33.2600
33.0300
33.1600
32.9600
33.3100
34.5100
35.0600
35.1400
34.6700
36.0200
36.3600
36.5600
36.6200
35.7400
36.3700
36.2500
35.7200
35.1100
35.5900
35.7800
36.2500
36.1800
37.3300
37.6200
36.8300
37.6900
37.7900
37.3900
37.4200
37.6200
37.0900
38.0800
37.8700
37.2400
36.9900
36.9000
36.5900
36.6300
35.7300
35.6200
36.3000
35.4700
35.7600
36.4600
36.1200
35.5000
36.0800
35.8700
40.6200
40.2900
39.6500
39.3000
39.8600
41.0500
41.2300
41.0200
40.7500
41.1600
40.3800
39.4400
40.0700
40.1900
40.5600
41.2100
40.7400
40.2500
40.0500
39.8600
39.0300
38.3600
39.5100
39.2200
39.6800
39.6600
40.3500
41.4900
39.5900
39.1900
38.8200
39.1600
39.7600
40.9400
40.9000
41.0500
40.9300
40.9100
40.1700
40.1300
40.6700
42.4900
43.5000
42.9500
41.8300
42.8000
41.8100
42.5000
42.2900
40.7800
42.0100
41.2200
41.2000
40.9300
40.4100
40.6800
39.6800
39.1300
39.3100
39.9500
38.6000
39.0700
40.4600
43.9500
44.8500
44.2400
43.5200
43.1900
43.7900
45.2200
45.6000
44.3000
43.8900
43.7700
44.5000
44.7700
45.6100
44.9400
44.2700
43.9900
45.3200
45.3600
44.9800
45.7900
46.8700
46.4000
45.8500
47.0000
46.8100
47.1000
46.9800
46.9400
47.4900
46.5500
47.4700
47.3600
47.1600
48.9100
49.2400
48.5300
48.3300
47.9900
48.8800
49.9700
50.4800
49.9600
50.3900
50.0800
49.4700
49.3100
48.0300
47.5400
49.1200
48.3700
48.2300
48.4000
48.5900
49.4900
48.7300
47.9200
46.2200
46.7600
47.4900
47.8500
47.4000
48.2400
48.2000
50.8300
49.9700
50.1500
49.3500
48.8800
48.3400
49.5100
48.2600
49.2200
48.6900
49.3500
49.4900
48.4000
47.8700
47.7300
47.4700
47.7400
46.4700
46.5200
47.2600
47.9200
48.2600
48.6300
49.0100
51.4000
51.1500
51.4700
52.2000
52.8200
52.0400
51.9900
52.0200
51.9900
51.7400
51.1700
51.9900
51.8600
51.0200
50.3600
51.3100
51.9100
51.3400
52.1400
51.3500
51.0800
50.2400
50.2900
49.8100
51.0000
53.5900
52.4500
52.7800
53.5100
52.6800
52.7600
53.0000
53.7000
53.1800
52.5100
52.9000
54.1700
54.2100