58.0200
58.0700
58.2100
58.2900
58.5500
58.8800
59.3300
59.8100
59.6900
59.6400
60.5400
60.1500
60.3800
60.4100
60.9900
60.9400
60.7600
60.5100
60.2700
60.4400
60.6100
60.5000
61.5300
61.2900
61.6800
61.8600
61.6500
61.2000
61.4500
61.3100
61.7100
61.9800
61.8500
61.6500
61.9400
62.1700
62.6900
62.6200
61.7500
60.0000
60.1100
59.5500
59.4000
59.3400
59.3600
59.3300
59.7100
59.2300
60.0300
59.8200
59.8200
60.0700
60.2100
60.4900
60.1600
60.0200
60.2700
61.6900
61.4400
61.4400
61.7100
61.7200
62.3200
62.1800
61.4800
61.5000
61.2300
59.9200
60.2900
61.8200
61.6100
61.7900
62.5700
62.4500
62.2600
62.2200
62.0400
62.1100
62.6900
62.9700
63.8100
63.6900
64.3400
64.0100
64.1100
63.5100
64.9600
64.8800
64.6500
64.8100
64.7100
64.2600
64.2600
64.6300
62.7300
62.8800
64.3600
64.8200
64.7900
65.0900
64.3500
64.4200
63.8300
63.2100
61.9200
62.2700
62.6300
64.9100
65.6700
66.5400
65.5700
66.6100
66.2600
66.8600
67.0200
66.9600
67.3500
66.3500
65.0200
66.5300
66.1200
66.6300
66.8900
66.6400
68.5300
68.7700
68.9600
68.6200
67.8200
67.9500
67.4900
67.1600
67.3300
67.6900
67.4800
68.1400
67.8700
67.9300
67.2300
66.6100
65.4100
65.4200
66.0000
67.1700
68.1500
65.4500
65.7000
63.4800
64.4100
64.4300
64.4800
64.1800
64.5300
65.3400
65.1100
64.7900
65.0900
66.7700
66.7900
66.1300
65.8400
67.2900
66.7900
66.5200
66.1500
65.0200
65.1200
64.0100
64.0300
63.4700
63.9000
64.9400
65.2600
64.6300
64.2000
64.1400
64.9000
64.1200
63.8500
63.6300
63.5900
63.5700
64.1100
64.4900
63.7700
64.3000
65.1100
64.8100
64.9300
64.8100
64.4200
64.9000
64.9900
64.8900
64.1500
63.6300
63.6700
66.2400
67.8700
68.7800
69.4000
69.8800
69.0700
69.7400
69.1800
68.9900
69.2000
69.5600
69.6000
70.8200
70.6100
70.7400
71.3600
70.4800
70.0400
69.8700
69.4200
69.2500
68.2600
68.7000
68.9700
70.0000
70.3200
69.7000
70.3500
69.8100
70.0400
70.9700
71.8100
72.0800
71.5200
71.8700
71.1600
72.3900
72.7200
72.0400
72.5300
70.5100
70.6800
70.5200
71.0800
71.8700
71.8000
72.2300
71.2000
72.0800
71.8200
71.8000
70.7800
71.9000
74.3300
74.1000
74.3500
73.9000
73.2500
73.3700
73.1500
72.8100
72.9400
73.1300
72.8400
73.3200
73.8200