60.6500
59.9000
59.7400
59.1000
59.2700
59.3400
59.1800
58.9800
59.1800
59.3400
59.2800
58.7400
58.7600
58.6200
58.3800
59.3700
59.7700
58.8900
58.6400
58.9600
59.0100
58.8700
58.8200
58.8000
59.1300
59.3900
59.4700
59.1300
57.9100
57.9700
57.6500
57.9000
57.8700
57.8600
57.8600
57.9600
58.8400
58.4300
58.1100
58.1000
58.2900
58.3100
58.3900
58.3500
58.1500
58.3200
58.3900
59.2100
59.4000
58.5900
58.0800
57.6200
57.4200
57.5400
57.3200
57.2600
57.1300
57.5800
57.8100
57.6500
58.0000
58.4200
58.5500
58.7500
58.6500
58.1800
57.7600
57.1400
57.3900
57.8700
57.7500
58.2200
58.2200
58.0100
57.9000
58.6100
58.3300
58.7300
59.0200
59.2900
59.3100
59.4500
59.6600
59.3100
59.1600
59.3800
59.1400
59.7000
59.4700
60.0200
59.8100
59.0200
58.7500
58.8300
58.5600
58.6700
58.8100
59.0300
59.2300
59.5900
59.6100
59.9600
60.1000
60.3600
60.2900
60.7000
60.5500
61.2700
61.6700
62.2400
61.7800
62.1800
62.3500
62.5800
63.1000
63.4800
62.7900
61.5000
61.2800
61.5000
61.2400
61.2500
61.8400
62.0700
62.1900
62.7200
62.5700
62.0900
62.1400
62.3400
62.5300
62.8800
62.8700
63.4200
63.1400
63.4100
63.5000
63.3600
63.7700
63.5600
63.5800
63.4800
64.4200
64.9000
64.9400
64.5000
64.4500
64.2500
64.6600
64.5500
64.3000
63.8900
63.5900
63.8700
63.2900
63.2000
62.6800
61.8000
61.6800
61.9600
61.3900
61.6100
60.9900
61.4200
61.2400
61.2000
60.7800
60.7600
60.6200
60.8800
60.3300
61.0600
60.6300
60.4900
60.3100
60.1800
60.9900
59.8100
59.6100
59.4800
59.4600
59.4800
59.1000
59.4800
59.4600
60.0900
59.5800
59.8900
59.4800
59.6500
59.7600
60.4300
60.2200
60.1400
59.9500
60.0700
60.1700
59.8300
59.8200
59.8100
60.6100
60.7300
60.4700
59.9000
59.7000
59.5700
60.0100
59.9700
60.3800
59.7300
59.2000
58.0000
57.7600
56.2600
56.4200
55.7400
55.1200
55.1900
55.2300
54.4300
54.9800
54.7500
54.4300
54.2100
54.1000
54.8800
54.8400
55.3700
55.4400
55.7900
55.2700
55.3600
56.0800
56.1100
56.0300
56.0700
56.3600
56.3400
55.9600
56.1200
56.9800
57.1900
56.4000
56.4400
56.0500
55.9700
55.4600
55.4200
54.9300
55.5400
56.5900
56.5800
56.9000
56.3500
56.0300
56.1100
56.0900
55.9100
55.7400
55.3400
55.3100
55.2800
55.7800