38.8300
38.4300
38.4200
38.9400
38.9600
39.5800
39.3500
39.0900
38.9400
39.1300
39.1700
39.8300
39.5400
39.4200
39.3600
39.7700
39.2600
39.3200
39.2200
38.9700
39.5200
39.1000
39.6400
39.7200
39.6700
39.4000
42.4100
42.6300
42.8500
42.8500
42.0400
42.5600
42.6300
42.2000
42.3500
42.4000
42.3900
42.4000
42.4500
42.0400
42.5700
41.8400
42.0200
41.3900
41.8400
42.5300
42.6300
44.0900
44.2600
43.9000
44.2000
43.9500
43.8700
43.6400
43.5500
43.6200
43.9200
44.5400
44.1300
43.5000
43.5200
44.2600
44.8100
44.5700
43.8900
43.8200
43.2100
42.5000
43.4500
44.0500
43.8000
43.8600
44.6200
44.2700
43.9100
44.4500
44.1400
43.7000
43.9700
46.3300
46.1500
45.8200
45.9400
45.7400
46.4000
45.7100
46.3000
45.6300
45.3800
46.0800
46.2500
46.1200
46.2300
46.1800
45.3700
44.5000
45.2700
45.0000
45.1200
45.4700
45.6500
46.1000
45.2300
45.1700
43.3400
43.6200
44.1300
45.3800
45.7200
46.8500
45.9900
46.3600
46.3500
47.7800
47.4300
47.1900
47.0000
46.8300
46.1000
46.5100
45.2200
45.3700
45.6300
45.3500
46.6000
47.7700
47.9500
47.5500
46.9900
47.0600
47.3000
47.4700
47.5800
48.7700
48.3500
49.0000
48.9400
49.0500
48.4800
48.3300
48.2500
48.5000
46.9700
47.0600
47.3000
46.8400
45.9500
45.5800
46.3500
46.3900
46.8200
46.4100
45.7200
45.8900
45.5200
45.7100
45.9300
46.5000
46.9600
46.7900
46.7700
46.5200
46.6700
47.0700
46.5800
46.1600
46.1100
45.5200
45.7800
46.1700
46.0900
47.1700
46.8400
46.4800
46.8600
46.1600
46.8300
47.3500
47.6300
48.0700
47.5900
47.3200
46.9900
46.6200
45.9400
45.7000
46.4500
46.5800
47.1000
47.4300
48.1300
48.7600
49.2000
49.0200
48.7700
48.8100
49.0100
49.2600
49.7800
50.5300
50.5500
51.0600
50.4300
50.6100
49.4700
49.0600
49.4200
49.7400
50.0400
50.3600
50.0800
49.9600
50.6100
49.9700
49.9700
50.3700
50.3300
51.4300
50.1100
49.7900
50.3000
50.2500
50.5000
50.7400
51.0300
50.9900
50.9500
51.2800
51.0400
51.2400
53.3800
54.2500
54.0300
54.2000
54.3300
54.2000
54.1700
54.0000
53.2800
53.0000
54.9000
54.9300
54.3300
54.5000
53.6600
53.8000
53.1200
53.7500
53.3600
54.1200
54.7400
54.5000
55.5600
55.3800
55.4400
55.9900
56.1100
56.1800
56.5800
57.0600
56.6400
56.9400
58.4500