41.3600
41.0200
40.5300
40.3900
40.3700
40.4900
40.6400
40.5400
40.5700
40.4800
40.4400
39.9800
40.4900
40.3100
40.1200
40.9100
41.3800
41.0600
40.7200
41.0400
40.9300
40.6800
41.0800
40.9300
41.0900
41.0100
41.0900
41.0900
40.6600
40.8000
40.5800
41.3200
41.1600
41.6800
41.7200
41.9000
42.2300
42.3000
41.9900
41.8700
42.7800
42.8100
43.1000
43.0200
42.9800
42.6900
42.8200
43.6100
43.8100
43.1300
43.0000
42.6400
42.2400
42.3400
42.6000
42.6900
42.6700
42.8000
43.3000
42.4200
42.5000
42.5100
42.7900
42.6500
42.8200
42.7900
42.7700
41.9400
41.6600
41.7100
41.5700
42.4400
42.9500
42.8600
42.5200
42.8900
42.3800
43.1000
43.6700
43.6500
43.8100
44.0100
44.2700
43.6700
43.7200
43.7600
43.5700
43.4300
43.9600
44.1100
44.3900
44.3100
44.1000
44.1800
43.9000
43.8200
44.4600
44.8900
44.6800
44.8500
45.0000
45.1400
44.6900
44.9600
44.3700
44.9400
45.1300
45.6300
45.6400
46.0400
46.0000
46.0900
45.9200
46.0600
46.1400
46.1500
45.9000
45.4600
44.8500
44.5900
44.6700
45.4300
45.8700
46.0200
46.2000
46.5600
46.2900
45.7000
45.6500
45.8500
46.0800
46.3900
46.2700
46.4100
45.6100
45.6700
45.6500
45.8000
46.0100
45.6400
45.3300
45.1400
45.6700
46.3600
46.7200
46.1800
44.9200
45.0100
45.6900
45.2500
44.5600
44.6100
44.8500
44.9800
44.7800
45.2800
45.3200
45.0700
44.7600
44.8300
44.2500
44.0800
43.6000
43.8700
43.5900
43.3000
43.7100
43.8100
43.7900
43.9700
43.9900
44.3800
44.3100
44.3400
44.4300
44.4700
45.1000
45.1700
44.7400
45.1600
45.2000
45.2100
45.3900
45.9800
45.8100
45.4900
45.4600
45.6900
45.9600
46.0000
46.6000
47.1000
47.2500
47.0600
46.9000
46.7700
46.7400
46.5900
47.0500
47.2900
47.6600
47.9600
47.4000
47.4800
46.8000
46.4900
46.7400
46.5700
46.9200
46.7100
46.6900
46.0200
45.6800
44.9400
44.3900
44.1700
43.9100
44.1400
44.1300
43.7900
44.4600
44.1300
44.0700
43.8200
43.4900
44.4300
44.4900
44.4700
45.0500
45.4800
45.1400
44.4500
44.9800
44.9500
44.9800
44.6600
44.7900
44.8000
44.4900
44.8100
44.9900
45.7200
45.5400
46.0500
45.8200
45.4800
44.8900
44.9800
44.7700
45.1900
46.0100
46.3400
47.0000
46.1500
46.0800
45.8200
45.7800
45.8000
46.0700
46.4000
46.1300
46.3000
46.5500