56.2150
56.4300
56.3350
55.7500
55.5500
56.0500
55.6250
56.0350
56.0800
57.5400
57.7450
58.0900
58.0150
57.4800
58.0800
59.2100
57.9900
57.9800
57.7200
57.9300
58.9000
58.8500
57.4800
57.4100
57.4400
57.0700
57.6500
56.9000
55.5000
55.1600
55.1800
56.0800
56.0400
56.1400
56.4000
57.3400
56.8400
57.8000
58.3000
58.5400
58.6500
58.3500
58.8500
58.1000
58.3900
58.9100
59.0700
59.7900
61.7400
62.3600
63.3800
63.6700
62.8300
62.2300
62.7600
62.3800
62.2500
62.6400
62.5700
62.2500
62.2300
61.9400
62.3900
62.6500
62.3400
63.1500
62.1600
60.7900
60.9500
62.4100
62.9600
62.6800
63.2700
63.0600
62.7800
64.0300
62.5000
61.8800
64.6300
65.0200
65.2300
65.3500
64.0100
64.6000
64.1500
60.7200
61.6000
59.8700
59.2200
59.1700
58.1600
57.4400
56.4700
57.0600
55.0800
54.5400
55.0600
54.6900
54.6500
55.0900
54.9600
55.7900
55.7500
54.1500
52.4300
53.1500
54.1600
54.9800
54.8700
55.0100
54.6800
55.3700
54.3100
54.3000
55.0700
55.3800
56.5500
56.1500
54.4900
54.9200
53.8900
53.8600
53.9000
52.9200
54.1200
54.7000
55.1900
55.5000
54.6500
52.9600
51.5100
50.6000
50.5600
51.6300
51.3900
51.3500
52.5900
54.6800
53.2100
52.4600
52.4000
52.3400
53.7000
54.7000
53.8300
52.3800
50.8900
50.8800
53.0900
53.5100
54.4200
54.3700
55.2600
55.6200
55.0100
60.1300
60.9300
61.2900
61.6100
60.5900
60.3600
59.8100
59.5300
60.1000
59.8100
60.1900
60.1500
59.8100
59.9500
59.7800
59.5900
60.9500
61.0000
60.8200
60.2200
59.6300
60.6000
61.2300
60.9900
61.3000
61.5700
61.6200
61.8200
61.4400
61.4000
60.6500
61.6700
61.5700
63.1600
62.7000
63.3000
63.3000
64.0000
63.4400
62.5400
62.3800
63.1600
63.0100
63.4300
64.9600
64.5000
64.2900
62.9300
62.5900
62.1900
61.5300
61.3000
60.7900
61.6200
61.1700
60.0300
59.4000
59.7800
58.5600
57.3100
57.4900
57.4500
56.9600
56.3400
56.4100
56.6200
57.7000
58.0300
58.5000
59.6200
59.3200
58.6900
58.0500
58.0100
58.2500
59.2100
59.0600
59.3300
59.7700
60.6700
60.0900
60.4000
60.4000
59.9100
60.9300
60.8200
60.9000
60.3400
59.9900
59.8200
58.9500
57.9500
58.4500
57.9300
59.8600
61.0100
62.2300
62.6900
62.0000
62.7400
62.4900
63.8000
64.1300
64.2300
64.3400
63.9700
64.2300
62.8500