21.7200
21.8300
21.9000
22.0100
21.9900
21.8800
22.0900
22.4800
22.2500
22.2200
22.7000
23.1600
23.2500
23.4400
25.1400
25.6900
25.6400
25.8300
25.7500
25.7600
25.7200
26.0100
26.3900
26.2600
26.1500
26.3300
26.3800
26.2000
26.4500
26.4000
26.6600
27.5200
27.1000
27.2500
27.0700
27.2500
27.5200
27.8300
27.9800
27.6900
28.2800
28.5800
28.1200
27.6800
28.0300
28.5200
29.0100
29.0300
29.6200
29.1000
29.0100
28.8900
29.0000
28.8600
29.1900
29.1300
29.1500
29.6100
29.5500
29.5500
29.5800
29.8800
29.7100
29.8500
29.1800
28.9400
28.6400
28.2500
28.6000
29.2000
28.8700
28.8100
29.3300
29.1400
28.1000
27.9000
27.6600
27.5000
28.1700
28.4900
28.3200
28.2100
28.6700
28.5100
28.2200
27.8000
27.7100
27.3700
27.4700
26.1400
26.3600
26.1000
26.1100
25.5700
25.4800
24.9400
25.7500
25.5900
25.4600
24.2300
24.2400
24.2200
24.0300
23.8500
23.1800
22.8500
23.3800
24.3800
24.5800
24.6400
24.3400
24.5500
24.3000
23.9800
24.7000
24.6800
25.4600
25.3500
24.1800
24.7100
23.8100
23.9500
24.2000
23.7100
25.6300
25.2300
25.6300
25.2400
24.0700
23.6900
23.5600
23.5500
23.3200
23.6500
23.2900
22.9200
25.0800
25.4600
25.0500
24.8000
25.3400
25.1600
25.7600
26.5500
26.3100
26.2100
26.1400
26.0800
26.8000
26.6200
26.9300
26.8000
27.0100
26.9900
26.7400
25.7100
25.4400
26.2600
26.8500
26.5800
26.1400
26.3500
25.9800
26.6800
26.4100
26.4300
26.8900
26.2700
26.2900
26.3500
26.4100
27.5100
27.7000
27.3800
27.3200
27.3100
27.5200
27.8600
27.5800
27.6700
27.7300
27.5200
28.0200
27.7600
27.1700
26.7500
27.5200
27.2700
27.2600
27.2400
27.0400
27.1900
27.2900
27.1300
26.1400
25.8400
25.6800
25.6400
25.7300
26.3100
25.6000
25.0000
24.5800
25.0400
24.6800
24.4600
24.1400
23.9100
24.4200
25.2100
24.9800
24.8800
25.3300
24.5400
24.1700
24.2200
24.1000
23.9100
23.4000
23.5600
23.5600
24.3400
24.2200
24.3500
24.8100
24.6700
24.5700
24.8600
25.0300
24.8200
24.7600
24.9200
25.1500
25.1800
24.9100
25.0200
25.3200
24.6700
24.7200
24.7200
25.2700
25.8600
25.9100
25.9100
25.6200
25.6200
25.3300
25.2900
24.8300
25.3000
24.8400
24.3700
24.3300
24.1300
23.8700
24.0200
23.8500
24.1500
24.2100
24.3200
24.0800
24.0300
24.3300