40.2000
40.0900
40.1000
41.3200
41.4500
43.2600
44.7100
46.0900
45.2000
45.1100
46.0700
46.5000
45.9900
46.2900
46.2500
46.9400
47.1200
50.4100
50.2800
50.3200
52.4400
52.2000
53.6700
54.3000
54.1800
54.4700
54.5300
53.7600
54.2200
54.1400
53.6000
54.4900
54.6100
54.3900
53.9300
54.0500
53.8000
54.1300
54.9600
54.1300
53.7900
53.5500
52.2400
50.1200
51.1700
52.4700
52.0800
51.6900
52.1200
51.5200
51.9500
52.0300
51.8600
51.4900
51.4700
50.8200
51.2200
51.9300
51.9700
51.1200
51.2200
51.6900
52.8100
53.3400
52.8100
52.0800
51.6600
49.9100
50.9200
52.7700
52.1400
52.4500
53.5500
52.9100
52.7500
52.7600
52.2200
51.7800
53.9200
54.2100
54.0500
53.9700
54.3900
54.1100
52.9000
50.7100
51.2300
50.6300
50.1400
50.0000
49.6800
48.2500
47.2500
46.3300
44.4300
44.2400
45.8700
45.4700
45.9900
47.0000
47.6200
49.4900
47.4300
46.5600
43.6100
43.2600
44.7600
46.4900
47.3100
47.7200
45.8600
47.3600
45.9200
46.7400
47.3600
47.7800
49.3300
49.0000
46.6000
46.9900
45.8400
47.1600
48.2300
48.1300
50.3700
49.7200
50.8900
50.2600
50.1500
49.3900
48.8400
47.4700
47.5100
48.7900
48.5900
48.9400
49.9600
49.8400
49.1900
48.2000
47.9300
48.4800
49.5900
51.7400
51.0000
52.2800
51.9800
52.7200
53.1700
54.2900
54.8700
54.3900
54.6800
54.5400
54.3900
53.5100
53.9300
54.8100
55.7100
55.5300
55.7400
55.9300
55.5800
55.2700
55.3800
55.6800
55.0800
54.5500
55.2600
54.5400
55.0600
56.6800
57.3700
57.1700
56.5400
56.3500
58.1700
58.6400
57.7700
57.5500
58.1600
57.3600
57.1800
56.6600
56.0000
55.3300
56.3700
57.0100
57.1600
56.6900
56.5000
57.5000
59.1300
57.0000
56.3100
55.5400
54.7200
54.2500
55.6600
57.2200
57.6700
58.0500
56.0800
56.2000
54.2700
54.4600
53.6500
60.1900
59.2400
60.6400
59.3000
60.0600
60.4800
60.0400
58.0500
57.5300
57.2200
57.1800
55.5000
55.0500
55.6900
58.3700
58.6500
59.1200
60.0500
59.2500
59.0300
59.9400
60.6200
60.8500
59.9900
59.6600
60.2700
60.8500
61.8500
62.7100
62.1600
63.6500
63.7600
64.6800
65.7600
66.3900
65.7300
66.6500
66.0000
66.7200
66.7000
66.7200
66.0500
68.0500
69.7800
68.8800
70.1600
70.1400
69.5100
70.5800
71.1700
70.5200
70.5000
70.1800
70.0000
71.5200
71.2200