47.7200
48.0300
47.7200
47.1500
47.8900
48.7000
47.8300
49.2500
48.5400
49.0500
49.8100
49.8000
49.3300
49.7400
50.6400
52.1000
52.0700
51.6700
51.7200
51.3800
51.8800
51.4500
52.4600
53.3700
51.9200
52.0600
52.7400
52.2000
52.8000
51.6200
50.9700
51.3800
51.5000
51.8800
51.9600
51.0700
50.8800
51.0500
50.6500
50.3100
50.1800
50.2300
49.5600
48.8000
49.0900
49.6700
49.9900
50.4400
51.7700
51.7200
52.0000
52.3700
51.8100
51.5300
51.9500
52.0000
51.2100
51.3500
51.3800
51.7500
51.8700
52.1800
52.5400
51.7800
51.3600
50.9600
50.3400
49.6400
49.7300
51.0200
50.0900
50.2000
51.0800
50.5500
50.0800
50.2700
49.9500
50.9100
51.2500
51.8800
52.6700
52.5400
49.1800
49.5000
49.3600
48.7300
48.7000
49.1600
48.1600
48.5000
48.1800
47.7900
47.5200
47.1700
46.1900
45.9300
46.7700
47.1800
47.8600
47.7000
47.2800
47.9500
47.0900
46.7700
45.6300
45.0700
44.8100
45.9400
46.4100
46.6900
46.6900
47.0500
46.5100
46.4900
46.6700
46.6500
46.9700
46.0200
45.5600
45.7100
44.5100
44.0900
44.6100
44.2900
46.5800
45.4000
45.5400
45.8100
45.1600
44.9300
44.6500
44.4300
44.0300
44.9400
44.7100
45.2100
47.1600
47.0300
46.2500
46.3000
45.3500
45.6000
46.6900
48.0300
47.9300
47.7700
47.5000
47.4100
48.5000
48.9400
49.7900
49.9800
50.3000
51.2500
51.1500
51.8100
51.5200
52.0900
52.3000
52.2400
52.3100
51.6600
51.4700
51.7200
51.6000
51.5800
51.5400
50.7400
50.7200
49.8400
49.0000
49.9800
49.8000
49.7700
49.4200
49.4200
49.9700
49.8100
50.2400
50.5400
50.5600
50.4200
50.1000
50.0300
48.3000
47.9000
48.3500
48.2700
47.9300
48.0300
48.5600
49.0500
49.1900
49.1200
49.0000
48.2900
48.3200
48.3500
48.4000
48.8800
49.3100
49.6000
48.2500
48.2200
47.3200
47.3400
47.9600
47.8400
48.4300
50.3800
49.8100
50.5000
51.4600
50.2800
49.7800
50.1500
50.3400
49.9100
48.3700
48.1400
48.1900
48.9500
48.4900
48.5500
49.1200
48.8600
49.2000
49.9700
50.5800
50.2300
49.6000
49.7400
50.6500
50.8000
50.8500
51.2300
51.5200
51.6200
51.6600
51.7500
52.2500
53.1100
53.1800
53.2500
53.0100
52.8500
52.6700
52.6700
52.1400
52.9600
54.6000
54.8600
55.0700
54.7000
54.2100
54.7000
55.1400
55.0400
55.3200
55.0100
54.5700
55.3500
55.8900