101.4500
101.5900
102.1500
102.4300
102.1700
105.5200
103.1700
103.8800
103.0400
103.7200
105.3700
105.0800
103.1600
105.6000
104.5500
106.8100
104.7500
104.1200
105.3100
106.1400
105.9000
106.4800
109.0900
110.0600
111.1300
111.4200
112.4500
111.8300
113.3800
113.7500
114.8400
117.6200
114.3500
115.6500
115.6600
116.5000
117.5500
115.6200
116.6100
113.8600
116.9100
113.9000
113.2000
112.7200
113.1400
114.4100
114.9800
113.7300
116.8500
114.6800
115.6300
116.7800
117.3900
114.7100
113.8100
110.3500
111.7300
112.1600
111.2800
109.6300
109.0200
111.1000
113.3500
113.5600
110.5200
109.1800
107.4400
104.0000
102.9500
105.2200
103.3300
102.7700
104.8000
104.1700
103.9600
103.0300
103.6000
104.4500
106.4300
108.5200
109.0200
109.8100
111.2300
109.2800
107.7100
105.2900
104.7700
103.9900
105.1000
106.5100
104.2300
101.0400
99.2100
98.9500
97.3400
96.3100
100.2000
101.3300
101.7000
100.7900
101.7500
104.8600
100.9900
99.3000
91.6700
90.4000
91.8700
94.9200
95.4500
93.8800
91.9300
94.1700
92.7000
94.4600
96.6400
94.7300
95.9500
92.9400
86.4800
87.6200
84.9000
83.9600
85.7300
85.1600
90.1100
88.9400
94.8900
92.0000
90.6400
91.4900
89.3500
91.8800
91.0500
92.9300
93.2400
95.2400
96.7000
98.2500
99.2300
97.2000
95.5000
95.6900
97.4200
101.0100
99.5600
98.0100
100.4500
96.1200
106.7500
105.7400
108.7400
107.9000
109.4100
109.9900
109.3000
110.3500
109.8200
110.9900
111.1900
109.5700
108.7700
108.9100
107.0100
108.9100
109.1700
108.8200
108.0500
105.8900
108.3000
109.3200
108.5400
112.4100
112.8800
112.4000
112.4300
112.9800
115.1800
117.6200
116.4000
115.8800
113.5700
113.5500
113.9500
113.2100
112.4200
110.6000
113.2000
112.0500
114.1900
115.1400
111.0800
111.4200
109.9100
109.8200
111.0500
109.5000
109.8300
108.7800
110.2500
113.7400
115.2400
114.7500
113.0700
112.1100
110.1600
110.7000
112.4200
114.0900
116.4900
116.8800
115.2000
116.8100
121.9800
120.0000
115.7700
114.5200
114.7600
115.2800
113.3600
116.1600
116.6700
118.6100
117.4000
118.1400
118.9900
116.6500
115.0800
116.3500
117.6400
117.6200
117.2400
117.1800
118.7200
118.3600
117.3500
117.7300
118.7300
120.7400
118.5100
118.9900
120.9700
123.9200
122.4500
124.3700
123.5700
122.7700
121.5500
121.6300
118.6100
120.7900
123.6800
124.1800
125.8000
125.9900
124.1400
124.6300
126.1000
125.6300
124.6600
125.1000
125.3700
126.0300
126.7900