56.6000
56.1500
56.3500
55.6900
55.0000
55.1900
55.0500
54.0700
55.0000
55.5800
55.8900
55.5100
55.7700
56.4600
56.6000
58.1300
59.2500
59.6300
59.3000
59.5500
60.0200
59.7000
60.2500
59.7700
59.6200
59.5000
58.6600
58.5900
58.9100
57.7700
57.7200
58.2200
58.5100
57.5400
56.9100
57.6000
58.0600
57.7100
57.0300
56.8900
57.4100
57.6600
58.6300
58.2800
58.3400
58.2200
59.3100
59.5200
60.8200
60.4400
59.5500
59.9700
61.0300
60.7900
60.3600
59.5000
60.1500
60.9500
60.8000
60.7900
61.3200
62.6200
62.5700
62.3300
61.7100
61.3900
60.6000
59.2800
59.8200
60.5200
60.8500
62.0100
61.9600
61.5700
61.5900
62.1100
61.3900
62.4500
62.6900
61.6500
61.5700
61.4400
62.5800
62.5800
62.4900
62.6900
63.6700
63.4200
63.1300
63.0900
63.3600
62.7300
62.3400
61.7300
60.4300
60.3500
61.7300
61.9600
61.9700
62.0800
61.6400
62.5300
60.5700
61.1000
59.6000
59.0500
60.4200
61.7300
61.0900
61.9000
60.7000
60.9700
60.7600
61.9200
61.9300
61.9300
61.8200
60.8800
59.4700
59.3400
59.5000
59.5200
59.5000
60.5300
62.3600
62.9400
63.4600
62.9700
63.2100
63.4500
62.5500
63.0300
63.6400
64.7600
64.8200
65.4700
64.9500
64.5400
64.0900
63.9500
63.4600
63.4900
62.9200
62.9800
63.3300
63.3100
62.5000
62.7900
62.7100
62.3500
61.4100
60.8300
60.2500
60.2000
59.7600
59.3200
59.5600
59.7500
60.1700
60.1100
60.3200
60.9300
61.2700
60.8200
61.0300
61.1200
60.9200
60.6200
60.4000
60.6000
60.3300
60.7200
60.5600
59.4600
59.3600
59.2500
60.1800
60.2300
60.2400
59.7700
59.1100
57.5500
57.4300
57.7400
56.9900
57.3800
57.7400
57.5300
57.2100
57.5300
57.1300
56.4800
56.8800
56.4000
55.8400
56.3400
56.1900
56.0200
56.2100
56.3700
56.3900
57.4800
57.1300
56.3100
56.2900
56.1200
56.4200
56.0600
57.4100
58.1500
59.1000
58.5600
58.5900
58.0000
57.1300
56.6600
56.3000
55.9600
54.5100
54.2800
54.3100
54.7000
54.6000
54.0600
54.4600
54.4300
55.2500
55.1800
55.7500
55.5100
55.2100
54.9800
54.4300
55.5600
55.1100
55.0900
55.0000
55.3700
55.1300
55.4900
55.7300
56.2300
55.3900
56.5000
56.6100
56.6800
56.0500
56.4300
55.9000
56.6700
57.0100
57.2500
57.2300
57.6600
57.8700
58.0000
58.3700
58.1500
58.4200
58.7400
58.5800
58.4700
58.4100