54.5200
55.7900
56.1100
55.7900
54.6400
53.6800
50.9100
49.1600
48.8000
48.6200
48.7200
47.6400
46.3000
50.1300
49.7000
50.9600
48.3400
48.7800
49.6400
50.5200
49.9800
50.0700
49.9300
50.8100
50.6900
49.9000
50.3500
49.0100
48.9500
49.5300
50.3200
51.2900
52.6500
52.7100
52.6200
54.2000
54.0400
54.4900
53.5300
53.0200
53.9000
53.1300
52.6800
51.5200
51.6200
52.7900
51.8800
50.5000
50.8300
49.8800
50.1300
50.1800
51.0500
51.0000
50.5600
48.8000
49.4200
50.0100
49.3800
48.4100
47.5300
48.2100
49.4300
49.5100
49.1800
49.1100
48.6200
47.4600
46.0600
46.6000
46.1800
45.3300
46.3700
45.9700
46.9900
46.6700
46.4600
46.3800
47.4100
47.5300
47.8300
49.8200
51.5100
49.6700
49.4100
48.9900
49.0400
49.5000
49.8900
49.8400
50.0000
48.7600
46.4700
46.7400
46.0000
45.9700
46.7900
46.4400
47.1200
46.5800
46.9000
47.5700
45.3200
46.3800
44.7200
44.0000
44.5600
46.0400
45.7300
46.1600
45.5500
46.2500
45.6100
47.5000
48.5900
48.7200
49.7600
50.7500
50.4400
51.1500
51.1300
51.7200
53.8300
54.0700
53.6300
53.7900
54.5900
54.6100
53.9500
54.5700
53.2300
53.3400
52.9900
55.0600
55.2200
55.8900
55.8200
55.4100
56.5300
56.2700
55.3800
54.6800
55.7600
56.9900
57.5500
56.4000
55.9200
53.3600
54.2000
55.1200
56.3500
55.7900
56.8500
55.7200
55.5200
55.0700
55.1800
56.0700
56.4500
56.4700
56.6100
56.2600
54.4400
53.9900
54.0100
53.4800
53.4000
53.5400
53.9600
53.3200
53.2500
54.4700
55.1600
54.9100
56.8300
57.6200
57.7600
59.2500
58.0800
57.6200
57.1300
57.2600
58.2500
57.9000
57.0900
56.9500
58.8400
59.0000
60.0400
59.6500
58.3200
59.8700
59.8300
60.0500
60.4900
59.6900
60.8400
60.3200
59.8900
60.5200
61.0700
61.2300
60.1700
59.1400
58.1000
57.9800
60.7200
62.4200
60.6300
61.1100
60.5300
61.2500
61.9700
59.8000
58.7900
58.6500
59.0900
60.1100
60.2000
59.8700
60.2100
61.4300
61.2400
61.9200
62.7400
61.2800
60.4700
61.8200
60.5400
60.0600
59.3800
57.7900
58.7600
58.9000
58.8300
57.7300
58.0800
58.2000
56.9600
56.6700
57.2800
58.2400
57.0100
59.1700
60.1000
59.2200
58.9900
58.6200
58.1300
58.9800
58.3200
59.0600
60.4200
60.4800
58.6800
57.1900
57.7000
58.4200
58.5100
58.9500
58.6600
59.0600
59.5000