47.0100
47.7800
48.4700
49.3900
49.8500
49.6700
48.8300
48.8700
49.1500
49.8300
51.3700
50.9600
51.9000
51.6600
51.7200
52.4800
52.3600
51.4400
51.1900
51.1600
51.9200
51.7500
52.0800
49.6700
50.9900
50.7800
50.2800
50.1700
49.7900
52.1200
52.0600
52.5900
52.1800
52.3100
51.6300
52.6100
52.4100
53.0500
53.7800
53.3300
52.9700
53.6500
53.0100
52.0400
52.9200
53.2800
54.1800
53.4300
54.4600
54.9500
54.3000
54.3400
53.2200
52.7800
53.5600
53.0300
52.7100
53.5200
53.2100
53.8900
53.1600
54.1800
55.5000
57.6700
56.8800
56.9400
56.3200
55.7200
56.3700
57.5000
56.9800
56.8000
58.8500
58.3800
58.5700
57.8800
56.9700
57.2200
56.8200
56.4000
56.0000
55.7900
56.7500
56.6900
56.3100
54.2300
54.5500
55.2500
53.9000
54.3400
55.1000
54.4200
53.5400
52.7500
51.3500
50.8800
51.8100
52.2200
51.6900
51.6700
52.6300
53.6100
52.5300
52.1900
50.6700
50.7900
51.5100
52.6900
52.9200
53.1900
51.8700
53.2600
53.0900
54.2300
54.3400
53.7900
54.0100
53.7400
52.4000
52.9600
51.9000
52.1400
53.5000
54.7900
55.8300
55.3800
55.0100
54.4800
54.0600
54.3600
55.3400
56.1700
55.7900
57.3500
57.7500
57.9600
57.6900
58.7600
57.2100
57.0100
56.6300
56.6000
56.8400
57.9500
57.8500
57.9400
57.1000
56.1700
56.7200
55.9800
56.0200
60.7300
62.5100
61.9200
61.6600
60.9700
60.8500
60.8900
60.8600
60.1700
61.0400
60.7100
61.5800
61.7600
61.9000
61.9200
61.8300
61.7300
62.6200
63.0600
62.8500
63.7500
63.3000
61.7500
61.7100
62.2500
62.9300
62.8400
62.6000
62.9600
62.9800
62.4000
63.3600
63.0300
62.8600
63.2500
64.2500
62.6300
63.2200
63.8100
65.2800
65.4500
64.9600
64.1400
62.5900
62.9300
63.1000
63.5600
63.7000
64.6500
64.5400
63.7900
62.5600
63.1600
61.9600
62.2200
63.2300
62.2400
61.5400
62.5000
62.0200
62.8800
55.1500
54.9500
54.8100
53.3500
51.9200
50.9800
50.0500
50.7600
52.1300
52.1800
51.9600
51.4900
52.2400
51.2900
52.0800
52.5400
53.6400
53.8500
53.5100
53.9500
54.3100
53.8500
53.9900
54.5400
54.8300
54.3000
54.1200
54.7600
55.3200
55.2800
54.1600
54.6400
54.2200
53.7800
53.3100
53.3600
52.9300
54.0000
55.6200
54.7000
55.0000
54.5100
53.9800
55.0300
55.8400
55.6000
54.6900
54.1000
54.3900
55.3400
55.1500