49.0900
48.4200
48.5000
47.7200
48.0000
48.0600
47.3200
47.1200
47.5500
50.0100
52.3800
51.9400
51.2800
51.7600
51.6900
53.4300
53.6000
53.0500
52.1700
52.6400
53.3100
55.0100
55.6500
55.6000
55.0000
55.6300
54.6200
55.8000
56.6100
55.5000
54.5500
55.3800
55.1700
55.5500
56.5300
59.0500
59.4000
58.7000
58.3400
58.3000
58.4700
57.1200
56.2800
54.6100
56.1800
56.5100
56.0700
55.5000
56.4100
55.6300
56.9900
57.6500
57.0000
55.3900
54.4400
53.3700
54.4500
53.9800
52.9500
52.9600
52.6900
52.9300
53.2900
52.5000
52.1600
52.5200
51.9400
51.4600
51.7200
53.5300
51.5200
51.4600
52.9600
52.1000
52.9900
52.9500
52.5100
52.7400
53.3200
54.5000
54.3700
54.6500
54.8800
54.6900
54.2200
51.5000
51.2300
49.7200
48.8100
49.3000
48.9500
48.1600
47.9000
47.9100
48.1800
47.4700
48.5200
47.7900
48.6000
48.9000
48.5400
48.8800
46.6600
44.9100
44.1900
43.7100
44.4500
45.2600
45.2400
44.5500
43.4800
43.6900
42.8900
43.3300
43.8500
43.4900
45.3900
45.4600
43.3500
44.0400
42.2100
42.8200
44.1400
44.7400
46.9700
47.0700
48.7300
47.9000
47.2500
47.4800
46.2600
47.8400
48.2600
49.2300
49.1000
49.2900
49.8900
51.4300
52.1900
50.3400
49.1600
49.4800
51.5900
54.4700
56.4400
54.3300
54.8300
54.6800
55.6600
56.3700
56.4200
55.6200
55.6100
55.1400
56.2200
55.8100
55.9000
56.7700
57.8800
57.2700
56.7300
57.0100
57.0300
56.7500
56.9900
57.4500
56.6400
55.9000
57.3700
57.1900
57.4800
57.4500
57.0500
56.7700
57.5800
58.3000
58.3000
58.1300
58.2200
58.7100
58.1000
57.9100
58.2300
56.5700
55.1200
53.7500
54.4900
54.5600
54.7700
54.8400
53.7100
54.4900
54.2100
54.3900
55.3100
54.6900
55.2700
55.0700
55.8500
57.1600
58.1400
59.2900
59.0200
59.2000
57.5900
57.4500
58.7700
58.1300
57.8200
59.5900
59.5900
58.6800
59.1200
57.7300
55.1200
55.6200
55.8700
55.4900
54.0800
54.7600
54.6700
55.5400
55.2400
56.4200
57.2600
57.5600
57.2200
56.9300
57.0600
58.2300
58.3900
58.5400
58.9600
58.1000
57.9400
58.1800
58.4500
57.9000
57.0000
57.3800
57.9500
59.4400
59.4200
60.3300
59.6800
59.2000
58.9100
58.3700
57.6100
59.2800
61.7900
60.6700
62.7300
62.5000
61.7800
61.6900
61.5000
60.8800
60.9900
60.6800
60.6700
61.3200
61.8200