8.4800
8.4200
8.5800
8.4800
8.5000
8.8800
9.0200
9.2500
9.2400
9.2000
9.3600
9.6200
9.6600
9.6200
9.5500
9.3600
7.9900
8.1900
8.2700
8.1900
8.5200
8.8500
9.1900
9.2200
9.1000
9.1300
9.1900
9.2100
9.3100
9.0700
9.1700
9.2600
9.3500
9.5000
9.3200
9.4900
9.6600
9.6600
9.6800
9.6400
9.8400
9.9900
9.7100
9.2700
9.4000
9.6800
9.6700
9.5800
10.0500
10.4000
10.9500
11.0400
11.2200
11.2200
11.2600
11.0300
11.2700
11.3600
11.1900
11.0300
10.9000
10.9500
11.0900
11.0500
10.6900
10.6600
10.3800
10.0500
10.3200
10.6600
10.0600
9.9100
10.1100
9.9700
9.8800
10.4800
10.2700
10.4100
10.6700
10.6700
10.7300
10.6300
10.7300
10.4600
10.1900
9.9800
9.8800
9.7300
9.6400
9.6400
9.5900
9.2200
9.0800
8.8100
8.6000
8.4600
8.6500
8.7700
8.9000
8.7600
8.6800
8.9100
8.5300
8.4900
8.0500
7.8600
8.0600
8.2900
8.1900
8.1900
7.8700
7.9600
7.8700
7.9900
7.9700
7.8400
8.0400
8.1700
7.8300
7.8200
7.4700
7.5000
7.5500
7.6100
8.0400
8.0300
8.1400
8.0700
7.8400
7.5500
7.5300
7.6500
7.4800
7.8700
8.0400
8.0300
7.9000
7.8200
7.3900
7.2000
7.1800
7.1800
7.2600
7.5300
7.5400
7.6300
7.7500
7.3300
7.8600
7.9200
8.0600
8.0200
8.5700
8.4200
8.5100
8.6700
8.5300
8.5500
8.5700
8.6800
8.6800
8.7300
8.4000
8.5000
8.3900
8.6000
8.6200
8.5000
8.5700
8.5900
8.5600
8.8500
9.0600
8.7500
8.9400
9.3200
9.5600
9.8800
9.5200
9.3900
9.2500
9.2200
9.2700
9.1600
8.7800
8.7000
8.8500
8.8000
8.9400
8.9600
9.0200
9.1300
9.1200
9.0300
9.0100
9.0700
9.3200
9.0000
9.1600
9.2200
9.5400
9.4200
8.5700
8.4400
8.3600
8.2400
8.3900
8.2600
8.3600
8.4900
8.4000
8.7700
8.6500
8.2500
8.1400
8.0800
8.1300
8.0000
7.7400
7.8600
7.8800
8.1700
8.1000
8.1100
8.1400
8.4300
8.3800
8.5300
8.5300
8.4200
8.3400
8.3700
8.5400
8.3700
8.3800
8.3100
8.3200
8.2500
8.2700
8.3200
8.5800
8.7800
8.7800
8.8900
8.8300
8.6700
8.6600
8.7300
8.7600
8.9500
9.1900
9.1900
9.3900
9.3500
9.2600
9.3700
9.5500
9.5800
9.4900
9.7700
9.8600
9.8700
10.1800