45.4900
45.4800
45.6600
45.2900
45.5400
47.7400
48.2700
49.1700
48.7100
48.9400
49.4300
50.0300
48.3800
48.0800
48.8100
49.5400
48.9300
49.5700
49.6600
49.0300
49.8200
49.3300
50.9300
51.0900
51.2900
51.6500
51.8000
51.4400
52.0500
51.7400
50.8700
51.0100
50.8200
51.9400
52.1600
51.8700
51.7500
52.1800
52.5100
52.1900
52.2100
51.2700
50.7200
48.7000
48.7500
49.2800
49.0100
48.6200
50.2300
50.3700
50.6500
51.0200
50.8600
49.9500
49.9300
48.6700
49.3000
50.2600
50.1200
49.3100
49.1500
49.8300
50.0900
49.3900
48.4900
48.0000
47.3200
46.4500
46.1600
47.7200
46.8700
46.7100
47.6000
47.4600
46.9300
47.4400
47.4000
48.4600
48.7800
48.9700
49.0700
48.1800
47.9500
47.6300
46.5100
45.3700
45.6000
45.5100
45.0700
44.9100
44.7100
44.2200
44.0900
43.6700
42.4700
42.4000
42.0900
42.6700
42.9100
43.5000
43.3000
43.7700
43.3400
42.6600
40.2400
39.2100
40.0900
41.3400
41.1500
41.2400
40.0900
40.6600
39.2800
39.4800
39.8400
39.4600
39.9000
39.2300
37.7800
38.2600
37.0900
37.4100
37.5700
37.4800
39.6300
39.2100
40.4900
40.2600
39.5000
39.1900
37.7500
37.0400
37.1100
38.0900
37.8900
38.3700
39.1200
39.5300
39.0600
40.5700
41.0000
42.0600
43.1600
44.0500
43.9300
43.8400
43.6300
43.1300
44.2300
44.3200
44.6500
45.3500
45.5000
46.1500
45.9400
45.7500
45.7200
46.0500
46.3600
46.0600
45.6800
45.9000
45.7700
46.4400
46.1700
45.6400
45.3100
44.5000
44.7200
44.2200
43.9800
46.1000
47.4300
47.1200
47.6200
47.6600
47.8200
47.2300
47.2600
47.6500
48.5200
47.9700
48.1300
47.7300
46.2300
46.2800
47.1000
47.2700
47.1400
46.6400
46.6400
46.6600
47.2800
46.8100
46.2900
44.8600
44.6500
44.9700
45.2000
46.0000
46.7400
46.5100
45.8100
46.1000
45.5500
44.9900
45.4200
45.1200
47.2200
49.5900
49.2000
50.4900
50.4200
49.5500
48.8800
49.0500
49.5500
49.4700
48.4500
48.2600
48.9400
50.2500
50.7200
50.7300
51.5800
51.1700
51.0500
52.0300
51.9900
52.1600
51.1500
51.2800
51.1800
51.4000
52.4700
52.3400
52.4500
52.0400
51.6800
52.5700
52.4500
53.8800
54.1200
54.6600
53.8400
53.4700
53.8400
53.6300
53.0900
54.1800
56.4500
56.3700
56.7500
55.7500
55.0200
55.7700
55.9300
55.7500
55.3300
55.5900
55.1000
56.4200
56.6700