72.5200
71.9000
71.9000
71.5000
71.5900
72.0000
71.6000
71.4300
71.1100
70.9000
71.2400
70.6600
69.9300
70.7000
69.4600
70.8900
71.3000
70.6200
70.4300
69.3800
69.3900
69.3600
69.0400
68.7600
68.3800
68.0600
68.2200
67.8000
67.3900
67.7400
67.3700
68.2900
67.7800
67.4800
67.4900
67.1500
67.1400
67.0800
66.9100
66.6300
67.2800
67.1300
67.1200
66.7600
66.8300
67.3100
67.8700
68.3500
68.5000
67.8000
67.9500
67.8700
67.3300
67.2400
66.8900
66.7300
66.8300
67.5300
67.6400
66.7200
66.9300
67.2000
67.4900
66.9400
67.1000
66.3800
66.0700
64.9600
65.4100
66.1600
65.5000
66.1000
66.4500
66.2700
65.3700
65.6500
65.5900
65.9400
65.7600
66.1900
65.3000
65.5600
66.3000
65.9700
65.1600
65.1100
64.9600
64.1600
64.3200
64.6200
64.7200
64.2600
63.6600
63.5700
63.1000
63.0800
63.5500
64.1700
63.6600
64.3500
64.5100
64.8500
64.4400
64.5300
64.3500
64.5400
64.9300
65.2000
66.0600
66.2800
66.0600
66.2400
66.1600
66.1000
66.5500
66.7500
66.9700
66.6500
66.5500
66.7000
66.4600
66.7100
67.3400
67.5800
67.8900
68.5800
68.5300
67.9400
67.8800
67.9800
68.0100
69.1700
69.4600
69.6000
69.9100
70.4500
71.5200
71.4700
71.3100
71.0000
70.9900
70.8100
71.4900
72.5900
73.0600
72.6700
72.5700
71.8300
72.7100
72.2100
71.3300
72.1100
71.2800
71.7500
71.3100
71.1100
69.8700
69.6300
69.4800
69.4700
69.0400
68.6500
68.3500
68.7300
68.5200
68.5700
68.3500
68.0200
68.0800
68.6200
68.3100
69.2500
68.2100
68.1600
67.7600
67.7900
68.7800
68.3600
68.3300
68.1900
68.5700
68.8100
68.4500
69.2800
69.1600
69.3800
69.1500
69.3000
69.2300
69.4000
69.7800
70.7100
70.4800
70.6200
70.6900
70.2900
70.6300
69.9500
70.0100
70.4500
71.1800
71.7600
71.2300
71.1300
70.3100
69.9400
70.4200
72.1000
72.5800
72.3500
71.2300
67.9000
66.9000
65.2600
65.0000
64.9000
64.2000
64.2900
63.3500
63.0000
62.8600
62.5500
62.5000
62.2800
62.0400
62.5000
62.2300
63.4400
63.5200
63.5400
63.3900
62.9600
63.7400
63.7300
63.9400
63.9000
64.0800
63.7600
63.5700
63.4000
64.3500
65.3800
64.2600
64.4100
64.5200
64.3700
63.4000
63.4500
62.5800
63.7500
64.7500
64.4400
64.4300
63.3400
62.8400
62.7300
63.3700
63.0700
63.2100
63.3500
63.0700
63.2700
63.8700