42.0700
41.3900
41.2500
41.0900
41.4000
41.1200
40.5000
40.1800
39.7400
39.5500
39.5800
39.5000
39.3600
39.8300
39.2200
40.0100
39.9900
39.5500
39.7200
39.7800
39.7400
39.6400
39.7200
39.8600
40.0300
40.2100
40.0500
39.8400
39.2300
39.0300
39.0900
39.5000
39.2700
38.9200
39.1800
39.0200
39.2700
39.1500
39.0100
39.0700
38.9700
38.8800
38.9800
38.7200
38.4900
38.4600
38.9100
39.8100
39.6000
39.1000
38.9500
38.8600
38.9700
38.8300
38.5800
38.9900
38.8400
38.9800
39.0900
38.8500
39.1200
39.2100
39.2100
38.9300
38.8900
38.3700
38.2300
38.0100
38.1800
37.8900
37.4900
37.8100
38.0700
37.6500
37.6100
37.7500
37.6900
37.9400
38.1600
38.5900
38.9200
39.0100
39.3000
39.2800
38.8200
38.5300
38.1900
38.1600
38.3200
38.9400
38.9000
38.8200
38.4900
38.3800
38.2400
37.8900
37.1200
37.0700
36.8100
36.8600
36.9000
36.9600
36.7300
36.9800
36.7000
37.2700
37.2700
37.4500
38.9400
37.4100
37.5400
37.7000
37.3700
37.7900
37.4300
37.4000
37.6200
37.1200
36.8200
36.9000
36.5800
36.5800
37.3200
37.4000
37.6200
37.6900
37.4100
37.3300
37.3500
37.1800
37.1500
37.5900
37.5500
38.5200
38.4700
38.7100
38.8300
39.0800
39.2400
39.2400
38.8700
38.5000
38.9800
39.3700
39.4900
39.1200
38.2500
37.9600
38.4700
38.0600
38.0100
38.2000
38.5800
38.9200
38.3000
38.0400
37.7800
37.4800
37.4900
37.6800
37.4600
37.0700
36.8600
36.8300
37.0500
36.8500
36.5500
36.5900
36.4700
36.1100
35.8000
36.2000
36.1500
35.7000
35.4900
34.8700
35.5700
35.9400
35.5000
35.4700
35.5000
35.4500
35.3800
35.8700
35.6100
35.6000
35.6500
35.5800
35.4000
35.5300
35.6500
36.0600
35.9100
35.9500
36.1400
36.3000
36.4900
36.1100
36.5600
36.4900
37.1100
37.4800
37.0100
36.8400
36.2600
35.8700
35.6400
35.4900
35.7800
33.5800
32.7700
32.0100
31.9500
31.4400
31.6900
31.1100
30.7700
29.9400
29.3700
29.3700
29.2500
29.1900
28.9800
28.8500
28.5700
29.3200
29.7600
29.8500
29.9600
30.2200
29.3100
29.0100
29.5600
29.4700
29.5700
29.7300
29.9900
29.9000
29.6800
29.6600
29.9300
30.6200
30.1200
29.9500
29.8800
29.6500
29.4600
29.4400
29.0600
29.7400
29.8200
30.0600
30.2700
29.8700
29.6100
29.2400
29.2600
29.2900
29.4200
29.7500
29.6700
30.0600
30.3700