41.3200
41.3900
41.0200
41.6600
41.7200
42.5100
42.5000
42.6000
42.6900
42.5900
43.3000
44.4200
44.4100
44.2300
43.8600
44.2400
44.7200
44.5000
44.5100
44.6500
44.1400
43.4600
44.5600
43.4700
42.9900
42.6500
43.0700
43.0300
43.7500
43.7200
42.4800
44.6800
44.3200
44.0300
43.5800
43.8300
43.3400
43.1300
42.5000
43.6800
44.2700
44.3200
44.2200
43.5100
43.4700
43.8300
44.3300
44.0500
44.9700
44.1700
44.5500
45.8100
46.1000
45.2900
46.9800
46.3900
46.2600
46.9000
46.5800
46.3500
46.2900
46.5100
46.5800
46.2400
46.4300
46.7300
45.8500
45.0600
46.0400
46.9900
46.3300
46.0200
46.6100
46.4900
45.7400
41.9600
40.9500
41.2500
40.8900
40.3300
39.9000
40.0000
40.6200
40.7400
40.0100
39.5000
39.9200
39.3100
38.6100
38.8000
38.7200
38.4900
37.9200
37.8600
37.5500
37.3200
38.3300
38.3400
38.9600
38.7400
38.4700
39.0700
38.0300
38.2500
37.4500
37.6400
37.8900
39.1300
38.9700
39.3600
38.8800
39.0800
38.8600
39.5200
39.4800
39.6200
40.2700
39.9000
38.6700
38.7300
37.9900
37.4200
37.4200
37.2200
38.7500
38.7800
39.2600
39.2900
38.2800
37.7700
37.1800
36.9100
36.6800
37.6700
37.1800
37.3300
38.4500
38.4700
37.0500
37.2900
36.7100
35.6000
35.8200
36.0600
36.0200
35.5700
35.2400
35.1900
36.1000
36.0400
35.6700
36.4200
36.4000
36.6800
36.9300
37.0300
37.4000
38.3100
38.2900
38.4900
38.5000
38.0000
37.5200
37.7100
37.0300
36.8700
36.8000
36.1900
36.6100
36.4700
36.2300
37.1100
37.7800
38.3400
38.8100
39.0000
39.1100
39.1600
38.4800
38.2000
38.2600
37.5300
36.7800
36.8600
36.0500
36.0200
36.8100
36.3500
36.1400
35.1700
35.1600
35.4300
35.5500
35.2200
34.8000
34.3600
34.4100
34.7800
35.0000
35.2500
35.5500
35.5400
35.3200
35.3300
36.2800
35.8200
35.7800
36.4300
36.6100
37.2200
36.9100
37.1200
37.8800
37.1500
36.7400
36.7300
36.9700
36.8600
36.3700
36.2200
35.7600
36.2000
36.4700
36.8000
37.1800
37.2400
36.9800
37.0300
37.3500
37.4200
37.0400
37.0600
37.6400
36.9900
37.3400
38.2200
38.6300
38.0400
38.1100
38.2200
38.6000
39.3700
39.6100
39.9000
39.7300
39.7700
39.4900
39.2700
39.0300
39.5500
40.9000
41.0300
41.8200
41.3700
41.0800
42.1600
42.5400
42.7000
42.7000
42.7400
42.7200
43.0300
42.8700