29.6600
29.0300
28.7700
29.2500
28.6300
29.5000
29.3100
28.8700
28.6700
29.6900
30.8800
31.3300
31.0400
30.9100
31.4000
31.2200
31.1100
31.8000
31.9900
32.3700
32.9300
33.0200
34.2200
33.5700
34.0400
33.6500
34.1600
33.5400
34.4100
33.9200
33.4200
33.2700
33.0700
33.0200
33.0100
33.2500
32.9700
33.1400
33.7900
34.0500
34.0700
33.6400
33.3900
32.7700
32.8900
32.3200
31.7100
32.0900
32.5300
32.4100
33.2700
33.6100
34.1500
33.8100
34.0100
34.2200
34.1400
35.4400
34.1200
32.5400
33.2500
33.4400
33.3300
33.2500
32.3200
32.9000
32.3500
31.7100
31.8900
32.0200
31.8100
31.2100
31.1800
31.4900
31.5500
31.9400
31.3900
31.5400
32.3200
32.6300
40.3100
42.6500
41.6400
42.4500
41.4300
40.9800
40.9000
41.1000
41.1400
40.9100
41.1100
41.4000
41.6800
43.0100
41.1000
40.7200
42.3500
42.7100
45.6100
45.2500
44.8900
45.3000
45.4600
45.8900
44.6500
44.9300
45.1800
46.6900
46.0300
47.8500
48.0200
48.7300
47.4300
47.5300
50.0500
49.9600
48.4900
47.9500
47.8300
48.0300
46.2500
46.4000
46.6100
46.2100
48.0700
49.1900
48.6700
48.3300
47.7200
47.4700
45.7200
45.6100
44.0600
45.6700
45.2200
45.9300
46.5500
47.5600
47.1000
46.3800
46.3200
44.2500
45.7100
54.9000
56.1200
56.9900
56.4000
56.8000
57.4500
58.4200
58.8700
56.1400
55.9600
54.4400
53.8300
52.3100
52.9100
52.2200
51.6200
52.4400
51.6100
51.7200
52.4200
53.0600
52.1800
52.8800
52.8600
51.4800
51.3600
51.9900
52.1000
53.3800
54.1100
52.7500
53.7900
54.2200
55.5700
55.8800
54.9900
54.8100
56.1600
57.0900
59.3700
58.5600
58.1400
57.6500
58.2200
57.8400
56.9400
56.6700
58.3500
58.5200
57.6000
56.8000
55.4800
55.2800
54.2500
54.2500
54.4900
54.6600
54.3300
54.2800
52.1000
52.3600
53.6900
52.2700
51.2500
59.0600
59.1500
59.6800
59.0700
59.8700
60.5600
58.9000
58.1900
57.7400
57.5900
57.1900
55.4700
55.8800
58.2300
58.3000
59.2900
60.0200
60.5900
60.9400
60.8300
61.7300
61.5900
61.8600
60.7800
59.9200
60.0900
59.6800
59.8800
57.7100
60.0000
60.5700
59.3400
58.9900
60.6600
61.4400
60.7800
60.9100
59.5900
59.5900
57.9300
60.3000
59.3600
61.4400
63.2500
62.8300
64.4600
64.4100
64.7500
63.6900
62.7700
62.6100
62.8800
63.5200
62.6900
62.8600
62.2400