11.1300
11.3000
11.5900
11.7100
11.8000
11.8000
12.0700
12.1400
12.0400
12.0200
12.3400
12.6100
12.5900
12.6600
12.8200
12.9300
12.7900
12.2100
12.2900
12.4200
12.3300
12.2600
12.7900
12.9600
12.8800
12.8400
12.6900
12.4400
12.5400
12.4800
12.3800
12.7400
12.7500
12.5300
12.2800
12.4000
12.2300
12.3000
12.2500
12.3800
12.6600
12.7200
12.4600
12.0900
12.2400
12.4600
12.5800
12.4300
12.7000
12.8800
12.9000
12.5100
12.6300
12.5400
12.5700
12.3200
12.3200
12.4800
12.3200
12.3200
12.5000
12.4800
12.6200
12.6400
12.5100
12.4700
12.2200
11.7900
11.9100
12.0700
11.9200
11.8800
11.9100
11.7900
11.6600
11.4100
11.3500
11.3900
11.7300
11.8700
11.6000
11.2800
11.2300
11.1000
10.9200
10.6700
10.6600
10.6100
10.6900
10.7100
10.5800
10.3200
10.1500
10.1600
10.0100
10.0100
10.2000
10.1900
10.4100
10.5900
10.6000
10.8400
10.6600
10.5600
10.1200
10.0400
10.1900
10.5700
10.5500
10.6600
10.4500
10.5000
10.3000
10.4100
10.3500
10.3400
10.5600
10.6500
10.2700
10.1900
10.0100
10.0100
10.0200
10.0900
9.5900
9.3900
9.6000
9.5700
9.5000
9.4500
9.3500
9.3300
9.1300
9.2700
9.2600
9.3400
9.3800
9.3500
9.2100
9.1700
9.0600
8.9700
8.9600
9.0000
9.1000
9.2400
9.0400
8.9200
9.0900
9.1500
9.3100
9.3500
9.3400
9.3500
9.4000
9.4400
9.4900
9.5900
9.6300
9.6300
9.5300
9.4900
9.4500
9.4900
9.3900
9.3400
9.3200
9.3100
9.3400
9.4100
9.5700
9.9200
10.1400
10.1100
10.1500
10.2100
10.3400
10.5300
10.3900
10.4200
10.5900
10.4400
10.4000
10.3200
10.0900
10.0100
10.0200
9.8600
9.9300
9.7900
9.9400
10.1100
10.1600
10.0500
10.1000
9.9800
10.1400
10.1200
10.2200
10.3000
10.4100
10.4300
10.1800
10.1700
10.0000
10.1700
10.3900
10.3600
11.1600
11.2500
11.1700
11.2500
11.4200
11.0600
10.9000
10.9300
10.9700
11.0000
10.6700
10.5700
10.5000
10.8300
10.8500
10.9200
11.1000
11.1100
11.1000
11.2500
11.5300
11.4500
11.4100
11.3100
11.3100
11.2400
11.4800
11.4700
11.4900
11.4700
11.2700
11.1000
11.3900
11.6700
11.7300
11.7700
11.8600
12.4000
12.7900
12.7600
12.8700
12.9500
13.2000
13.4600
13.5700
13.4300
13.3500
13.4700
13.8300
14.0000
13.9900
14.3000
14.2200
14.2200
14.1100