43.7600
44.3600
45.1300
45.2100
45.1700
45.0100
45.2200
45.8600
46.5900
46.7900
45.5300
45.7400
45.8600
46.0700
46.8600
46.7400
46.7800
46.6900
46.6300
46.6800
47.0700
46.9700
48.3000
48.0600
48.0800
48.8300
48.2100
48.4200
50.5800
51.2400
50.6300
50.8200
50.7300
50.8500
51.2900
51.9300
51.9700
52.4300
52.3400
52.6800
52.9300
53.1000
53.3500
52.1700
52.7500
52.7800
52.8800
52.8300
53.2900
52.8300
52.5500
52.2200
52.0100
52.8600
53.9300
53.7100
53.6400
54.5700
54.5900
54.1900
54.2600
54.1000
54.6500
53.3700
52.9400
52.9700
51.5800
48.9000
49.6300
48.8700
48.7900
48.2500
49.0100
48.4900
47.5000
48.2100
46.3700
46.2900
47.1700
47.2100
47.6900
46.8200
47.0100
47.4800
45.7900
44.2900
43.8300
43.8400
43.1400
44.1400
43.8200
43.4300
43.3800
43.9000
42.3300
41.8600
43.1500
44.0400
44.2200
44.3600
44.4000
45.4300
44.4800
44.2300
43.1800
43.3800
39.1500
39.5100
39.5600
40.2700
38.9800
39.3500
38.8200
39.0300
39.6000
39.6900
40.4600
40.3700
38.9100
38.9200
38.6700
38.5600
38.3700
38.6300
40.3100
39.0300
40.8000
41.2900
40.6800
40.5700
39.8100
39.8100
42.3100
43.2600
42.9900
43.3300
44.8800
45.3000
43.9600
44.0700
42.8400
42.8100
43.4700
44.2100
43.8100
43.1200
42.2200
42.4700
43.0900
42.7200
43.5400
42.8800
42.8100
42.0800
42.2000
42.2800
42.9500
43.3700
44.3100
43.6700
43.6300
43.7300
43.7600
44.7100
44.3900
44.1800
43.9200
43.0700
43.0900
43.3700
42.2400
42.1800
42.1300
42.2500
42.5300
42.6800
42.8700
44.2600
43.9800
43.3200
43.7200
43.9100
43.6400
43.5300
43.2900
42.5800
42.8400
42.9900
44.6000
44.3000
44.3400
44.5000
44.1800
43.9600
42.7800
42.3200
45.8900
45.3200
45.5500
44.9200
45.4400
44.7400
43.7600
44.4000
44.1100
43.7200
43.0500
43.2400
44.7000
45.0600
43.8000
43.1900
43.1800
42.6300
41.9900
42.3100
41.7600
41.3900
40.2000
40.9500
41.0000
41.4700
40.9100
40.7700
41.1400
41.1900
40.8500
41.0200
42.2000
41.8100
42.0900
42.2100
41.5200
41.7600
42.1200
42.0500
43.0200
43.0100
42.9800
43.1200
43.7000
44.6300
44.5000
45.0200
46.0800
46.3600
45.9800
46.3200
46.1800
46.6500
47.8300
47.9800
48.0400
47.8200
47.5600
47.5500
46.5000
46.5000
46.4700
47.0400
47.0000
46.9100
48.6000