39.5000
39.8300
39.3000
38.8700
39.0400
40.6000
41.6500
42.4500
42.0000
43.0700
44.4700
44.3700
43.1000
43.8800
43.9700
46.0800
46.5000
46.1300
46.1000
46.2100
46.1600
45.5100
46.4800
46.7300
45.7500
46.5300
46.4200
44.9400
44.6600
42.9600
42.4000
43.8400
43.0400
43.9700
44.1200
43.7800
43.9100
43.3100
43.6600
42.5600
42.9100
42.0300
40.4500
39.4400
38.9900
39.5000
38.7800
38.2600
39.0900
38.1200
38.3500
38.5600
39.1400
39.1500
39.8000
38.3300
38.4800
38.8800
38.7500
37.3600
37.6100
38.0400
39.1100
38.5800
38.0300
37.8000
37.5100
36.6300
35.7800
37.8900
36.9400
36.9200
37.7600
38.2900
38.0300
37.5700
37.1600
36.9900
37.3200
37.7500
38.1300
38.3000
38.4600
38.1200
36.8700
36.4000
36.4000
35.6200
35.5300
35.3100
34.7400
34.3000
32.6500
32.5700
32.1700
31.8100
32.5600
32.1300
32.7300
32.5700
32.4100
33.2300
32.4100
32.0400
32.0700
32.3300
32.5900
33.6600
33.6000
33.8300
32.9500
33.5600
33.3500
33.9000
34.3400
34.2600
35.4500
35.3100
32.9900
32.3000
31.6000
31.6100
32.1400
32.2600
34.0700
33.8800
35.2100
35.4700
35.0100
34.5300
33.0900
32.3600
32.3600
33.2300
32.7700
32.9000
33.0200
34.4200
33.7700
32.6200
31.6800
31.4300
32.3100
33.4700
33.9900
33.6700
33.4900
32.6900
33.5000
34.3400
35.2700
35.6200
36.0000
36.3100
35.4800
35.0100
34.7600
35.3100
35.3400
35.3600
36.4900
37.0000
36.7700
36.1300
35.6500
35.6700
35.5800
34.6900
36.1100
35.6200
35.2500
36.3400
39.4300
39.7100
39.9300
40.1000
41.7900
42.6400
41.4100
41.4800
41.5400
40.9300
40.6500
40.2800
39.3100
39.2800
40.1100
39.5800
39.8500
39.6800
39.4100
40.4500
40.5100
40.7500
40.6700
40.2200
40.7500
40.1400
40.2900
41.4700
42.3100
42.4300
41.1800
40.5800
38.9800
38.7900
39.1900
39.0700
38.8800
40.5000
39.2600
39.4600
40.3500
39.2900
38.6700
38.3500
38.6400
38.3700
37.4100
37.2800
36.7900
38.2800
38.2600
38.2700
38.8800
38.8400
38.4900
38.5600
39.2600
39.0100
38.4000
38.2800
32.1600
30.8100
31.7000
32.0400
31.9900
32.5200
32.4800
33.7800
33.6400
33.9900
33.9500
33.9800
33.5800
33.5000
33.9200
33.6800
33.1400
34.2000
35.1700
34.8500
35.4900
35.3600
34.9700
35.2200
35.6000
35.0000
34.7200
34.6100
34.2500
34.0800
33.6400