57.4100
57.1500
57.9600
53.6300
53.9100
53.8000
53.7800
53.9200
53.7900
53.8300
53.7400
55.0600
54.7800
55.7900
56.2900
57.0300
55.8000
55.6800
55.7500
55.8000
56.6300
56.6000
57.5100
57.5300
57.0800
57.4800
57.6800
57.6500
57.1400
57.0900
55.9300
55.2000
54.8800
54.2000
54.3300
54.9000
54.3300
53.8400
54.1600
53.9900
54.5500
54.4900
54.9100
55.4200
55.8900
56.8300
57.4800
57.2200
57.4700
57.6000
57.3900
56.6700
56.4100
56.9500
56.7900
57.6300
57.6800
58.4400
58.2400
58.3600
60.0900
63.2800
62.8200
63.5200
64.0000
64.8400
63.8800
62.8500
63.3800
64.4400
64.2600
64.6300
64.7000
67.0000
67.4900
68.3400
68.0900
66.1100
66.9000
67.3200
69.0000
67.5500
67.6200
68.5300
68.5900
68.0700
68.2700
67.2800
68.8000
68.4600
69.2700
67.0500
66.4300
67.1900
64.0500
64.1600
65.0800
64.6900
65.3600
67.5600
67.6000
67.3200
67.0600
67.7500
67.1500
67.8300
67.5000
67.7400
67.1400
69.5800
68.8400
69.4200
70.0800
72.8500
73.2600
72.7500
72.4500
71.7400
69.3500
70.4300
70.1800
70.5200
69.1300
67.2000
66.4800
67.9500
67.2800
68.2300
69.5800
70.3800
69.8200
69.9300
68.6500
67.4700
68.3900
68.3900
66.4300
66.0600
66.7700
66.1500
66.5200
64.5300
66.3500
66.6300
66.7000
66.0800
66.0900
65.7500
66.1700
65.4400
66.0300
66.2500
64.9000
63.7100
64.1100
63.2700
63.8200
64.7300
64.9300
64.8100
64.2700
63.9200
62.6800
62.3500
61.5300
61.5400
63.5000
64.3800
63.6400
62.9900
63.3500
63.4200
63.2700
63.3400
63.0700
63.7800
64.1600
64.2000
64.2400
63.5300
63.8700
64.3500
64.1500
64.5700
63.1600
64.2100
65.4900
66.3000
65.3800
66.0000
68.5600
68.6500
69.0200
68.6000
67.9500
68.0000
66.1100
66.4000
66.5400
68.5200
66.2300
65.7900
65.1000
64.7000
65.2900
64.6500
65.9800
65.6000
65.9600
66.1700
65.9300
65.3100
66.3400
66.3600
66.0300
66.5000
66.4000
65.8200
65.6800
65.8900
66.5400
69.3600
68.8900
68.8300
70.1000
69.4200
68.9400
69.0100
70.4300
71.2000
70.6500
70.7100
69.8000
70.0600
71.0000
70.5800
64.6800
66.4800
65.9100
65.8600
66.1000
65.7300
64.3400
63.7400
63.0400
62.8300
62.6000
62.4900
62.7000
63.4100
64.0400
55.7400
56.6500
57.2000
57.3200
56.5700
57.0600
56.4400
56.6100
57.5500
58.3500
58.0400
58.3700