85.1700
84.9600
84.0900
85.4900
85.8500
88.5100
89.7600
91.1900
90.3700
89.9800
91.1400
93.0400
91.5700
91.0600
90.7900
92.5900
92.7400
92.9500
92.1600
91.4900
92.7000
92.7900
94.5400
95.2500
94.7200
94.4800
94.8000
95.2700
96.9800
95.5500
94.1500
95.0000
92.9900
91.0100
90.7500
91.9700
90.2400
91.3600
90.9800
89.9900
91.1200
90.7800
90.4300
88.7500
89.7600
90.9900
91.7900
91.3300
92.8800
92.2000
94.6100
94.3400
94.8900
94.6400
95.8200
92.5000
92.3800
92.7700
91.9000
91.4900
91.7400
91.9600
92.1900
91.4900
90.6400
90.3900
88.4700
86.6300
87.9100
89.8400
88.0300
88.1800
90.4600
90.3900
89.3900
89.6700
88.1100
88.9400
88.2200
87.5500
88.2400
88.2400
89.0400
89.3500
88.8600
89.3000
89.3700
88.9600
87.1300
86.6500
87.8000
87.7800
87.8100
87.8900
86.7700
85.0700
86.7000
86.8500
88.7400
90.0200
89.2800
90.9800
88.9300
89.1400
85.2500
85.2000
84.3400
86.8300
86.1000
87.5700
86.2800
87.6900
86.1900
86.8400
87.6300
88.5100
91.0100
91.3400
90.6300
90.5400
88.8100
87.5500
87.9000
88.7900
91.6100
91.5400
92.6000
92.1100
91.2800
91.1300
90.4800
90.6100
89.5000
92.3500
91.9200
91.2500
92.7200
92.7900
90.0800
89.2600
87.6700
87.2300
88.5500
90.8900
90.9900
90.3000
88.8500
87.9200
89.8200
90.1200
89.8200
89.3100
88.6600
87.8000
87.7700
87.5800
89.5500
89.7400
90.0000
89.9800
90.3100
89.5400
88.8600
89.0700
88.0000
87.4600
87.6300
87.1900
87.6300
87.5400
85.8000
87.5400
87.3800
87.9600
88.7000
89.0800
90.3600
90.1500
89.2800
86.5500
86.9000
85.1700
84.3900
85.1600
84.5400
84.3900
85.7700
84.6200
85.0200
84.5000
85.6200
86.5300
86.4700
86.3700
85.5800
89.9900
90.0000
90.4000
90.6500
91.9200
92.9500
93.4900
92.1100
91.4800
91.7900
90.8300
91.1200
90.6900
91.9900
93.0100
92.6400
92.8400
93.3900
91.5100
90.0300
89.7300
90.0800
90.4600
87.1200
86.5400
86.1300
87.0000
87.3500
87.6500
87.7300
88.4600
88.7000
89.4900
90.8000
89.5300
88.1300
88.3900
89.4300
89.2600
89.3600
90.5300
90.2500
89.7100
89.7100
90.0900
91.0200
92.3600
93.2000
93.2700
92.7400
92.1400
92.0700
91.5000
90.3900
91.7200
94.2500
94.6000
94.9100
94.7200
95.1100
96.7700
97.7000
97.4000
98.4200
98.6700
99.5400
99.9300
99.8200