42.8100
42.1900
42.0600
42.2100
42.4000
42.3800
42.0000
42.2000
42.1700
41.9900
41.9700
41.1400
41.5300
42.0100
41.2700
42.1300
42.7200
42.2600
42.1500
42.2200
42.5500
43.9500
43.5300
43.2500
43.2400
42.9400
42.6700
42.6500
43.0300
43.1600
42.7600
43.5300
43.3800
43.4000
43.7500
44.0000
44.0700
43.8300
43.8100
44.2900
44.3400
44.4800
44.7100
44.7100
44.6500
44.4600
44.7100
45.1200
44.9800
44.4900
44.4200
44.5000
44.0900
44.2000
44.1300
44.6200
44.7200
45.0600
45.3000
45.1200
45.4800
45.5900
45.8000
45.7900
46.0600
45.9600
45.6000
44.9200
45.0200
45.2000
44.9400
45.4200
45.8000
45.7600
45.4200
45.7500
45.6000
45.9300
46.4600
46.7500
47.0100
46.8200
47.3900
47.1600
46.8000
46.9700
46.9800
47.0400
47.1100
47.6000
47.8100
47.9100
47.8700
47.8100
47.7100
47.8000
47.6900
47.7000
46.7600
47.1700
46.8500
46.8100
46.3500
46.7900
46.5100
46.8000
47.0800
47.7800
47.6300
47.8600
47.7800
47.6900
47.4600
48.0400
48.4900
48.8100
49.2000
48.5200
48.1400
48.1200
47.8600
47.7700
48.4200
48.4800
49.1900
49.9000
49.8400
49.4200
49.1800
48.9500
48.8900
48.9700
49.0800
49.3400
49.6300
49.4900
49.7500
50.2600
50.3700
49.9000
49.4000
48.8400
49.7000
50.4500
50.8700
50.2200
50.1400
49.4500
49.5100
49.3200
46.1400
45.8900
45.8000
45.8500
45.8500
46.1200
46.1000
45.9800
45.8700
45.9900
45.7500
45.6600
44.8700
44.7400
44.6600
44.3600
43.9900
43.7400
43.7000
43.4900
42.7800
43.3500
43.1200
42.8400
42.6900
42.6200
43.7300
43.2800
43.2800
43.3000
43.5400
44.1900
44.1900
44.4000
44.3000
44.4200
44.0600
44.1000
44.0600
44.3000
44.7100
44.8700
44.8200
44.7200
44.9400
44.6300
45.2000
44.9100
45.1100
45.4600
45.7800
46.2800
45.9800
45.8400
45.5300
45.4200
45.8900
45.6300
45.7200
44.9100
44.4600
42.5500
43.2000
42.3000
42.9100
42.4800
41.8800
42.1000
41.3100
41.1600
41.3700
41.5600
41.4400
41.2000
41.0700
41.7700
41.9700
42.5000
42.4800
42.4600
42.2800
41.7100
42.0200
41.5600
41.4500
41.5500
41.5000
41.2000
40.7200
40.7600
41.2300
41.5100
41.5000
41.5400
41.6100
41.7500
41.6700
41.6500
41.1800
41.7600
41.9800
42.0400
42.0100
41.4900
41.3100
40.2200
40.1200
39.8900
39.4900
39.8700
39.3700
39.4100
39.8900