8.2300
8.3200
8.4400
8.5200
8.5900
8.7300
8.7600
8.7400
8.6800
8.6400
8.8800
8.7700
9.0400
9.2500
9.0100
9.1200
8.7300
8.7900
8.7000
8.7300
8.8900
9.0200
9.4200
9.2400
9.2100
9.4600
9.4500
9.3100
9.5100
9.4600
9.4500
9.5700
9.5900
9.6300
9.4100
9.4800
9.3800
9.4200
9.4100
9.4000
9.5200
9.4800
9.4300
9.2100
9.4500
9.6600
10.0900
9.9900
10.3900
10.5300
10.6900
10.7100
10.8100
10.7800
10.8900
10.4000
10.4700
10.6900
10.4800
10.5300
10.4600
10.3800
10.4700
10.5800
10.3700
10.1700
9.8900
9.6900
9.9700
10.2100
9.7700
9.8300
10.1200
9.9600
9.1800
9.0800
8.9500
9.0700
9.1400
9.2000
9.2400
9.1800
9.2800
9.2600
9.2800
9.1500
9.2200
9.2000
8.9400
9.0900
9.0800
8.9700
8.7400
8.6000
8.5100
8.4400
8.5200
8.7100
8.6100
8.6600
8.7100
8.8000
8.4500
8.4800
8.0500
7.6100
7.5500
7.8700
7.9900
7.9600
7.6600
7.7400
7.7700
7.9400
8.0900
8.1300
8.4200
8.4100
8.0500
8.1300
7.9100
8.2100
8.3200
8.3200
8.6500
8.7200
8.7400
8.5000
8.5100
8.3300
8.2400
8.5600
8.6100
8.8200
8.7000
8.9000
8.8700
8.5500
8.0900
7.9100
7.9700
7.9600
8.0000
8.2200
8.1600
8.2300
8.2300
8.0600
8.2900
8.2400
8.4100
8.4700
8.3300
8.3500
8.4200
8.5000
8.5400
8.6400
8.6500
8.6300
8.5900
8.5200
8.3200
8.4200
8.6100
8.6600
8.9700
8.9800
8.9600
8.9900
9.0200
9.3200
9.3700
9.4000
9.5700
9.8000
10.0100
10.2300
10.0300
10.0500
10.1100
9.9300
9.8500
9.8600
9.6600
9.5500
9.7300
9.6300
9.7100
9.7100
9.7300
9.9100
9.9300
9.8400
9.7000
9.7100
9.9500
9.5200
9.5900
9.3800
9.6600
9.6800
9.3300
9.4100
9.2800
9.2600
9.3400
9.2000
9.3100
9.3800
9.2800
9.2200
9.5600
9.1600
9.0000
9.0400
9.2700
9.1600
9.1500
9.1600
9.3100
9.5900
9.6700
9.6000
9.8500
9.6600
9.5800
9.5800
9.5600
9.4600
9.4800
9.3400
9.4000
9.3800
9.4100
9.3700
9.4500
9.5400
9.5000
9.4000
9.7700
10.1100
10.0900
10.1600
10.0200
9.9800
9.9200
9.8200
9.7700
9.9100
10.1100
10.0600
10.4600
10.4300
10.3900
10.0500
10.1000
9.9700
9.9600
10.0600
10.1300
10.2700
9.9700