15.8300
16.2800
16.5300
17.1300
17.2500
17.3800
17.3800
17.6600
17.2600
17.4800
17.9300
18.2700
18.4300
18.5800
18.6500
18.5400
18.7100
17.6000
17.1900
17.0800
17.5300
18.2600
18.9200
18.6500
18.0300
17.7700
17.7100
17.7500
17.8800
18.2600
18.1100
18.4100
18.8300
18.9900
19.4700
20.6200
20.0500
19.9900
20.3600
20.4900
20.6800
20.3500
19.9700
19.4400
19.4800
19.8700
20.5300
20.8900
21.8600
21.5700
22.0100
22.8000
23.3900
23.0300
23.2000
23.0300
22.8100
23.4500
23.2300
23.1200
22.6300
22.4100
22.8900
22.8400
22.6500
22.6900
22.4200
20.8900
21.3100
21.4600
20.6200
20.7300
21.1300
20.7100
20.5900
20.6100
20.4700
20.6400
21.0900
21.3800
21.6700
22.0800
22.3500
22.2000
22.3200
21.8600
21.3900
21.2800
21.6300
21.1900
21.4000
21.4100
20.6800
20.7000
20.0900
19.6900
20.0400
19.8600
19.6000
19.7200
19.8100
20.3600
20.0800
20.0900
18.9600
18.7500
19.2000
20.4300
19.8500
20.1000
19.8100
20.8000
20.9800
21.5900
21.7600
21.8600
21.9200
21.8200
21.0700
21.1100
20.8100
20.6700
20.7300
20.9400
21.8500
22.0600
21.9900
21.6500
21.5300
21.3300
21.6300
21.7300
21.7400
22.2600
22.0300
22.1800
22.1100
21.2600
20.7100
20.4400
19.6900
19.7600
19.9300
19.9700
19.9900
20.1100
20.0000
19.7400
20.4100
20.2200
20.4900
20.4100
20.4600
20.5100
20.3000
20.1000
20.1900
20.3600
20.2100
19.8100
20.2300
20.6200
21.5100
21.5700
21.1600
21.5000
21.5000
21.2600
21.2200
21.1800
21.2800
21.5800
21.6600
20.9200
21.0300
21.6700
21.7100
21.7500
21.5600
21.7800
21.8500
22.0000
21.8700
21.4700
21.3000
21.1300
21.1700
20.6900
20.7800
20.6300
20.6500
21.1200
20.9200
20.7800
20.6300
20.6300
20.5900
20.4400
20.7700
21.0700
21.5200
21.3500
20.9700
20.7700
20.4000
20.6200
20.6900
22.0300
23.2400
22.6700
22.2300
22.1500
20.6100
20.0300
19.8300
19.7000
19.5800
19.3400
18.4300
18.8100
18.9900
19.3900
19.4700
19.4500
19.6700
19.8000
19.6800
19.8400
19.7500
19.8500
20.1700
19.8700
20.0400
20.2200
20.2800
19.8000
20.2800
20.3200
19.8700
19.6700
20.0200
20.4900
20.4500
20.6600
20.2300
20.5000
20.3500
19.9400
19.8400
20.2300
21.1300
21.5200
22.5500
21.9500
21.7300
21.6700
21.8300
22.0000
22.0700
22.1500
22.1000
22.3900
22.6100