26.6900
26.7000
26.9000
26.4300
26.9900
27.1700
27.2300
27.1000
26.9400
27.0300
27.3900
27.6000
27.8400
27.9600
28.0500
28.3300
28.4100
28.5500
28.5600
28.5600
28.7000
28.7500
29.4000
29.2600
28.9000
28.8200
28.7700
28.6500
29.0000
31.0400
31.4400
31.1600
30.7000
30.7700
30.7300
31.1100
31.0700
31.2200
31.4800
31.7300
31.9300
31.1900
31.4400
31.0800
31.4200
31.7000
31.6800
31.7800
32.0700
32.2200
32.8300
33.0000
32.8800
32.8800
32.8800
32.9400
32.9600
33.3500
33.1500
33.0500
33.0500
33.1200
33.5700
33.2300
32.5400
32.5800
32.2100
32.2200
32.7800
32.8900
32.4800
32.8500
33.3000
33.4100
33.1000
33.0700
32.8700
32.6300
33.0700
33.6300
33.8900
33.6700
34.0300
33.8600
33.3300
32.9300
32.6500
32.2400
32.2400
32.5600
32.7400
32.4900
32.4500
32.5200
32.0300
31.3700
31.9200
32.6100
32.8400
32.9600
32.8200
33.3400
32.9500
32.7800
31.3700
31.2400
31.7000
32.1400
32.1100
32.3900
31.9500
32.1000
32.3900
32.5900
33.0200
33.2400
33.4200
33.8700
32.9900
33.2800
32.4900
32.7400
33.7100
33.4600
34.0800
34.4600
34.8000
34.4700
34.2900
34.3700
33.8900
34.1200
33.9300
34.3200
34.3000
34.2300
33.1300
32.6000
32.1300
32.0000
32.0100
31.6700
31.7000
32.3200
31.6500
31.4400
30.7100
30.8600
31.4700
31.1300
31.0400
31.0000
31.0400
31.0600
30.9900
31.1300
30.8800
30.9000
31.1700
32.0000
31.9800
31.6800
31.7200
31.9600
31.9200
31.6700
31.7200
31.4800
31.5000
31.5800
31.8900
32.6400
32.6800
32.4600
31.9600
31.5100
31.9200
31.7000
32.2200
32.4400
32.3400
32.5600
32.6400
32.4600
32.2600
31.8100
31.6800
31.2200
30.8900
30.9800
31.0000
31.1400
31.5000
31.3500
30.9900
31.1400
31.4700
31.8800
32.3500
32.5300
32.6200
32.5000
32.4100
32.6200
32.5800
32.7300
32.5400
32.6200
32.8700
33.1400
33.5200
33.2800
34.7300
34.5500
34.3300
34.5200
34.8900
34.9400
34.3800
34.3300
35.0000
35.1600
35.5200
35.5900
35.7800
35.8200
35.6900
36.1000
36.1200
36.1000
35.8100
36.2200
36.7000
36.9700
36.1600
36.4400
36.3600
36.1100
35.5400
35.4800
35.0000
35.1700
35.0700
35.4600
34.8900
34.9500
34.3500
34.5800
34.2600
34.8100
35.8200
35.5700
35.9800
35.8000
35.6800
36.0200
36.5400
37.0000
37.1900
36.7600
37.0000
37.0500
37.0600