58.5600
58.1400
58.6900
58.4000
58.9300
59.1900
59.7200
61.0400
60.7900
61.2600
61.8800
62.5600
62.6400
62.8300
62.9200
63.4000
63.2600
63.0500
62.6100
62.8900
63.8500
63.1100
65.8800
65.2100
64.9300
64.8900
64.8900
64.2300
64.9400
65.3700
64.6500
65.2200
65.1100
65.3100
65.2700
65.8400
66.8700
66.4800
66.5400
66.3000
66.7200
66.4100
66.5400
66.1000
66.8400
67.8800
67.9700
68.2100
68.8700
69.2900
69.4400
69.1700
68.9200
68.7700
68.9900
69.0000
69.2600
69.9600
69.7000
69.4900
69.5900
69.3900
70.4100
70.2200
69.2100
69.3400
68.7700
67.5900
68.3500
69.1100
68.5000
68.7400
70.0300
69.2200
68.7300
68.9200
69.0000
69.0500
69.3200
70.0700
70.6700
70.2900
70.7500
69.8300
69.0700
67.5100
67.0600
66.5400
66.2800
66.4700
66.5600
66.0400
66.1800
65.9600
65.3300
64.6100
65.9800
66.2300
66.7000
66.9600
67.1700
67.6200
66.7000
67.4300
65.5800
66.4100
67.1300
68.4700
68.4700
69.1000
68.4500
69.1000
68.4600
69.7300
70.8700
70.3600
70.8100
70.9200
68.8700
69.6800
68.8600
69.1900
70.4300
69.8100
72.2200
72.6000
72.8600
72.7900
72.0800
72.0800
70.5200
70.9600
70.4800
70.9500
71.0700
71.1900
71.9500
71.5200
71.1000
69.6700
69.2000
68.9700
70.8000
72.3800
72.2500
70.1300
69.6500
68.1900
69.6200
69.5900
69.4200
70.1600
70.0300
69.8800
70.8100
70.7700
71.1600
71.4900
71.4100
70.7500
70.8100
70.3800
70.4700
70.8700
70.6100
70.0500
71.1700
70.8400
71.3100
71.4700
71.4400
72.7600
72.8100
72.4000
72.3800
71.9500
72.1500
71.7900
71.8400
72.0600
72.6900
73.4400
74.1900
73.9800
72.9300
73.0700
73.7300
74.0300
74.1100
73.8200
74.1700
74.5900
74.2100
74.6300
73.6700
72.8400
73.5000
73.7600
75.2100
75.7700
75.7500
75.8600
75.3100
75.5600
75.0400
74.8100
75.1300
75.2500
74.8600
75.3900
75.2400
74.8200
75.5100
74.4200
73.7000
73.9100
73.9600
73.8300
72.5800
72.5900
73.5500
73.6200
74.2900
74.6600
75.4300
75.3800
75.1300
75.5900
76.1300
76.9900
76.9000
77.6800
79.7100
79.8900
79.8100
80.1100
80.6700
80.2400
79.9300
79.6700
80.5000
81.1100
79.6900
80.2200
79.7000
79.7400
78.9400
79.1300
78.5200
79.0300
81.2800
80.6700
80.7000
81.2100
81.6000
82.8400
83.2000
82.9800
82.9000
80.4700
80.4700
81.0800
81.2400