13.0800
13.0900
13.4700
13.4900
13.4200
13.8500
13.7500
13.8300
14.0300
13.7400
13.7500
13.5600
13.1700
13.4000
13.4300
13.4900
13.0800
13.2300
12.9900
13.0100
13.1400
13.2300
13.5900
13.4900
13.5300
13.6100
13.5200
13.3500
13.5000
13.3000
13.3600
13.6300
13.8000
13.9100
13.5900
13.8100
13.6000
13.5800
13.6200
13.6100
13.7200
13.6100
13.3100
12.9400
13.3000
13.4800
13.7600
13.5800
14.1600
14.2800
14.4700
14.3300
14.5000
14.5000
14.2400
14.0900
14.1400
14.3000
14.0000
14.1000
14.0300
14.0500
14.4400
14.5800
14.4800
14.6200
14.3100
13.9000
14.2600
14.4800
14.0200
14.1100
14.3600
14.1600
13.7300
13.9500
13.8100
13.9500
14.3100
14.3700
14.3900
14.2300
14.4000
14.4000
14.4500
13.9900
14.3900
14.2100
13.9900
14.1900
14.0700
13.7600
13.5800
13.5500
13.2900
13.3500
13.3800
13.4500
13.5900
13.5700
13.5200
13.5200
13.2300
13.3500
12.5200
12.0900
12.2300
12.6700
12.7400
12.9300
12.7100
12.8600
12.7800
13.0400
13.1800
12.9500
13.1300
13.1200
13.0400
13.2700
12.7200
12.8700
12.9800
13.0200
13.4000
13.5000
13.5000
13.4200
13.3800
13.3100
13.1100
13.4100
13.3400
13.6900
13.6500
13.9200
13.7700
13.8000
13.6400
13.5100
13.6900
13.7500
14.1400
14.2400
14.0200
13.8200
13.7900
13.6700
14.0700
13.9800
14.2300
14.3000
14.3200
14.2900
14.3200
14.2500
14.2900
14.3300
14.4000
14.3700
14.3900
14.8100
14.6300
14.8100
14.9100
14.9300
15.1200
15.0800
15.1400
15.0500
14.9200
15.0600
15.3100
15.2000
15.1800
15.2700
15.6100
15.7800
15.7400
15.6500
15.6000
15.5900
15.5800
15.6700
15.5600
15.3600
15.4900
15.5100
15.4900
15.4600
15.7100
15.9900
15.9900
15.9800
15.8600
15.8200
15.8900
15.2700
15.3700
15.0000
15.1300
15.1200
15.0200
15.0400
14.6900
14.5700
14.6400
14.4900
14.5300
14.5600
14.3800
14.3200
14.5900
14.1200
14.0400
14.1600
14.2300
14.0000
13.8100
14.0000
14.1000
14.4800
14.6000
14.5800
14.8900
14.7300
14.5500
14.6700
14.6600
14.6400
14.4100
14.1400
14.3600
14.3400
14.5400
14.5600
14.5300
14.6200
14.5100
14.3600
14.6700
15.0800
14.9500
15.1400
15.1200
15.0400
15.1400
15.0800
14.9900
15.2000
15.7700
15.6300
15.6900
15.5800
15.4400
15.4100
15.7000
15.4700
15.3500
15.4100
15.5500
16.2900
16.3800