25.4900
25.4700
25.5000
25.1100
25.3600
25.6100
25.2700
25.7900
25.5400
25.6500
26.4300
26.6600
26.8100
26.6900
26.5700
26.4900
26.1000
25.9700
25.6300
25.7500
26.0100
25.7800
26.5600
26.0500
25.7900
25.5000
25.7400
24.9000
24.5600
24.7400
24.9400
25.4900
25.6000
25.6600
25.5700
25.8400
26.0700
26.3800
26.5000
26.1700
26.4400
26.5200
26.3400
25.8700
25.9200
26.0800
26.3400
25.8600
26.2800
26.1100
26.2500
26.2400
26.0000
25.6500
25.6500
25.5300
25.5000
25.8600
25.7500
25.3600
25.3400
25.3100
25.0700
24.9800
24.6700
24.5100
23.9300
23.6000
23.8300
24.1400
23.6500
23.6700
24.1800
23.8700
23.4200
23.5500
23.2500
23.2700
23.2900
23.5200
22.8700
22.4600
22.3000
22.0700
22.1700
21.7300
21.7100
21.7000
21.5500
21.5500
21.3900
21.0800
21.1100
21.0600
20.5500
20.3800
20.9700
20.9500
21.2800
21.3200
21.3100
21.7600
21.5800
21.3300
21.2200
21.1100
21.3800
21.6100
21.3400
21.1500
20.6400
20.5100
20.1500
19.9500
19.9800
19.9500
20.0400
20.0500
19.4800
19.5800
19.2400
19.0600
19.1900
19.0900
19.5000
19.4100
19.7100
19.7600
19.4200
19.1600
18.8700
18.8400
18.5900
18.7700
18.3300
18.5100
19.1500
19.4700
19.1300
19.1800
19.1000
19.2700
20.7800
20.8500
20.4800
20.4500
20.7000
20.3800
20.7900
20.8600
21.1700
21.0500
21.0500
21.0800
20.7900
20.7500
20.8400
20.8200
20.7400
20.6000
20.5400
20.1300
19.8900
19.8600
19.6600
19.5200
19.7200
19.7200
19.8000
19.8000
19.8700
20.4500
20.6100
20.3800
20.4700
20.6500
20.8700
21.0800
20.9600
20.8900
20.9600
21.1000
21.0400
20.9800
20.3900
20.0900
20.1900
19.9800
20.0800
20.3300
20.2500
20.3500
20.4500
20.1600
19.6900
19.5900
19.6700
19.5800
19.5000
19.6800
19.6400
19.5700
19.3700
19.2000
19.0900
19.0500
19.6500
19.5300
19.4300
19.5900
19.3300
19.3500
19.9400
19.3900
19.1600
19.3600
19.3700
19.2900
18.9700
19.1000
19.0800
19.7200
19.7000
19.6900
20.0300
19.8700
20.0400
20.2900
20.3200
20.4000
19.8400
19.8600
19.8700
20.0200
19.9600
20.3500
20.5000
20.4500
20.4600
20.3600
20.4300
21.3400
21.5600
21.9000
21.9000
21.8500
22.0700
22.2000
22.0900
22.3200
23.4600
23.8600
23.6200
23.5200
23.3400
23.4200
23.3000
23.1200
23.0800
23.5700
23.3900
23.4700
23.8400