51.9800
52.0900
51.9600
51.7200
51.5300
53.0100
52.7000
54.1900
53.5400
54.6500
55.3900
56.6300
55.8700
55.6400
55.1300
56.7300
56.9700
57.2300
56.1900
56.2400
57.9400
57.9700
59.8600
59.4000
58.5600
59.1300
60.2200
59.5700
60.1600
60.8100
59.2700
60.3000
61.0000
61.6500
60.3600
63.9900
63.4000
62.5000
62.0000
60.4800
61.8400
61.6900
61.1900
58.3500
58.8900
60.0900
61.0500
60.4200
62.5000
62.3600
62.3500
62.6800
61.7600
60.3800
60.3400
59.5600
60.7600
62.5100
61.9700
60.0500
60.0600
60.0400
61.1700
61.0100
60.6100
59.9200
58.8400
57.3100
57.8300
59.4300
58.1000
58.2800
59.7600
58.9000
57.9300
58.4400
57.3600
57.4800
58.3500
58.2600
58.7700
57.7500
57.9800
57.7900
56.5400
56.9300
56.4100
55.2000
54.4200
54.6000
53.8900
52.6100
51.6800
51.3200
50.2000
49.5900
50.8300
50.4800
50.4800
50.0500
49.7000
50.5100
48.2100
46.8800
46.4900
46.2200
47.4100
48.9100
49.1700
48.5300
47.0800
47.8400
46.9100
47.1300
47.4800
47.9900
49.0700
48.6400
46.7300
46.0800
45.1200
45.5000
47.1600
48.3400
49.3400
49.1700
49.9800
49.9700
49.0600
48.2000
46.8700
46.2000
46.0900
47.2600
47.2000
47.7900
49.0900
49.2200
48.7300
47.7000
47.0300
47.3900
49.2100
50.5800
50.0800
49.5800
50.0600
49.7200
52.2000
52.9500
53.3000
54.1300
54.3600
53.6600
53.6100
53.2800
53.5800
54.5300
54.2600
54.3100
53.9500
53.2900
53.2100
53.0700
52.7200
52.5400
52.2000
51.3100
51.5000
51.9000
52.0500
53.2800
54.7500
55.8600
56.9900
56.9700
58.3800
60.1500
59.6100
59.7700
59.6900
59.3400
59.2000
58.7100
56.6900
56.0000
56.6100
56.2800
56.7300
56.8800
56.4000
57.2700
57.2000
56.4900
56.3600
56.1100
56.8700
56.3900
57.3500
57.9500
57.7300
59.0700
57.1600
56.6300
55.3500
55.2800
55.2100
55.3100
55.8500
57.6600
52.0100
53.0100
54.4900
53.2300
51.8600
52.1600
52.2300
52.2400
51.3900
51.9100
51.8200
52.5700
52.9500
53.2700
53.8100
53.7700
53.0700
53.3700
53.5000
53.0800
52.9800
53.6900
53.5000
55.1700
56.3200
57.5200
58.3600
57.5200
56.9900
57.0900
57.8400
59.3500
58.7900
59.5300
59.1500
58.5300
58.0100
58.2000
57.2300
58.7400
61.0000
60.3700
60.5300
60.3100
59.9800
60.7300
62.6300
62.1700
62.0700
62.5900
62.7500
63.1000
63.3100