101.9300
104.6200
103.2600
102.4900
103.6700
105.2700
104.8300
105.4000
105.6000
105.7900
106.7700
108.2900
107.1800
107.2100
107.7100
108.7600
108.7200
109.1200
108.7500
110.1700
112.5200
111.9700
114.4300
114.9500
114.6100
114.0000
115.3600
115.3500
117.4200
117.1600
116.5800
117.8900
118.5600
117.8600
117.7900
120.4900
119.2900
119.6300
119.0100
118.5700
118.2200
116.5000
116.4500
112.3100
112.7400
114.6800
116.5300
115.1500
117.3200
116.8300
118.0300
117.1700
117.5600
115.1900
114.3400
111.1400
113.4500
115.6700
116.7500
115.3000
115.0500
115.5100
117.6300
117.1900
115.4500
115.7500
112.7900
109.2400
110.0700
112.5600
111.2600
111.9800
114.2000
113.4600
111.1300
111.5200
109.4400
111.9800
112.6900
114.1400
115.8800
114.9300
113.4900
117.5700
116.9900
112.3200
111.3000
111.0700
111.0100
111.5200
112.9500
111.0600
108.8300
107.3300
102.7500
101.5900
105.9300
107.1700
107.9900
108.0000
105.9300
108.3300
106.0300
102.7800
100.4400
100.1600
102.4700
105.5900
104.7800
105.1100
103.8000
105.1100
104.5700
106.1600
108.4500
108.5800
110.0400
110.6400
107.9800
107.5300
106.6300
108.6100
111.1800
112.2000
114.7500
115.2900
117.3000
117.1500
116.2600
116.4600
112.5500
109.0500
108.5500
110.7100
109.9500
110.9900
113.5600
113.7400
112.4700
111.3700
109.9500
110.7000
112.1900
116.1100
115.8000
119.9800
118.7800
118.6600
123.9500
125.2200
126.9500
127.7100
127.7600
128.0300
127.9900
127.2700
127.2200
129.5400
128.5800
128.2100
127.0700
127.9700
127.9000
127.7700
128.3300
127.5800
127.7400
125.9900
127.6600
127.4200
126.8200
129.4100
131.2900
130.6000
132.1500
132.5300
132.0300
134.8100
133.3100
131.8800
132.7500
132.5300
132.0200
130.9100
128.6400
126.8900
127.5700
127.7400
127.8400
128.0500
128.4200
129.8500
130.3900
129.8200
128.7800
128.7600
128.7400
128.3100
128.5600
129.9700
132.7900
134.6600
132.8400
132.0300
130.1300
130.2700
131.1400
130.9300
135.4900
136.8300
136.9000
139.8400
140.8900
137.6000
135.9400
135.2700
135.5700
136.5500
133.3500
132.4600
134.7600
138.2300
139.3400
138.1600
139.4500
139.2000
138.7600
139.3200
139.6300
138.5500
138.6000
140.9000
141.2100
141.3900
141.9000
142.9000
142.9200
141.8700
142.3000
142.1600
141.9100
144.6900
144.9500
146.2900
144.2500
144.4600
143.9600
145.1000
142.8600
146.8000
152.0100
152.3200
153.5400
153.7500
155.0300
154.6500
155.2500
155.6300
154.3300
153.5500
152.4500
155.5000
157.3100