30.6500
30.4300
30.5300
30.6000
30.8100
31.0600
31.1700
31.3400
30.9000
32.0800
32.2000
32.2300
32.1700
32.1400
32.1100
31.8000
31.6500
31.7800
31.6400
31.7800
31.7800
31.6200
31.8500
31.9400
31.8200
31.6600
31.5300
31.5400
31.5400
31.6300
31.4000
31.8900
32.0300
32.0000
31.8400
32.2100
32.2900
32.3400
32.7000
32.5200
32.6700
32.4700
32.5800
32.2500
32.6400
32.8600
33.4500
33.2400
33.7000
33.6900
33.8100
33.5500
33.5800
33.4400
33.3400
33.9600
34.1600
34.7900
34.7300
34.6200
34.6300
34.6900
34.5900
34.7500
34.6400
34.6100
33.9400
33.3300
33.5400
33.7300
33.4500
33.6400
34.9700
34.3100
33.8600
33.8700
33.4500
33.5400
34.0500
34.6500
34.9200
34.8300
34.6400
34.4800
34.2600
33.9300
34.1300
34.0700
33.9500
33.9900
34.2400
34.0300
33.5900
33.8700
33.6100
33.2000
33.6900
33.6200
32.9300
33.3300
33.3800
33.6100
33.6600
35.0000
34.2900
34.4900
34.6700
35.2900
35.0300
35.6900
34.4300
34.5400
34.5600
34.8900
34.4500
34.7100
34.6700
34.5700
33.8400
34.0900
33.4100
33.2200
34.0500
34.1200
34.9900
35.7900
36.1300
35.5700
35.4800
35.9300
35.7100
35.3100
35.3200
35.3600
35.1800
35.8200
35.7700
35.4100
34.9000
34.2800
33.7100
33.4300
33.5100
34.0400
33.8300
33.5500
32.9700
32.6400
33.5400
33.5900
33.6300
33.4000
33.4700
33.7600
33.9500
33.9800
33.8800
33.9600
34.2100
34.2500
34.4200
34.5300
34.6200
34.6800
34.6900
34.7400
34.6600
35.0400
34.6900
35.0600
34.9200
35.6700
35.3700
34.8200
34.6700
34.6500
35.1600
34.8700
35.2600
35.3600
34.9000
35.3500
35.6900
36.4900
36.1000
35.9100
35.5500
35.6100
36.0000
36.0500
36.6100
37.4000
37.4200
37.3700
36.6000
36.4000
36.5200
36.2800
36.6000
35.4300
35.3000
35.3200
34.9000
34.6200
34.3200
34.2100
34.6200
34.1700
33.7100
34.3500
34.1400
34.0200
34.0300
33.3400
32.9600
33.1500
32.6000
32.4200
32.0700
32.2300
32.3200
32.4600
32.8100
32.8900
33.3200
33.4900
33.5200
33.7900
34.5800
35.4600
35.3500
35.4400
36.1200
35.7400
35.7200
36.6900
36.8200
36.3100
35.9000
35.7000
35.8500
36.0000
35.5400
35.6300
35.1900
35.2000
35.1400
34.8200
34.8400
35.3200
35.8200
36.2800
37.0700
37.0700
36.6700
36.9200
37.3000
38.1100
37.5900
37.8500
36.5700
37.0200
36.7700