52.3400
52.1400
51.7200
51.5700
51.9400
52.6300
51.9800
52.8900
51.3700
51.1400
52.5200
53.7000
52.6600
52.1600
52.2200
53.9200
53.1400
52.7800
51.9800
51.1100
52.5000
52.7100
53.4100
54.3200
54.2300
54.0800
53.1500
54.0100
54.3600
53.7700
51.0200
51.3500
51.3800
51.1400
51.7500
52.1000
52.2700
51.4200
51.3100
50.4300
51.1900
50.6200
50.8200
50.2600
50.7700
51.5100
51.8400
50.7900
51.7800
51.0600
51.7000
52.3400
52.1000
51.0200
49.6500
48.2600
48.4500
49.5900
49.0500
48.4500
49.7700
50.4200
50.5200
50.5400
49.3100
48.7500
48.0700
46.8800
47.4900
48.2500
47.1200
46.3800
47.2600
47.8400
47.3500
47.4000
47.2300
47.6200
47.0900
46.9200
47.0100
47.0000
47.3200
47.2300
45.3900
44.2800
44.1600
44.5900
44.3300
44.7300
44.8400
43.0700
42.3300
42.1200
41.6300
41.3500
42.4000
41.8300
42.5200
41.9900
41.7200
42.0400
41.1500
40.2400
38.7100
38.6800
39.8300
40.8100
40.7700
40.6700
40.2400
41.2400
40.2800
41.4800
42.1300
41.1800
41.2700
40.7800
38.6300
39.0000
37.7200
37.6800
38.1500
37.7800
39.2300
40.1600
41.6700
41.0400
40.8300
40.9600
39.9700
40.4000
39.6400
40.3200
40.5000
41.1400
41.2400
42.4500
42.0900
40.7800
40.2700
42.6800
45.4600
46.8500
46.2800
45.1200
46.0600
45.6200
47.2000
47.0400
47.4900
47.5000
47.7200
48.1100
47.6700
47.5900
47.2600
47.7800
47.9700
47.0200
47.7300
47.3000
47.4900
47.2100
47.4200
47.3100
47.3700
46.2300
46.8400
47.1300
46.9600
47.3700
48.5400
48.1400
48.6600
49.1600
49.0400
49.9600
48.6900
48.5500
48.4100
48.6200
48.7600
48.4500
48.2100
47.0000
46.7100
46.3000
46.9300
46.7400
44.7100
44.5000
43.8900
43.9100
43.8500
43.2500
44.1800
44.0200
44.3000
44.7700
45.8700
45.7500
44.3700
44.0100
43.1300
39.7000
39.9000
40.4400
40.9000
41.0100
40.5100
41.2400
41.4300
40.6400
40.0100
40.8500
41.0600
40.7600
40.6500
40.2000
40.2000
41.3700
40.8800
41.0000
41.7500
41.2600
40.8600
41.2800
41.2000
40.8600
41.1400
41.1200
41.4500
41.4500
42.1500
41.9600
42.1200
42.3400
41.7300
40.6000
40.7200
42.2800
41.9700
42.3400
41.7100
41.4800
41.1600
41.1800
40.8100
42.8300
43.5000
43.1100
43.6400
43.6900
42.9700
43.7000
44.4300
44.3000
44.1200
46.0000
46.1000
45.5600
45.9900