5.3300
5.1500
5.0200
5.1100
5.0500
5.0500
5.0400
5.0300
5.1000
5.0900
4.9500
4.8700
4.8700
4.8500
4.7500
4.7500
4.4700
4.3100
4.2300
4.2800
4.2400
4.3600
4.5100
4.3400
4.3000
4.2600
4.1400
4.0400
4.1400
4.0600
4.3100
4.4600
4.7800
4.6300
4.5900
4.5700
4.6400
4.6200
4.6200
4.5800
4.5000
4.5500
4.4100
4.3800
4.3500
4.3700
4.4200
4.3600
4.4100
4.3200
4.2700
4.3300
4.2300
4.2700
4.3300
4.2700
4.1900
4.1700
4.0900
4.0200
4.0800
4.1700
4.2700
4.2900
4.3700
4.3100
4.1200
4.1100
4.1100
4.2000
4.1200
4.1700
4.2500
4.1900
4.1300
4.1300
4.1800
4.1200
4.1300
4.0900
4.0600
4.0300
4.0400
4.0200
3.9400
3.8900
3.6100
3.2600
3.3500
3.5000
3.4700
3.3300
3.2600
3.2600
3.3700
3.2200
3.3700
3.3200
3.5000
3.4300
3.5000
3.5100
3.5800
3.7400
3.5200
3.5300
3.5500
3.3400
3.3300
3.4500
3.5400
3.6700
3.7400
3.7200
3.9300
3.8700
3.8800
3.8800
3.9200
4.0200
3.9200
3.7600
3.7600
3.7900
3.8300
3.9600
3.9900
4.0100
4.0100
3.9800
3.9600
4.0300
3.9800
3.9300
3.9200
3.9200
3.8700
3.7200
3.7400
3.6700
3.6100
3.5900
3.6300
3.7200
3.7100
3.9200
4.3400
4.4100
4.4000
4.4500
4.5000
4.5500
4.7100
4.7500
4.8200
4.7800
4.7500
4.6600
4.6300
4.6500
4.6400
4.6200
4.5600
4.6300
4.6500
4.6100
4.6600
4.7400
4.6200
4.6600
4.5600
4.6500
4.5500
4.6300
4.7600
4.8500
4.7900
4.6500
4.6600
4.6900
4.6700
4.7900
4.9800
4.9400
4.9000
4.9400
4.9200
4.9200
4.8200
4.7200
4.5500
4.7600
4.7700
4.7800
4.7600
4.9000
4.8600
4.8100
4.8100
4.8400
4.8400
4.8800
4.7600
4.6600
4.5800
4.6600
4.7800
4.7400
4.7300
4.7100
4.5100
4.6400
4.5500
4.4900
4.3500
4.3500
4.4100
4.3700
4.3700
4.3500
4.2900
4.4100
4.4000
4.4200
4.4900
4.5400
4.5900
4.7000
4.7400
4.8100
4.8000
4.7900
4.7300
4.6800
4.7100
4.7100
4.7700
4.8300
4.7100
4.6000
4.6200
4.6300
4.4800
4.4300
4.2800
4.2400
4.1700
4.1900
4.1900
4.2800
4.3600
4.3700
4.3600
4.4600
4.3300
4.3500
4.3400
4.3500
4.3900
4.4100
4.3700
4.4000
4.4800