42.1000
41.6700
41.7100
41.1800
41.0400
41.0500
41.1200
41.0900
41.2300
41.5700
41.7500
41.3600
42.0500
41.9200
41.4500
41.9700
42.2800
41.9100
41.3300
41.5100
41.6900
41.5900
41.5500
41.2500
41.6500
41.6900
41.8000
41.5600
41.2100
41.1900
40.7500
41.2200
41.4000
41.1000
41.1600
40.9800
40.3700
40.2100
39.7000
39.8700
39.6600
39.4700
39.7800
39.5100
39.4000
39.3100
39.3800
39.6500
40.0100
39.7000
39.3800
39.0600
38.6900
38.9500
39.0600
38.6000
38.7600
38.9200
39.3000
38.9800
38.7500
39.2200
39.4500
39.4400
39.0500
38.7700
38.3200
38.0200
37.9400
38.2000
37.8400
38.1600
38.4200
38.0500
37.9700
38.3100
37.9500
38.3000
38.9300
38.9000
39.2500
39.4300
39.3700
38.8000
38.5500
38.5000
38.3100
38.5000
38.2500
38.6400
38.5700
38.2900
37.9100
37.6400
36.9400
36.8500
36.9000
37.2100
36.9200
37.3400
37.2700
37.5400
37.0100
37.4800
36.9400
36.8500
36.9700
37.7000
37.8800
38.1500
38.0400
38.1400
38.2500
38.4200
38.7100
38.6800
39.2200
38.9600
37.6400
38.2300
38.0500
37.9200
38.1700
38.4900
38.7500
39.0100
39.1500
38.7400
38.9400
39.0200
39.1200
39.3400
38.9300
39.4200
39.3100
39.3300
39.3000
39.8000
39.9000
39.7300
39.8500
39.7000
40.1900
40.5800
40.6800
40.5000
40.6100
40.1900
40.7600
40.9300
40.5500
40.7100
40.4800
40.5200
40.4000
40.7100
40.1100
40.0500
39.8400
40.0900
39.7900
39.6500
39.2000
39.4300
39.4400
39.4400
39.7000
39.6100
39.6500
40.3800
40.3800
41.0000
40.8700
40.8700
40.7800
40.8300
41.4900
41.2100
40.9500
41.0700
41.1700
41.3000
41.2800
41.4800
41.3100
41.3400
40.8700
40.9100
40.6300
40.8400
41.0200
41.3400
41.3000
41.1700
41.0500
40.8200
40.6500
40.1300
40.4600
40.9600
41.2100
41.2400
40.7400
40.4800
39.8600
40.0900
40.4400
40.2800
40.8300
40.2300
39.5700
39.1800
39.2700
38.7300
38.4800
38.3600
38.1900
38.2500
37.3800
37.1300
37.7900
37.8100
37.9600
37.7000
37.5500
38.3900
38.4100
38.6900
38.7700
38.9800
38.7700
38.8100
39.7000
39.6300
39.5800
39.7900
40.1200
40.1200
39.5600
39.6500
40.0800
40.1800
40.1500
40.6300
40.3600
40.3900
39.9700
39.9300
39.6800
39.9700
40.6900
40.5300
41.1300
40.6200
40.5100
40.4500
40.6700
40.3400
40.2500
40.5700
40.5100
41.0000
41.1600