13.8100
13.7300
13.7300
13.7200
13.8500
14.3300
14.7300
14.7500
14.6600
14.8000
15.1500
15.0100
15.3900
15.3100
15.4100
15.5100
15.3500
15.2200
14.1700
14.1700
14.2500
14.4000
14.9100
15.1400
14.7200
15.1400
15.0300
14.6100
14.9000
14.8100
14.6600
15.0600
14.9500
14.9800
15.6100
15.4200
15.2100
15.2200
15.0800
14.8400
14.7900
14.5500
15.0500
14.6100
14.4100
14.3800
14.3400
14.5500
14.9300
14.9300
15.2800
15.2100
15.3400
15.4500
15.5200
15.3700
15.5200
15.7400
15.5300
15.1200
15.1400
15.3300
15.4000
15.2400
14.9800
14.8200
14.7600
14.3000
14.6400
15.0700
15.0400
13.8900
14.0200
13.8100
13.7400
13.7500
13.5400
13.5400
13.7700
13.7000
14.0300
13.8200
13.9100
14.0200
13.7800
13.3500
13.5100
13.5500
13.6200
13.3200
13.3700
13.3900
13.3700
13.3500
13.0800
12.9600
12.8700
12.8700
12.8200
13.1000
12.9800
13.1600
12.9200
13.0600
12.3300
12.3800
12.5500
12.8500
12.7000
12.7200
12.6000
12.7900
12.5900
12.8500
12.9700
12.9000
13.1000
13.0500
13.4700
13.5000
13.2000
14.0400
14.4100
14.6600
14.7300
14.8500
14.8200
14.7400
14.7300
14.6600
14.5400
14.2900
14.2400
14.3100
14.6900
14.6500
14.7800
14.8600
14.8100
14.3000
14.0600
14.0400
14.1500
14.3800
14.1600
14.1100
14.1600
14.0000
14.4600
14.5900
14.7300
14.9700
15.0800
15.0800
15.2600
15.3500
15.1000
15.5200
15.6800
15.5800
15.4900
15.3200
15.3600
15.4100
15.0700
15.0300
15.1800
15.1400
15.2600
15.6900
15.5600
16.0600
16.0600
16.3000
17.0000
17.1300
17.4600
17.5800
17.7200
17.5300
18.2900
18.7400
18.7500
18.3900
18.1500
17.9100
18.0800
17.7500
17.9700
18.0500
18.1000
18.3300
18.4100
18.1600
17.8900
17.7200
17.7400
17.9000
17.8500
18.6300
18.7000
18.6200
18.2400
18.1300
17.8400
17.7600
16.8400
16.7500
16.9000
17.2600
17.1500
17.0400
17.6300
16.8800
16.6300
17.1100
16.7900
17.0400
16.7600
16.8400
16.9800
17.3700
17.5400
17.5900
17.8300
17.6600
17.5700
17.7900
18.1700
17.9000
18.0400
17.6400
17.9900
17.8800
17.9000
17.8500
17.9700
18.0800
17.6900
17.6000
18.0500
18.6600
18.6800
18.9700
18.5500
18.3700
18.1600
17.9100
17.6100
18.0100
18.4900
18.4800
18.8200
18.7900
18.7100
18.7700
18.9900
18.9400
19.1300
19.4000
19.1900
19.6800
19.8400