68.0000
68.1200
67.4000
67.6200
68.3700
69.9300
70.0900
70.9400
70.6000
71.4500
71.6200
72.2100
72.4700
71.7400
71.3400
71.5700
71.5100
70.3500
69.1700
69.1600
69.7100
69.7400
70.5100
71.1500
71.3000
71.5900
70.8500
70.3000
70.1200
70.1600
70.0500
70.4200
70.8800
71.1300
70.4000
70.6000
72.4000
72.4900
72.7400
73.2300
72.9300
72.6500
72.5000
70.8500
71.2500
72.0100
71.7800
71.7400
73.0800
73.1000
73.3400
72.9000
72.9800
72.3400
72.2800
72.2500
72.7800
73.9100
73.5500
73.1200
72.6500
73.3800
74.0900
73.1000
72.6300
71.8000
70.8200
69.4800
69.3500
69.6600
68.8800
69.2000
69.8800
69.5500
68.9300
69.7600
69.2700
70.0600
67.5600
67.0500
67.5800
67.5000
67.9800
68.2400
68.1500
67.0500
67.4200
67.5300
66.4000
66.5400
66.5300
66.3000
65.7300
65.2000
63.7200
63.3400
64.5500
64.4700
64.6100
63.3400
63.5800
64.3500
63.8300
64.0100
62.7200
61.9600
61.9800
63.6200
63.6900
64.0600
63.7400
64.1300
63.4900
64.0100
64.8600
64.7600
65.1900
64.6500
63.2500
63.2600
62.2200
61.9700
63.2200
63.1600
65.9600
66.0600
66.1700
66.2400
65.2400
65.0500
64.4300
63.9100
63.5200
64.8600
64.0400
64.6900
65.8000
65.9900
64.9700
63.9200
63.4000
62.0000
62.9000
63.8300
63.4700
63.4400
63.0500
61.9900
63.1000
62.9800
63.9000
63.9300
63.4300
63.5800
63.3400
63.7900
64.2000
65.3600
65.7000
66.1300
66.5300
66.3000
65.6100
66.0900
65.6200
65.7600
65.8500
65.3200
65.5100
64.6500
64.7800
66.7200
67.2000
66.3200
65.9800
65.8700
66.1200
66.7800
66.6200
66.6500
66.5100
66.2800
66.1500
66.3700
66.4700
66.6100
66.4600
66.1200
67.4200
67.3000
66.4600
66.8200
67.2900
66.4500
65.9400
65.1600
65.5900
66.1000
66.1600
67.2200
67.6600
68.5800
67.1700
67.1500
66.2100
67.7900
67.6100
67.3200
68.0800
69.4200
68.8100
68.3700
69.2600
66.5900
64.3300
64.4500
64.1800
63.7500
62.2000
62.1400
62.1300
63.9100
63.7500
64.3600
65.4100
65.0600
64.9600
65.7100
66.5300
66.5000
65.6900
66.4400
66.8800
66.7000
67.1900
68.2500
68.9700
68.9000
68.0000
67.4900
68.0000
69.0100
69.5200
70.2800
70.4000
69.4700
69.0400
69.0200
67.8800
69.2700
71.2100
71.4900
71.0700
71.8600
70.4100
70.6800
71.6500
70.7400
70.3500
70.5800
69.8000
71.0200
70.6600