18.3600
18.5600
18.5500
18.6500
18.8600
18.7200
18.8800
18.9300
18.8400
18.7400
19.0200
19.1500
19.1500
18.9400
18.8400
19.1300
19.0700
19.0300
18.9000
18.7100
18.7700
18.7500
19.0200
19.0500
19.1800
19.2400
19.1300
18.8800
19.0700
18.9400
18.7600
19.0100
19.2800
19.4100
19.3900
19.3100
19.2400
19.0700
19.1600
19.0500
19.1200
18.9700
18.8500
18.4200
18.7700
19.0300
19.0400
19.1300
19.5900
19.7900
20.1600
20.2000
20.2100
20.0700
20.0700
19.8500
19.7800
20.0500
20.0400
20.0100
19.9500
20.0700
20.0200
19.9600
19.7400
19.4900
19.2000
18.7400
19.0100
19.3000
18.8800
18.9000
19.3400
19.1000
19.1400
19.3600
19.0700
19.5400
19.4500
19.6200
19.7800
19.5800
19.8000
19.7700
19.6100
19.3400
19.3200
19.2500
18.9100
19.0900
19.0100
18.6000
18.4000
19.0000
18.8800
18.9500
19.1200
19.1800
19.1800
19.2500
19.2000
19.3500
19.0400
19.0900
18.5400
18.1500
18.2400
18.8800
19.0000
19.2000
19.1100
19.4800
19.3700
19.7200
20.0000
19.7500
20.0000
20.1000
19.5300
19.8100
19.5200
19.8000
20.1300
20.2000
20.8400
20.4900
20.4300
20.3300
20.0000
20.0400
19.6200
19.6800
19.4400
19.7700
19.5900
19.7200
19.8400
19.8000
19.8700
20.0900
19.9700
20.0000
20.5600
20.9200
20.8000
20.7500
20.7300
20.5200
20.9600
20.9700
21.1200
21.0100
21.0600
21.1000
20.9900
20.9400
20.9600
21.0500
21.0000
20.9300
20.8500
20.7800
20.6400
20.8000
20.8500
20.8100
20.8200
20.6400
20.7100
20.5100
20.6500
21.3100
21.5900
21.4800
21.5900
21.8900
22.0200
22.1100
22.0500
22.2400
22.4300
22.4300
22.5300
22.3600
22.3100
22.1000
22.7300
22.7100
22.8100
22.7900
22.9100
22.9500
23.1200
22.9200
22.6200
22.4300
22.5100
22.4800
22.6400
22.6400
22.9100
22.8100
22.0300
21.7000
21.2800
21.2600
21.2600
21.1100
21.0600
21.3400
21.3100
21.4100
21.5900
21.1300
20.8900
21.0000
20.8900
20.6800
20.0100
20.0600
20.1500
20.6600
20.6200
20.6800
21.0400
21.0600
20.8700
21.1400
21.1300
21.1300
20.8200
20.8600
21.2300
21.3700
21.4600
21.3900
21.5100
21.7800
21.6200
21.6200
21.9300
21.6900
21.0100
21.0500
20.8800
20.8200
20.7700
20.6900
20.4400
20.9900
21.3400
21.1000
21.2000
21.1300
20.9000
20.9500
21.1700
21.1300
21.1200
21.2000
21.1200
21.3000
22.0400