41.8600
42.0200
42.5200
42.7800
42.7300
44.2500
44.4000
44.9000
44.8900
46.2600
47.5100
47.2100
47.4400
47.3700
47.6700
48.2900
48.5900
48.7200
48.6500
48.8600
49.1500
49.3100
54.7000
56.0300
55.0800
54.2700
53.7300
53.7500
54.9000
54.5600
54.8200
54.8100
47.0000
44.6900
44.5300
45.1500
45.2600
45.1900
46.0000
45.5400
46.6100
46.9900
46.2300
45.8800
45.4800
46.5300
46.0900
46.1600
46.8100
46.6600
47.1600
46.7300
47.0700
46.9200
46.3000
46.6300
46.8500
47.2200
47.3900
47.3800
47.7700
48.8600
48.7800
48.1000
47.1900
47.7600
46.5900
45.7700
45.4200
45.7200
45.5100
45.8600
46.6800
46.6100
52.2500
51.0000
51.4100
52.3600
52.5700
52.7200
52.1600
52.0200
51.4400
51.8800
51.3900
50.2700
49.9000
49.4600
50.6400
51.2500
51.8400
52.4600
51.8700
51.5800
50.1000
49.9400
50.8900
50.4700
50.2000
50.6200
50.4900
50.9600
50.5000
49.9500
48.6700
49.2100
48.5100
49.2200
49.0000
49.6400
49.5400
49.4200
49.1200
50.0900
50.2900
50.2100
50.7300
50.7800
49.9200
50.5200
50.2800
50.3700
51.2500
50.0400
51.2800
51.6300
52.0800
51.4600
50.9600
51.5000
51.6000
50.6700
50.6600
51.1700
51.9400
52.8300
53.1500
53.7600
53.0800
51.8900
51.1000
51.1900
51.6800
55.5000
55.6100
54.3300
53.6300
57.2900
56.8700
57.6400
57.5500
56.8200
56.9000
56.7700
56.6300
57.5700
57.9700
56.6900
56.7500
56.4900
56.8200
56.4800
56.0500
57.2900
57.1900
57.6300
57.7600
57.5100
57.6900
58.0100
58.4400
59.4900
59.2600
59.6600
59.3100
59.7500
60.2400
62.0200
65.8000
66.7700
67.2100
67.3200
67.7600
67.1600
67.2900
66.0600
66.6400
66.3300
67.4400
69.1800
70.0000
69.6700
69.4300
69.8100
68.7800
67.6300
67.8700
67.9400
67.3200
68.3800
69.5600
68.2900
66.5900
66.3800
64.9100
68.3400
67.3800
67.0700
67.1800
67.5000
67.0100
67.0400
67.4700
65.4500
64.8500
65.0100
73.9300
72.6900
72.2900
72.8900
74.4000
74.8200
75.8100
75.5500
76.1200
75.4700
74.6500
74.8800
75.3000
75.0000
74.6100
74.1600
74.5400
73.8100
73.9200
74.2500
76.3400
76.2300
74.7700
74.2400
75.4600
75.8500
74.7500
73.6600
72.7800
72.6600
72.4800
72.6000
72.3800
73.4500
75.0600
74.9500
75.7200
76.8800
77.4000
77.8700
77.9400
78.0800
77.7700
77.3600
77.1700
77.5300
78.2800