40.3000
40.5400
40.7200
40.0700
40.0000
40.3300
40.4200
40.6400
40.6400
40.7700
41.0500
40.9500
40.6700
40.6300
40.1000
40.6200
40.3900
40.0300
39.8600
39.8300
40.0200
39.9300
39.8500
39.6700
39.3900
39.0200
39.0800
39.0900
39.3400
39.8000
39.6100
39.7800
38.3400
38.2300
38.6600
38.6300
38.1500
38.0400
38.0900
38.3100
38.1700
38.1900
38.6000
38.3600
38.4600
38.4700
38.5800
38.5100
38.5900
38.5000
38.6900
38.8300
38.7200
38.7600
38.5800
38.6100
38.8500
39.2400
39.1100
39.1500
39.1200
39.4500
39.6200
39.6400
39.6900
39.0000
38.7100
38.5100
38.5700
38.7600
38.7000
38.7400
39.1200
39.1100
39.0200
38.9400
38.6100
38.6400
38.8000
38.9000
38.9300
38.8900
38.9300
38.6900
38.4700
38.3200
38.5300
38.8200
38.9100
39.2500
39.2700
39.1600
39.5800
39.6400
39.1900
38.9500
38.5500
38.5800
38.5900
38.9800
39.0800
39.0700
38.5200
38.2800
37.9000
37.8400
37.8000
37.9300
38.0200
38.2000
37.9100
37.9400
38.0300
38.0900
38.4600
38.6500
38.8000
38.7200
38.3600
38.4400
38.4300
38.1500
37.5500
37.8000
38.5400
38.9800
39.0200
39.0400
38.7600
38.4600
38.6500
39.1300
38.8200
39.0400
38.7700
38.8500
39.0100
38.9800
38.7800
38.2100
37.9100
37.9600
38.1900
38.5200
38.7400
38.7000
38.4300
38.0200
38.5200
38.4900
38.3400
38.4000
38.5300
38.6300
38.5000
38.4200
38.3500
38.4900
38.5000
38.8100
38.6300
38.4600
38.3300
39.0400
39.4100
39.4400
39.5700
39.3400
39.3300
39.3300
38.9900
39.3200
39.2400
39.2900
39.2900
39.3000
39.4600
38.8900
38.9600
39.3100
40.0200
40.4400
40.3000
40.2300
40.1100
39.9500
39.8900
39.8500
39.9700
40.1200
40.1700
40.3200
40.0500
39.8100
39.5100
39.5800
39.5000
39.1900
39.3000
39.7000
40.0700
40.5000
39.9900
39.8200
39.4800
39.5800
39.9100
39.8500
40.0800
40.1800
39.8100
39.7700
39.8000
39.7200
39.3100
39.3700
39.2000
39.3500
39.8600
39.8700
39.7900
40.4600
40.4200
40.4600
40.7700
40.4500
40.6200
40.6500
40.8000
40.9900
40.4800
40.6300
40.9500
40.7300
40.9400
41.0000
41.3900
41.2800
41.4900
41.4500
41.7300
41.7700
41.2700
41.5700
41.1000
41.0000
40.7000
40.5800
40.0600
40.4200
41.3200
41.3400
41.7700
41.6000
41.2700
41.2300
41.6000
40.6200
40.9300
40.8200
40.8400
41.1500
41.3700