13.0400
13.1700
13.2800
13.5200
13.7400
13.9900
14.3200
14.2000
14.0000
14.1500
14.2800
14.4500
14.4200
14.3700
14.6200
13.0500
12.6700
12.6200
12.6100
12.8700
12.9000
12.9400
13.5800
13.7300
13.7500
13.7500
13.7900
13.6000
13.6700
13.4800
13.5200
13.8100
13.8400
13.7700
13.5600
13.5800
13.7500
13.5200
13.3400
13.0400
12.9700
12.9900
12.8800
12.8100
12.9600
13.4100
13.2900
13.4500
13.9000
14.0500
14.2000
14.3300
14.2800
14.0500
13.9300
13.8600
14.0200
14.4100
14.2100
14.0200
14.0300
14.0800
13.9000
13.8700
13.7000
13.5400
13.4800
13.3900
13.5300
13.7300
13.5800
13.5700
13.7000
13.5400
13.5300
13.1800
13.2100
13.3500
14.3000
14.3000
14.4500
14.3500
14.3200
14.2600
14.0000
13.6700
13.6000
13.3600
13.3800
13.3200
13.3100
13.3100
13.1600
12.9200
12.8200
12.7500
13.1800
13.1100
12.7700
12.8100
12.9100
13.1000
12.8600
12.9900
12.6100
12.2400
12.4700
12.8300
12.9000
13.1300
12.9100
13.1800
13.0500
13.0200
13.0100
13.1000
13.2500
13.2600
12.7800
12.8600
12.4500
12.4300
12.5900
12.5900
12.9300
12.9100
13.0800
13.0000
12.7900
12.6700
12.5400
12.4200
12.3300
12.3200
12.2500
12.3400
12.3900
12.4600
12.2700
12.1200
12.0700
11.1400
11.2300
11.5300
11.4200
11.4100
11.3100
11.2300
11.3400
11.2800
11.5300
11.6100
11.5900
11.5700
11.5200
11.5200
11.5900
11.7500
11.9900
11.9900
11.8600
11.7300
11.5500
11.5200
11.5900
11.6800
11.7600
11.6200
11.9900
11.9100
11.8500
12.3000
12.5500
12.5800
12.7700
12.7000
12.8600
13.1200
12.8800
12.7300
12.8800
13.1000
13.2200
13.2500
12.9300
12.8600
13.3000
13.1500
13.0900
13.2400
13.3800
13.4000
13.3000
13.2900
13.0400
12.9500
13.0200
12.9800
13.0800
13.5600
13.8300
13.7400
13.5200
13.5200
13.4100
12.1500
12.0900
11.8200
11.7500
11.7400
11.7000
11.8500
11.9000
11.5100
11.4000
11.3400
11.2700
11.1600
10.9400
10.8800
10.9000
11.0500
11.1800
11.1200
11.2900
11.3500
12.1300
12.2200
12.3300
12.2300
12.1500
12.2200
12.3800
12.4800
12.5400
12.6300
12.6000
12.7300
12.7400
12.6200
12.6500
12.9900
12.7700
12.7900
12.6000
12.7400
12.5900
12.5800
12.4700
12.6200
12.8600
12.7700
12.7300
12.6300
12.4800
12.4000
12.6400
12.4500
12.5000
12.6200
12.5200
12.3000
12.1000