23.7900
24.1300
25.2600
24.8700
23.9900
24.2300
24.3800
24.1800
23.5100
23.2300
24.0200
24.8400
24.5500
24.7600
24.7500
25.0000
24.7000
24.3200
23.7400
23.3600
23.3100
23.2700
23.6400
23.4100
23.7300
24.4900
24.0800
22.8800
22.9400
22.9800
22.8100
23.0400
23.1800
23.3000
22.9700
23.2900
22.7300
23.0000
23.3300
22.7800
23.8400
23.8700
24.1600
23.7900
23.9000
24.2100
23.9000
23.7700
23.7900
23.5000
23.8100
23.5600
23.9500
24.0100
24.6700
23.1600
23.6200
23.8000
23.7600
23.4900
22.5900
21.8400
22.4600
22.0400
21.9500
21.7300
21.8500
21.4200
21.2700
21.5600
21.2300
21.7000
22.1500
22.2900
22.2900
22.3800
22.3700
22.2800
22.5800
22.5800
22.6800
22.7600
22.8600
22.7700
22.4800
21.8300
21.0900
21.1100
20.9100
21.0700
20.3300
20.8800
20.6200
20.8400
18.5200
19.0700
18.9800
19.0400
19.0800
19.1700
19.5200
19.7100
19.6600
19.1800
19.2000
19.2000
19.5400
19.3500
18.8000
19.0300
18.2800
18.5700
18.1100
17.7400
17.8300
18.2200
18.3700
18.1400
17.5600
17.6900
17.1900
17.4800
17.8200
17.8100
18.3600
17.9800
18.3700
18.2700
18.1300
17.5200
17.5500
17.2100
17.1000
16.8300
16.5700
16.7400
16.9000
16.8000
16.3000
16.1400
15.7300
15.7700
15.9700
16.1400
16.0200
16.0200
16.0700
15.7500
15.9000
16.0100
16.8100
16.7300
16.8300
17.7400
17.8900
17.2800
17.0500
17.9800
18.5700
19.4900
19.4900
18.7900
18.9000
18.4200
18.1500
18.1400
18.6100
19.1600
19.0800
20.4100
20.5500
21.0600
21.6600
21.5900
21.7700
22.0700
22.3800
23.1500
22.2900
22.4300
22.8300
22.7400
22.3000
22.1300
20.8800
21.1200
20.9200
21.0000
21.2400
21.3300
21.3000
22.3700
23.0800
23.2500
23.9900
22.9600
22.8600
22.7700
22.7800
22.9500
22.9400
23.4400
23.1200
23.2000
23.1000
23.2800
23.7200
23.0000
22.8300
23.6000
23.8100
23.7200
23.9200
23.4000
22.5200
22.1100
23.0900
23.2600
23.4800
24.5000
25.5500
25.9200
26.4700
27.0800
27.0700
26.8200
26.6800
26.4400
26.2100
26.2500
25.8300
25.8800
25.9700
26.6400
27.3000
27.4400
27.7100
27.8300
27.6100
27.5100
27.5200
27.7200
27.5500
26.1300
25.5700
25.5800
24.8900
24.6700
24.5300
25.0900
25.6600
24.3600
24.8000
24.7500
23.1900
22.6100
22.7900
23.2500
23.0100
23.1600
23.0700
23.4900
23.2800