6.8400
6.7500
6.9600
6.7700
6.7700
7.2700
7.8000
7.7200
7.5100
7.5300
7.8200
8.1700
8.2400
8.2200
8.2400
8.0600
7.8000
7.8300
7.6500
7.7100
7.9900
8.0400
9.1700
8.9400
8.9500
8.9000
8.9100
8.7400
9.0400
8.8800
8.8200
9.0300
9.2200
9.5400
9.2000
9.3400
9.1400
9.0300
8.9600
9.0900
9.1000
8.9600
8.9100
8.5700
8.6800
8.9100
8.9000
8.8100
9.0400
8.9000
9.3200
9.1500
9.1500
9.0800
8.8800
8.7400
8.7100
8.8000
8.7400
8.6500
8.4500
8.3200
8.3800
8.1700
8.0200
8.0500
7.6900
7.3100
7.5400
7.8500
7.6500
7.6200
7.7000
5.8700
6.0400
6.0600
6.0600
6.0400
5.8700
5.9500
5.9900
6.0100
6.1500
6.1400
5.8300
5.8000
5.8000
5.8200
5.6100
5.6700
5.8500
5.7300
5.5000
5.1100
4.9800
4.8800
5.1000
5.2500
5.2400
5.2500
5.1900
5.4400
5.2800
5.2400
5.1300
5.0500
5.1000
5.4400
5.3900
5.3800
5.0800
5.1800
5.1200
5.1700
5.3700
5.2300
5.4800
5.4800
5.1500
5.1700
4.8900
4.9400
4.9100
5.4300
5.6600
5.7100
5.8900
5.6100
5.5600
5.4100
5.2100
5.2300
5.0800
5.3200
5.3100
5.3000
5.1200
5.0600
4.7900
4.8300
4.7900
4.6700
4.7700
5.0700
5.1000
5.0400
4.4800
4.1200
4.3200
4.3900
4.5000
4.6100
4.8000
4.8400
4.8300
4.8900
4.9900
5.1700
5.2500
5.3400
5.4500
5.3800
5.2400
5.4100
5.2600
5.2700
5.3400
5.2100
5.2900
5.2500
5.1700
5.4500
5.6500
5.7200
5.7600
5.7100
5.8900
6.1200
6.0000
5.8700
5.8900
5.8300
5.6600
5.5500
5.1700
5.2300
5.2300
5.2300
5.1300
5.1600
5.1600
5.2100
5.3900
5.4200
5.4400
5.4700
5.4900
5.4700
5.5100
5.7000
5.7900
5.8100
5.6300
5.7100
5.4900
5.4100
5.6400
5.4800
5.9600
6.2200
6.0600
5.9800
6.0000
5.6500
5.5600
5.6100
5.5400
5.4000
5.2900
5.2900
5.3800
5.5700
5.6000
5.6600
5.6500
5.5800
5.6200
5.8500
5.8700
5.9500
5.8900
5.9900
6.0800
6.4100
6.6100
6.7200
6.9000
6.9700
6.9600
6.9600
7.1200
7.3400
7.3200
7.3500
7.0500
7.0900
7.3000
7.2500
7.2200
7.5100
7.9000
8.1300
8.2800
8.3300
8.0400
8.1400
8.2300
8.1100
8.0100
8.1300
8.8500
8.8800
9.1500