665.4100
668.2800
659.0100
650.0200
622.4600
623.1400
625.9600
629.6400
624.9900
628.5800
632.9100
639.5700
585.9900
585.5200
580.9300
569.4900
568.1000
579.9800
577.6900
580.1100
580.8300
585.1100
596.3300
609.0900
606.7700
609.8500
611.4600
605.9100
612.2000
609.7600
605.5600
606.5200
604.6400
614.0000
607.9400
606.1100
609.9000
609.3100
618.3900
618.2500
622.4000
621.2500
614.2500
604.9600
606.8000
607.1400
600.2500
605.1500
617.7800
615.9900
621.1300
625.0400
633.9800
633.4900
639.9800
646.0500
642.5900
649.3300
647.0200
655.7600
648.4100
641.2400
646.9200
642.6200
635.1500
632.3200
630.8400
626.8600
635.9600
651.0100
624.6000
606.0700
609.5700
607.4500
599.3000
596.0600
597.6000
601.2700
609.7200
615.4700
614.9800
604.8500
604.4300
607.2600
611.0200
596.9700
607.5500
612.7900
609.1500
613.6600
605.2300
604.0000
611.1100
628.9300
623.0500
600.4000
614.1100
600.8000
609.4600
603.6600
591.5300
594.3400
588.2300
580.8600
570.9800
578.5900
570.4100
580.5700
578.2300
580.4500
568.5000
565.1000
561.0900
559.0500
564.5100
570.8500
581.5300
577.5100
565.2100
571.4800
560.7000
564.6800
569.3000
564.3100
580.0700
580.4700
587.8300
595.9200
585.9800
586.0100
581.7000
571.1900
570.4800
576.5200
574.9200
576.7300
580.7600
593.0600
610.8200
615.5100
607.5700
607.9900
613.3600
634.9600
632.3000
632.9700
632.6800
628.7500
641.3300
642.8200
640.5400
642.2300
642.3500
642.0000
660.0100
668.6600
667.5400
672.8700
677.1400
675.5400
669.5100
677.1800
676.8000
678.6300
669.2200
677.2500
688.0100
681.6800
685.0900
681.0400
680.7200
699.4000
706.1500
700.7700
692.1900
690.8800
706.0400
709.6800
709.9800
718.2800
727.5000
728.1200
733.9900
749.3800
749.1600
753.4600
756.5000
754.5000
761.7800
756.9900
762.5000
768.0500
767.6500
757.8400
744.0900
744.5600
751.4800
744.7500
740.9800
744.7000
755.4900
695.0000
681.7900
678.6700
680.3500
677.3000
677.7600
675.1500
680.3000
687.5900
687.9200
682.9600
681.7200
667.1200
652.2900
663.0300
665.9000
659.0500
652.5500
647.2600
647.1800
668.2100
669.9700
665.8700
667.9700
661.1500
670.7100
683.6700
691.8900
698.3700
695.2500
691.0300
687.8200
691.1300
684.2100
685.4200
696.8800
697.5600
702.7000
701.9600
720.7800
721.0700
720.1100
722.3600
715.6300
709.5000
708.8700
706.2900
700.0100
707.3800
723.2500
723.6700
737.9700
734.7500
733.3000
738.1200
741.4800
739.9900
723.2500
724.9300
715.1900
711.3200
704.5100