61.7100
61.7300
62.0000
61.7800
62.0500
62.8100
62.8700
62.9500
62.7000
62.9000
64.0200
64.8800
64.1500
64.2700
64.6000
64.4900
64.6600
64.3700
64.2600
63.7800
64.2500
64.0000
64.1700
64.5000
64.5700
64.4800
64.6900
64.8900
64.8200
64.7000
63.8900
65.5900
65.5800
63.8100
62.9200
62.2700
62.2300
62.2100
62.6000
62.6800
62.9700
62.7800
62.7800
62.2600
62.1700
62.9600
62.8900
62.6500
63.5600
63.7600
63.4600
62.9500
63.0900
62.9500
62.8800
62.0500
61.4600
62.2000
62.5200
62.8800
62.4900
62.7500
63.2800
63.4200
62.8300
63.3600
62.1000
60.2900
61.9000
62.9800
62.9400
63.4100
64.2800
64.5500
63.4500
63.7700
62.7400
62.7700
63.8100
64.6200
65.6900
64.7800
65.7500
66.3800
65.7600
64.9900
65.2900
65.1300
64.5400
64.6800
64.7000
63.7600
63.3200
63.7100
60.8100
60.1600
61.5200
61.9300
62.3100
61.9600
61.9100
63.3100
62.5600
63.0000
61.0800
61.1400
60.1600
60.8600
60.7500
61.6000
60.8400
61.4800
60.7600
60.7800
61.4500
61.8400
62.5500
62.4600
61.0100
61.6600
60.3600
60.1500
58.5300
59.6500
60.2500
60.1700
60.5700
61.4900
60.9700
60.4600
59.3100
59.4500
59.5600
61.2900
61.1500
61.6100
62.8500
64.3700
63.8500
63.2900
62.8600
62.7400
63.5800
64.5800
64.3400
64.0300
63.2400
63.3200
64.8300
64.2300
64.7200
64.7700
64.2400
64.1300
64.0700
63.3600
63.4500
64.0200
64.8900
64.4600
64.1200
63.8300
63.6700
63.7100
63.3900
63.5100
63.0200
63.3100
63.1600
61.9800
61.1000
62.3700
62.2400
62.3900
62.2400
62.5000
63.0100
63.1600
62.0900
61.9200
62.3400
62.5300
62.1200
62.3400
61.8800
61.4700
60.9900
61.0300
60.8100
60.9900
61.0000
62.5600
62.5700
62.4200
61.8400
61.3200
61.3400
61.2900
61.3600
61.9700
62.0600
61.8700
61.5500
60.9400
61.4600
60.5900
60.8800
61.2400
62.5800
63.6000
62.8200
63.1200
63.9200
62.8600
61.7600
61.7800
61.3600
60.8600
60.3400
60.4100
60.3400
61.3300
61.8500
62.2500
62.9400
62.7700
62.7500
63.8400
64.3900
65.0900
64.6500
64.6400
64.2300
63.9900
64.0500
63.6500
63.4800
63.1500
63.0000
62.5100
63.3200
63.6600
64.0000
64.6700
64.1100
63.8200
63.1400
63.5600
62.7800
63.5800
65.1500
65.4000
65.6300
65.2100
65.1400
65.7200
65.6400
65.0400
65.3000
65.6400
65.3100
65.4200
65.4200