18.5500
18.8800
18.2700
18.0000
18.0600
18.1400
17.9400
18.1400
18.2600
18.2600
18.6400
19.3700
18.6300
18.6800
18.6300
19.0000
18.7800
18.9300
18.8300
18.9800
19.4500
21.5200
21.7100
21.6700
21.6800
21.2800
21.4100
21.5900
21.7200
22.3400
22.4000
22.4500
22.7200
22.8300
22.9800
23.5200
22.5700
23.0700
23.7100
23.3600
25.0500
24.4100
24.6100
24.2700
24.5200
24.8900
25.0000
25.0900
25.4500
25.4400
25.6400
25.3900
26.0800
26.1300
26.0600
26.2400
26.4600
26.8700
26.6800
26.2600
26.1000
26.1400
26.4400
26.0500
26.6500
26.4500
26.1200
25.2300
25.4800
25.9600
26.5600
26.4300
27.0200
27.6200
27.5000
27.8500
27.6900
27.1900
27.8900
28.4000
28.5300
28.5000
28.5300
29.1400
28.6700
28.2000
28.5700
28.0500
27.9100
28.1200
28.0000
27.3700
27.4300
27.1000
26.3100
25.7100
26.5100
26.4900
26.7600
26.9900
27.1600
27.7000
26.6700
26.5000
25.2600
25.4800
25.5300
25.6900
25.7000
26.2400
25.5600
26.0500
25.6200
26.4200
26.7300
27.0100
27.3300
27.6000
27.3000
27.3600
26.4800
26.5600
26.4200
26.3600
27.3600
27.5200
27.6900
27.9700
27.8800
28.1900
27.7000
27.1600
27.1800
27.9000
27.9700
28.4700
29.1200
29.4800
29.2000
29.1700
28.9200
29.2900
29.6500
29.9100
29.8200
29.4900
29.4200
33.1700
33.4600
33.7500
33.9400
34.6400
34.4200
34.2100
34.6300
34.6100
34.6100
34.3400
35.9900
35.3400
35.3200
35.3000
34.9700
35.1200
35.0900
35.1100
35.1700
36.1100
35.8200
35.8100
35.4500
36.0900
35.9300
35.4800
35.1300
35.5400
35.6500
35.2000
36.0500
36.0100
35.9300
36.1400
36.1900
35.8900
35.4600
35.2700
35.3800
35.7800
36.1000
36.1400
36.7500
37.1000
37.1000
37.2700
36.7000
36.6200
36.3400
36.1000
36.2800
36.9600
36.7900
37.1800
36.3700
36.1600
35.4700
35.5100
35.1700
35.4100
35.7200
35.6500
35.1100
35.3700
35.9400
35.2600
34.0700
33.6200
33.5000
33.6900
33.6300
33.2600
33.5900
34.4300
34.9000
35.1500
35.5000
35.6200
35.1500
35.8200
34.3600
34.4600
34.5100
30.9400
31.8100
31.9600
31.8100
30.8900
31.8200
31.4300
31.4700
31.4500
31.9100
32.0200
32.1600
31.7500
31.3700
31.3700
30.4000
30.6900
30.4300
31.0400
31.3700
32.0900
32.1000
31.2000
32.0100
31.8100
31.3500
31.7100
31.3900
32.4600
32.6100
32.8400
32.9600