95.3600
94.7400
94.5800
93.4200
94.6900
98.3300
99.7600
101.2100
98.9600
97.6800
104.3100
107.6800
108.7400
108.1900
108.8700
108.2700
108.5600
111.7700
109.7300
111.4700
113.4500
113.3900
117.5300
117.3900
115.9800
116.1500
115.8800
114.1200
114.5300
112.8700
113.1700
114.7400
115.9100
116.6300
114.3600
115.8000
115.8700
116.2300
117.1100
115.1400
121.1300
119.9600
118.6300
113.6700
116.4000
117.1700
117.2900
116.9900
124.5400
120.3700
123.0600
122.9300
124.3000
126.0200
125.9900
124.7400
126.1800
128.0700
126.3300
126.3600
123.7600
124.3700
124.9000
122.7100
119.9600
118.0000
117.0200
114.5600
115.9300
120.3900
115.0900
117.7300
116.8600
115.3300
113.6000
112.4400
111.7500
114.1100
113.9800
114.5600
114.4100
115.1500
115.3300
113.7700
111.5300
108.9900
110.0400
109.3700
107.2900
106.3200
102.1300
99.7700
99.8700
98.2000
97.0800
95.4900
96.5100
97.5300
98.0400
96.8600
96.7000
97.8600
94.6100
95.7000
92.6400
91.0000
92.2100
94.9600
94.0000
94.5400
92.8000
94.0400
92.7200
93.8200
95.6600
93.6300
96.3700
96.5500
93.9000
93.6300
91.2200
91.0300
93.2700
93.4900
95.8600
97.1300
98.6000
95.9200
95.4700
94.4700
94.2500
95.1300
94.0200
97.4300
97.6800
97.9800
96.5100
95.0000
94.1600
93.1600
94.4700
95.9600
98.0600
101.6400
100.8800
100.9000
100.0900
97.8100
100.9800
102.0200
103.2400
102.5000
103.6000
103.0200
103.6100
103.2600
103.1300
103.4900
103.6000
105.2800
105.3200
104.6700
104.0800
104.9600
105.1200
105.0300
105.5300
104.7200
105.7200
106.4100
109.9400
113.5400
116.3300
114.6800
116.6900
118.2400
120.6700
121.3600
119.9000
119.8800
119.0200
117.6300
116.7200
116.6000
113.5000
113.0800
115.2300
113.6800
116.8600
117.2500
117.9100
119.9000
119.3100
119.4600
119.6300
120.0800
121.9900
120.2000
124.5000
123.2200
124.9200
125.1500
123.6200
122.7700
119.0000
119.7700
119.7200
119.4400
122.3900
124.8500
123.2500
124.0800
126.2500
117.9800
115.2700
116.1500
117.2400
116.4700
114.2400
115.4400
115.8400
118.3000
118.0900
117.7000
120.3100
120.9400
118.4100
119.3300
118.7300
117.7900
118.4000
116.5800
117.1300
117.2000
116.5700
117.0100
118.8600
118.0900
118.5000
119.3600
123.4900
127.7700
127.2500
129.7200
128.4400
127.5400
127.1600
126.6700
125.5200
127.5600
131.6600
130.9400
134.5100
134.2600
133.0500
134.3200
137.3700
137.1300
136.1300
135.5900
141.0900
141.0100
144.4500