14.5700
14.7300
14.9100
15.1500
15.2800
14.0100
13.7800
13.8400
13.5000
13.3600
13.4900
13.7600
13.6500
13.5400
13.6900
13.5800
13.4500
13.5000
13.3100
13.0000
13.2800
13.2800
13.8600
13.9800
14.0100
13.9500
14.1600
13.8800
13.9700
13.2500
13.1000
13.1900
13.4200
13.4800
13.1500
13.2300
13.1100
12.9400
12.9500
12.8600
12.8600
13.1200
12.7200
12.2500
12.2100
12.3700
12.3800
12.1500
12.3400
12.3200
12.3500
12.1600
12.1500
12.0800
12.0800
11.7700
11.9100
12.0100
11.8600
11.4600
11.3800
11.2200
11.3900
11.2000
11.0700
11.0200
10.6800
10.3900
10.6400
10.9600
10.5900
10.4100
10.5700
10.7500
11.1700
11.2400
11.2700
11.1900
11.6000
11.9300
11.3200
10.9800
11.2800
11.1400
10.9000
10.8400
10.8800
10.8400
10.4100
10.3000
10.5500
10.6000
10.1900
10.6900
10.2200
10.0400
10.4100
10.6100
10.5200
10.4200
10.5900
10.9600
10.3500
10.4500
9.8700
9.4400
9.5400
9.9600
10.2800
10.4900
10.1600
10.4800
10.4200
10.6200
11.0200
10.9200
11.5300
11.6500
11.2100
11.4600
10.9800
11.0900
11.4300
11.6000
11.8100
11.4200
11.4400
11.6200
11.0900
10.9900
10.8300
10.5700
10.2400
10.2400
10.1100
10.1600
10.1600
10.0900
9.8100
10.0400
9.8000
9.7400
9.8900
10.5700
10.3700
11.4500
11.5100
11.0300
11.1600
11.2600
11.5200
11.6300
11.6900
11.7400
11.8200
11.6500
11.6400
11.7700
12.0400
12.1300
11.9900
11.8600
11.8600
11.8800
11.6900
11.5800
11.8700
11.7800
12.2000
12.1200
12.5400
12.9800
13.1600
13.1200
13.0600
13.0200
13.2800
13.5100
13.1600
12.9500
13.4800
13.3800
12.7300
12.7800
12.1700
11.9900
12.4600
12.1900
12.3000
12.3900
12.4200
12.7300
12.7400
12.5600
12.6200
12.3300
12.4400
12.2800
12.4000
12.5700
12.7900
12.7300
12.3900
12.5400
12.3000
12.2600
12.3000
11.0200
11.4100
11.6400
11.6000
11.6600
12.0700
11.7700
11.6500
11.5300
11.6100
11.2900
10.9900
11.1900
11.1600
11.2900
11.4100
11.6100
11.8300
11.8300
11.6700
11.9000
12.3400
12.6000
12.5800
12.7600
12.8000
12.7400
12.7800
13.0900
13.1700
13.1400
12.8600
12.9500
13.0800
13.5600
13.3000
13.1400
13.0800
13.0300
13.1700
13.4200
13.2900
13.8100
14.0100
14.0700
14.3500
14.1000
14.0600
14.3600
14.1300
13.7800
13.9400
14.0100
13.8500
13.8800
13.8100