185.5900
187.8700
190.2000
190.3400
191.1300
191.2600
193.0000
194.0800
196.7000
200.4500
202.1000
202.1000
200.6500
202.6500
203.5100
195.1700
192.6000
193.1800
193.8200
190.7400
193.3700
196.3100
203.0600
202.8100
201.8500
201.7500
201.5400
200.1600
208.4600
209.1000
207.8300
208.8800
208.8800
206.8200
206.3400
207.9700
207.2900
210.1800
209.0400
207.7300
207.8200
208.1000
208.9600
205.5400
206.1200
207.5600
211.7700
213.4300
216.4500
216.1100
216.4800
214.0900
212.6800
212.1900
214.7100
213.6100
214.7200
218.0000
219.3600
216.2700
217.5500
214.8100
218.1900
219.4800
217.4300
217.2700
213.8000
207.6200
211.6100
214.0000
213.1800
215.5900
215.6300
216.7500
213.2600
219.9000
211.2400
204.0100
208.4400
209.4600
212.8300
207.8200
207.8300
209.0300
205.6600
201.7500
204.7000
203.2700
201.7600
202.4000
194.5700
191.2500
191.7700
191.7700
188.4000
186.2300
188.9900
193.5700
195.4500
194.8400
193.9000
196.3400
195.6600
193.6500
188.2500
187.5000
177.9500
182.3800
185.7400
189.9800
180.8800
181.5800
177.2200
177.1000
180.5200
181.3800
189.0200
189.4000
184.1600
186.8100
183.7400
183.4500
184.6100
182.4500
191.2400
190.1000
193.3800
191.8700
187.7700
188.0300
184.5500
179.0200
185.4300
189.7600
188.0900
188.9700
210.5700
205.7200
204.8000
204.2400
198.7500
199.2200
202.2600
207.7600
207.5500
204.8300
203.0100
201.2700
205.2900
206.5500
208.2200
206.4700
204.5100
200.7400
201.2800
201.2000
202.3900
206.1000
207.2800
205.8000
203.6200
205.0600
204.1300
204.9900
206.3400
205.9800
204.4100
204.2700
205.9600
209.2500
203.4400
203.6500
203.7400
202.9900
203.6700
206.7800
205.9200
206.0100
206.1300
204.8500
203.7500
204.2600
203.0300
203.5200
206.6600
207.2400
207.8400
208.3700
211.1100
212.7600
212.1200
213.7600
215.4900
213.6200
210.9900
209.5700
216.7200
214.6300
215.8600
209.5800
209.2700
209.6000
205.8000
205.3200
204.2200
199.3700
199.6300
197.4800
201.4100
200.5200
201.0600
202.4900
203.0800
198.4400
195.2500
194.6100
193.4200
192.8000
188.7700
187.0800
187.8300
191.2000
191.5400
190.3900
191.5100
190.4200
190.6400
191.5900
194.0000
194.0200
192.4100
192.0800
192.2100
190.6200
191.0900
193.0500
193.8100
192.0900
190.4900
190.2600
191.6600
195.1600
197.9500
196.9400
200.0000
199.4400
198.8800
200.5200
198.2000
202.3700
207.7300
207.0700
208.4200
207.1200
203.6600
205.0600
203.7500
204.6300
206.9900
208.0700
208.1900
210.3400
210.2300