34.1500
35.1200
34.5600
34.9800
35.3800
36.3300
35.3800
34.7300
33.9400
33.8600
34.9900
36.2500
36.2000
35.4400
36.3600
36.4100
36.1600
37.1000
36.6700
36.7800
36.6400
36.5400
36.8300
37.4000
37.0000
37.0200
36.7700
36.0600
36.1400
35.7000
35.2300
35.6400
36.2900
37.0300
38.2400
38.2100
38.5100
37.7500
37.6800
36.5900
36.5000
36.0500
35.0700
34.1300
34.2100
34.7800
34.8800
34.7000
35.3400
34.1800
33.9100
34.5400
35.0000
34.7600
34.1300
32.9800
33.4200
33.6500
32.8300
32.4800
32.7700
33.1900
33.4500
33.6000
33.0000
32.7700
32.3800
31.9900
32.1300
33.1800
32.4100
32.0600
32.6600
34.1700
33.9800
33.2900
32.9500
33.3800
33.5400
33.4500
33.2400
34.2200
35.0300
34.4900
34.0600
32.5300
32.4200
32.6900
32.4200
32.3100
31.8300
31.5800
30.5800
30.2000
30.0000
29.9300
31.1700
30.7800
31.3200
31.4100
31.3700
32.0100
30.3600
30.0600
29.9700
29.5200
29.1200
28.1000
28.1300
27.9600
27.5000
28.1300
28.2200
28.6800
29.4500
28.9600
29.3900
29.5700
28.3500
27.8000
26.9800
26.7000
27.2100
27.6900
28.3900
28.6000
29.9400
29.5600
29.3000
29.0000
28.3600
28.5300
28.4100
28.8000
29.0000
29.4000
30.1700
30.2100
30.7700
31.5100
31.5500
31.3000
32.5600
33.6200
33.5500
33.1300
33.4100
32.8600
33.7600
33.8200
34.3900
34.6200
35.0500
35.1900
35.0400
34.8500
34.5800
35.3000
35.1200
35.0000
35.1600
34.6700
34.1500
34.2700
34.4500
34.0800
33.5100
32.8100
32.7600
32.1500
32.4100
32.9600
34.2400
34.2700
35.3500
35.7300
36.4400
37.4400
37.2200
36.5700
36.4100
36.1300
35.8400
35.4900
34.7700
33.9200
34.2200
33.6900
33.6700
34.0700
33.0100
33.9700
33.4200
33.6300
33.8700
33.5000
33.9700
33.8000
33.8400
34.5600
35.3200
35.6500
34.9800
34.5600
33.4700
32.7100
32.9200
32.4000
32.2900
32.6800
32.1100
32.2900
32.7600
31.7100
30.4800
30.5600
30.6500
30.3900
29.9500
30.3600
30.4600
31.7100
31.7100
31.7000
32.0800
32.0400
32.0400
32.4100
32.9200
33.3500
33.0800
33.0600
33.5000
33.5800
33.7800
33.6600
33.9900
34.0500
33.5100
33.3900
33.5400
34.8000
34.6100
35.1300
34.7100
34.5200
34.7100
34.6000
34.0100
34.6900
35.7100
36.3100
36.6500
36.6500
36.1900
36.4800
36.9000
36.6200
35.9100
36.1800
36.2600
36.3000
37.5000