38.7700
38.5400
39.4900
39.5200
39.8700
40.5700
40.8800
41.0700
40.3900
41.4700
42.7600
44.5000
43.8500
43.8800
44.0000
43.9900
44.0000
43.6000
42.9600
42.2000
43.7600
43.9200
44.7100
44.5100
46.2300
48.0600
48.8500
49.8500
51.0500
50.6400
49.3800
50.2800
51.1100
50.7500
50.1000
50.7000
49.9500
50.0400
49.6700
49.1300
50.1000
48.8000
47.2700
45.9600
46.0000
47.4900
48.0300
48.0300
49.1400
48.9700
48.7500
48.1800
48.4800
47.5300
47.6300
46.5200
47.1600
48.1600
47.2800
46.6700
46.7400
46.8100
47.6200
48.0500
47.2600
47.1800
45.6900
43.8500
45.0300
45.9400
44.6800
44.6400
45.6700
45.5300
45.7400
45.9500
45.5100
45.7700
47.0000
48.3600
47.2600
49.5800
49.8200
48.9500
47.1700
45.5200
44.2500
43.5400
42.5200
42.0800
42.8200
41.6700
41.1600
40.3700
39.2800
38.9100
39.8000
40.8200
40.9400
41.7000
40.5900
41.6200
39.2200
39.2200
38.0100
38.2900
38.9400
40.2500
39.6500
40.0900
38.0000
36.5300
35.7300
35.7000
37.2300
36.4000
37.2000
37.3800
37.1000
37.3600
37.1000
37.5800
37.4500
37.8500
39.6000
39.6500
40.7900
40.7500
39.3500
38.9500
38.1500
38.0600
37.5000
38.0300
37.5600
38.1400
39.4400
39.9300
39.4500
37.7100
37.2200
36.9900
37.7600
40.8900
40.9200
40.3500
40.0000
39.1000
40.3500
41.2700
41.9900
42.1900
42.5100
45.6800
45.6600
44.7500
45.0600
45.8700
46.5400
46.0800
45.9100
45.6100
45.0300
45.4500
45.7400
45.7200
45.8700
45.6500
46.0300
45.4700
45.2400
47.4200
48.0400
47.4700
47.7800
47.7900
48.3100
49.3800
48.9600
48.5500
48.7800
48.7100
48.7900
48.3700
46.8900
45.9700
46.8200
46.1600
47.2400
46.0300
45.8600
46.3200
46.2700
45.9000
44.4200
43.2800
43.1200
42.8100
43.0800
44.4400
44.3800
44.7500
43.7800
43.7900
42.8800
42.3600
42.6300
42.1400
41.9300
43.4400
42.3100
42.0200
42.1300
40.6600
39.1100
39.0600
38.4300
38.4000
38.0000
37.5000
37.3500
37.5700
38.5500
38.3100
38.8900
38.5900
38.4200
38.6800
39.4200
39.5600
39.5800
39.8400
40.0600
39.9900
40.7500
41.1100
41.4800
41.8300
41.1900
42.0800
42.4900
43.4000
43.5200
43.9400
43.8500
43.7700
43.3900
43.5100
43.3200
44.6400
45.8600
45.9500
46.2300
47.5300
47.5900
49.3200
49.8700
49.9000
50.1400
50.1400
49.9900
50.0900
49.6200