32.1400
32.5700
32.6400
31.9000
32.4800
32.9100
33.2500
33.0900
32.6900
33.1000
33.0700
32.7500
32.7500
33.8800
34.2700
35.0100
34.9000
35.0600
34.4600
34.9100
34.9000
35.1400
35.8600
36.6600
36.4100
35.7300
36.5900
36.8400
36.7000
36.5800
35.4800
35.9300
36.1800
35.6500
34.5200
35.1000
34.8600
35.3800
35.2600
35.3200
35.4000
35.2100
35.6500
34.6500
34.5800
34.8600
35.1800
35.4100
35.6800
35.4600
35.5100
35.4500
36.3500
36.0300
35.7400
35.9300
36.3800
37.1000
37.3400
37.2200
37.1400
36.7200
37.2900
37.3400
36.9500
37.0000
36.1700
35.5600
36.0300
36.2600
36.1800
35.7600
36.5900
36.3300
35.7800
35.9200
34.0400
35.1300
35.6300
36.4900
36.6800
36.7400
36.8800
37.0400
36.9800
36.0900
36.3500
35.9300
35.3400
35.4800
35.6800
35.1000
36.0000
36.1500
34.7300
34.2400
34.4100
34.4700
34.6500
34.5900
34.9100
35.5200
35.2900
35.4200
34.9600
34.5400
34.4600
34.8800
34.8700
34.5000
33.8600
34.3200
33.8500
34.0600
34.5000
34.4500
34.7800
34.5400
33.9500
33.8700
33.1600
32.9700
32.2700
33.0300
33.8700
34.1300
33.8600
34.3700
34.1700
33.9800
33.6600
33.4800
32.8800
32.9100
32.3500
33.2600
33.2700
33.7200
33.8400
35.1900
34.9600
34.7100
35.3300
36.2600
36.3100
35.8200
35.6800
35.3600
36.0700
36.4600
36.8000
37.0400
37.3700
37.5600
37.5800
37.6400
37.7200
38.2400
38.2400
38.1200
37.9900
37.7500
37.2900
37.4900
37.6700
37.5000
37.5000
37.4000
37.5100
37.2000
37.1300
37.9500
37.6400
37.8500
38.5600
38.8600
39.0700
39.9600
38.9600
38.6800
38.4000
38.2000
38.0100
38.1000
37.5300
37.3100
37.6500
38.1700
37.9100
37.8000
37.4100
37.4600
37.7600
38.2200
37.5700
37.3200
37.8100
39.3000
37.7500
38.3800
38.9600
39.0500
39.0500
38.3900
36.7800
36.8500
36.5700
36.3500
35.9900
36.3300
35.5800
36.1700
37.7900
37.2100
37.2500
37.2200
36.9500
36.9800
36.4800
36.3400
36.4500
37.3900
37.2600
37.6800
38.2500
38.3200
38.3000
38.5400
38.6000
38.4600
37.7000
37.3200
37.0000
37.2200
37.4600
37.6000
38.0100
37.7700
37.2000
36.9700
36.7500
36.7200
36.5700
36.6000
36.0400
35.8900
35.3900
35.5600
35.3100
35.9000
35.8200
36.1200
35.7400
35.3500
35.3800
35.6800
37.0700
36.8900
36.5600
37.2100
37.5700
37.9400
39.0100