5.6300
5.6800
5.7900
5.8000
5.8600
5.9000
5.9400
5.9700
5.9700
5.9900
6.0300
5.7900
5.9200
5.8200
5.8200
5.9400
5.6400
5.7000
5.6600
5.7200
5.7700
5.7800
5.8900
5.8400
5.9300
6.0500
6.0300
5.9100
5.9000
5.7900
5.8000
5.9300
6.0900
6.0100
5.9500
6.0100
5.9100
5.8800
5.9900
5.8500
5.9000
5.8800
5.7200
5.5600
5.7000
5.8000
5.8600
5.8100
6.0900
6.2400
6.4500
6.4300
6.4900
6.4900
6.4100
6.3500
6.3000
6.4100
6.3500
6.4600
6.4000
6.4500
6.5600
6.5000
6.5000
6.4200
6.3400
6.1600
6.3300
6.4300
6.2200
6.3300
6.3500
6.4000
6.4500
6.5500
6.4300
6.5400
6.6600
6.6900
6.7300
6.6900
6.7700
6.7200
6.6500
6.4900
6.6000
6.5600
6.4200
6.5000
6.5400
6.3800
6.4000
6.3700
6.2200
6.1600
6.2300
6.2600
6.3500
6.4900
6.4600
6.6100
6.4300
6.5400
6.1100
5.8400
5.9000
6.1000
6.1000
6.2300
6.0700
6.2200
6.1300
6.2100
6.3000
6.2800
6.3300
6.3100
6.2200
6.2800
6.1500
6.1900
6.1600
6.1900
6.4000
6.4800
6.5100
6.4200
6.3800
6.4000
6.3500
6.4600
6.2800
6.4800
6.5200
6.6200
6.6000
6.5500
6.3300
6.2000
6.3000
6.2800
6.4100
6.4000
6.3100
6.2200
6.2300
6.1600
6.3200
6.3500
6.3600
6.3700
6.4000
6.4500
6.4500
6.4400
6.4700
6.4700
6.5200
6.4800
6.4600
6.5100
6.5400
6.5500
6.5200
6.5500
6.6200
6.5400
6.5900
6.5700
6.4900
6.6100
6.7000
6.6900
6.8100
6.9500
7.0500
7.2000
7.0700
7.0500
7.0400
6.9800
6.9400
6.9700
6.8200
6.8100
6.9000
6.9000
6.9300
6.9100
7.0200
7.2000
7.1900
7.1500
7.1000
7.0800
7.1500
6.9300
6.9900
6.9000
7.0500
6.6100
6.4500
6.4600
6.3500
6.2800
6.3200
6.3300
6.4000
6.3700
6.3500
6.3700
6.5700
6.2100
6.1500
6.1600
6.1700
6.0900
5.9300
5.9000
6.0100
6.1100
6.1400
6.1100
6.2300
6.3100
6.1700
6.1600
6.1600
6.1700
6.1200
6.0100
6.1000
6.1600
6.1800
6.2400
6.2600
6.2500
6.1700
6.1600
6.3100
6.4000
6.4000
6.3900
6.3700
6.3300
6.3400
6.3400
6.2800
6.3900
6.5700
6.6500
6.6900
6.7000
6.6500
6.5800
6.6700
6.5900
6.5900
6.6400
6.7200
7.0000
7.0000