6.4500
6.7000
6.6700
6.8300
6.9800
7.2400
7.2600
7.1200
7.0100
6.8700
6.8800
6.8200
7.1000
6.9800
7.1000
7.2400
7.0200
6.8300
6.8600
6.7300
6.8900
6.9100
7.1900
7.0900
7.0300
7.0100
6.9600
7.0200
6.9700
6.8800
6.8800
7.0200
7.0100
6.9400
6.7800
6.9300
6.8900
7.0100
7.0300
6.8500
6.8300
6.8200
6.6900
6.5000
6.6200
6.6100
6.7900
6.7300
7.1800
7.1200
7.4200
7.4900
7.4400
7.5400
7.4000
7.2100
7.3000
7.3400
7.2700
7.4600
7.3800
7.3200
7.3500
7.2900
7.1100
7.1100
6.9500
6.6900
6.7500
6.8800
6.6400
6.6700
6.8100
6.7000
6.6500
6.6600
6.6700
6.8700
6.9700
7.0700
7.1600
7.0600
7.0000
6.8800
6.8700
6.7700
6.9200
6.7900
6.6400
6.6700
6.4700
6.2600
6.2300
6.1300
6.1200
6.0800
6.1200
6.2400
6.3100
6.2700
6.3300
6.3600
6.1500
6.2000
5.8800
5.8800
5.9400
6.0100
6.0200
6.0400
5.8100
5.9300
5.9400
6.1000
6.1600
6.1300
6.2500
6.3800
6.2500
6.3400
6.0200
6.1500
6.3600
6.2400
6.3700
6.3300
6.3900
6.3100
6.2400
6.0700
6.0500
6.1200
5.9300
6.1500
6.1000
6.1600
6.1400
6.0200
5.8700
5.7700
5.7400
5.8500
5.9000
6.0200
6.0500
6.3500
6.2800
6.1400
6.3400
6.3200
6.4800
6.5400
6.5700
6.6100
6.5800
6.5500
6.6400
6.6800
6.6500
6.6600
6.5700
6.5700
6.4300
6.4400
7.4500
7.2600
7.2900
7.2300
7.1900
7.2500
7.3900
7.4600
7.5500
7.5400
7.6800
7.6700
7.8200
7.9400
7.8800
7.8600
7.8500
7.8500
7.9100
7.9700
7.9200
7.8200
7.8600
7.9500
7.9600
7.9600
8.0500
8.1600
8.1900
8.1300
8.0600
8.1900
8.1800
8.0000
8.0900
8.0900
8.5600
8.7500
8.6400
8.7000
8.6200
8.6600
8.6900
8.6200
8.4900
8.6200
8.5700
8.5100
8.6400
8.2500
8.2100
8.0300
8.1100
7.9400
7.8500
7.8600
7.9500
8.0300
8.0500
8.0300
8.1600
8.0700
8.0600
8.0400
7.9500
8.0600
8.0100
7.9100
7.9800
7.9900
7.9900
8.0600
8.0400
8.0200
8.0400
7.9900
8.1500
8.2400
8.2200
8.2700
8.1600
8.0900
8.1000
8.0700
8.0400
8.1300
8.3500
8.3900
8.5300
8.5000
8.5000
8.5300
8.6100
8.5800
8.5400
8.5700
8.5500
8.5800
8.5900