55.1000
53.7700
54.2400
54.2300
54.4600
55.3200
55.5000
55.2500
55.5300
55.7000
55.7200
55.1400
55.1000
55.1500
55.4700
56.6400
57.3300
57.2500
56.8200
57.2100
57.1800
57.2300
56.8900
56.9100
57.3100
57.3600
57.0800
56.4500
57.1900
56.6400
56.2400
55.6200
55.4600
54.1900
53.4900
54.3800
54.3000
54.7100
54.2200
54.4400
54.9600
54.6800
55.1000
54.0600
54.2000
53.9300
54.3500
54.4900
55.1700
54.5600
54.4500
54.8100
54.9600
54.7400
54.3500
53.6500
54.0800
54.4400
54.8100
54.8900
54.4100
54.9600
54.9100
54.4200
53.5500
53.4600
53.2600
52.4000
53.0700
53.6800
53.2200
53.8500
54.2000
53.8100
53.9500
54.7200
54.1200
55.0600
55.9900
56.6400
56.7200
56.7000
57.4700
56.8700
56.9800
56.2100
56.6500
55.9000
55.9900
56.2400
56.2800
55.8300
55.5700
55.0800
54.2200
53.8900
54.9300
55.1000
55.4600
55.6300
55.2200
55.9000
54.7300
55.4700
54.2400
53.8200
54.5400
55.5100
55.2000
55.9600
55.0700
55.4100
55.8200
56.5900
56.8000
57.6200
57.3000
57.0000
56.4200
56.5000
56.3500
56.4000
56.5900
57.4000
58.3000
59.0700
59.1800
58.5100
59.0100
59.4700
58.6500
59.1500
59.5600
60.6100
60.9500
61.5400
60.8500
60.7500
60.4700
60.8500
60.8500
60.8700
61.0500
61.8300
62.2400
62.2300
61.9200
62.1900
61.2000
60.6000
59.2100
59.0800
59.7900
59.6600
59.5000
59.5000
59.6100
60.1700
59.9500
59.8800
59.7500
58.1400
57.2200
58.1400
58.3700
58.2200
58.2700
58.3100
58.4400
58.9900
58.8600
59.2000
58.6600
58.0000
58.4500
58.4300
59.3600
58.5000
58.2100
56.6900
57.2500
57.2700
57.7400
58.0300
57.1300
57.6800
57.6900
57.7400
57.5100
58.6100
59.5100
59.5800
59.6300
59.6500
59.5900
59.5000
59.3900
59.0400
59.7000
59.9700
59.3100
60.5300
59.7700
59.8300
59.0000
58.9000
58.7500
58.2600
59.4300
59.3700
59.1000
58.3500
58.6700
59.2500
58.6500
58.6400
58.9400
59.3700
58.8200
58.7800
59.5600
60.0800
60.4500
59.8700
60.2600
59.9300
59.2900
59.0500
59.0100
58.8900
59.2800
59.2600
59.0400
59.5900
59.7500
59.7000
59.8300
59.5300
58.7300
58.2500
58.5300
59.2700
59.1600
60.2500
60.5000
60.5000
60.4200
60.7300
60.8300
61.2900
61.1300
61.4000
61.7300
61.5600
61.6800
61.4900
61.9900
61.9300
61.9400
61.8100
61.5300
62.0700
62.0300