41.8800
40.3600
40.4500
40.3400
40.4000
41.1000
41.0900
40.8100
41.1100
41.5600
41.6400
41.3800
40.8500
41.2000
40.9900
41.3500
42.0300
41.9200
41.6400
42.0300
42.0800
41.2200
41.7400
41.6700
42.3800
42.5000
41.9000
41.3800
41.7000
40.9900
40.1300
40.0700
40.3800
39.3100
38.9900
39.6200
39.0800
39.4800
39.4700
39.5000
39.7800
39.6300
39.5900
39.1600
39.4300
39.0500
39.0300
39.8800
40.8300
40.5800
40.3200
40.2100
40.6600
40.4900
40.4400
39.5000
39.5300
39.6900
39.9000
39.8200
39.5600
39.4600
39.7900
39.2900
38.8300
38.6200
38.3400
37.8700
38.5000
39.0800
38.9300
39.3300
39.5800
39.2600
39.0700
39.6000
39.4800
40.0400
40.7500
41.3600
41.3300
41.4500
41.5000
41.4700
40.7700
40.7100
41.1400
40.9100
41.0400
41.3600
41.4400
41.2600
41.1600
40.8700
40.3500
40.0000
40.6700
40.8200
40.8700
41.3000
40.9800
41.4400
40.5700
40.8400
39.6100
39.3200
40.0800
41.0400
40.7400
41.7100
40.8600
41.2200
41.3300
42.5500
42.8800
43.6200
42.5900
42.7600
42.4300
42.4500
42.5600
42.6300
42.8500
43.3000
44.1500
44.5500
44.6500
44.0900
44.4100
44.5700
43.8300
44.2600
44.7500
45.4000
45.4200
46.0400
46.0500
45.6300
45.1900
45.5000
45.7800
46.0700
46.4400
47.1700
47.1400
47.2100
46.9400
46.3000
46.4300
46.2800
45.5500
45.5000
45.5700
45.4500
45.4100
45.4000
45.3000
45.2900
44.9900
45.2000
45.2800
45.3100
44.4000
44.8300
45.0000
45.2500
45.1800
45.6300
45.8600
46.3000
46.4200
47.0300
46.6400
46.2800
46.7300
46.7200
47.0000
46.4200
46.4000
45.3000
45.1700
45.0700
44.9300
44.9400
44.2200
44.3300
44.4800
44.4800
44.3500
44.9000
45.3100
45.2600
45.5100
45.4300
45.4300
45.5000
45.2700
45.1800
45.5200
45.9200
44.6900
45.4300
45.0800
44.9100
44.5900
44.8000
44.2900
44.0200
44.3500
43.4200
43.8900
43.4900
43.9800
44.3300
43.9700
44.1500
44.3600
44.7500
43.8600
43.7800
44.5600
45.2900
45.6300
45.3700
45.6900
45.7900
45.1000
44.9700
44.9700
45.0500
44.9700
45.0000
44.8200
45.0400
45.3700
45.3700
45.4000
45.2100
44.4900
44.1900
44.1400
44.7100
44.5100
45.0000
44.7800
45.1200
44.9400
45.1400
44.8400
45.1600
45.5400
45.6000
45.7800
45.5000
45.6800
45.5800
45.9500
46.0000
46.1200
46.1600
45.9700
46.2500
46.4800