42.1400
42.7400
43.0900
43.2000
43.2300
43.5300
43.4600
43.3900
43.5100
43.7400
44.8800
45.4100
44.5100
44.8800
44.9600
45.2600
44.9500
44.8700
44.7700
44.3900
44.4700
44.4600
45.1700
45.2000
45.4600
45.1700
45.2700
45.3300
45.9300
46.0600
45.7100
45.9300
46.7100
46.9200
46.5700
46.9500
46.9800
46.9300
47.2300
47.5700
47.4600
47.4100
47.3900
46.3900
47.3900
47.8200
48.1000
48.5900
49.1400
49.4700
49.2000
49.0500
48.8300
49.3800
49.7900
49.6800
49.5400
50.1300
50.0400
49.9100
49.9100
50.3100
49.9900
50.0000
49.8500
50.6200
50.5800
49.3600
49.7500
50.6300
50.9600
51.6900
52.0300
51.8100
51.5600
51.4600
51.1000
51.2300
51.9100
51.8700
51.9500
51.7900
52.3200
52.7100
52.4700
51.9600
51.3900
50.6200
50.1100
50.6200
50.3400
49.8800
48.6700
48.7700
47.0200
47.0500
47.6100
48.2600
48.7400
49.7100
49.4400
49.7800
49.7100
49.3400
47.9600
48.7600
48.9200
50.6000
51.2400
52.3500
51.3500
52.2400
50.9700
52.1600
51.8700
52.3200
52.9700
52.8300
51.2600
52.0200
51.5200
51.8800
51.5500
51.6900
52.9900
53.0100
51.6500
52.1100
52.1500
52.1200
52.2200
51.6700
51.5500
52.0900
51.4500
50.7200
50.9100
50.9600
50.7000
50.9600
51.1700
51.0700
52.9100
53.7100
53.2500
52.1800
51.6800
51.3900
52.2900
52.0000
52.4000
52.7900
53.1500
53.0600
52.8200
54.7100
55.0000
56.3100
56.7300
56.5700
56.3200
56.6400
56.5500
56.9600
56.6700
56.5300
56.8400
56.6200
56.7500
56.7900
56.5400
57.6500
57.2600
57.3000
56.7200
57.0500
58.3000
59.4600
58.9100
58.8600
59.4700
59.2800
59.4200
59.3900
59.7200
59.1700
59.8800
60.3700
60.5700
60.3300
61.7700
61.7400
63.2000
61.8800
60.9500
59.7400
59.0100
59.5600
60.6500
60.8600
61.3900
61.8000
61.8900
62.0400
61.7500
61.2800
60.4800
60.0400
61.3800
62.2600
62.0200
62.3800
62.6200
61.9900
60.8600
60.9600
61.1600
63.3800
61.4700
61.2500
62.1200
63.3300
63.8200
64.0900
64.8200
64.6700
64.1600
64.8300
64.2400
65.0700
64.9800
64.2400
64.0200
64.3400
64.4500
63.0400
62.8900
62.9300
62.4100
62.0600
63.3100
63.0000
61.7700
61.9700
61.3200
61.5700
61.1400
61.0700
60.6500
61.8500
63.4800
63.3000
63.1800
62.8400
63.2200
63.1700
63.6200
63.7000
63.4800
63.9500
63.8600
65.0500
65.4700