58.4000
59.0000
57.6000
56.4200
56.9000
58.5600
57.9400
57.0100
56.5500
57.3900
59.6700
61.1900
61.2700
61.6500
60.3200
57.3100
54.9900
55.2600
55.1500
56.3000
56.7300
57.8100
60.3800
61.1200
61.1800
60.4600
63.2500
61.8200
62.2600
61.9000
64.1300
64.8800
65.1500
65.5000
65.2300
66.3800
67.0000
67.0000
65.8600
64.9200
66.1600
65.4300
64.7000
63.5000
64.1400
64.5600
63.0400
62.6700
63.0100
61.7700
61.4900
62.5500
63.2700
61.6900
61.2200
59.2200
59.8600
60.1400
59.6700
58.6300
58.4300
58.9500
59.5500
58.9400
58.5800
57.8700
56.7400
55.4500
55.4700
56.6600
55.2800
54.2600
55.5700
55.1500
55.2500
55.0700
54.1200
55.0400
51.1800
51.7500
51.5400
52.1400
54.0300
54.0400
52.4000
50.9400
50.3400
49.8500
48.6500
48.5500
47.9500
46.6300
45.3200
44.2400
45.1500
44.6000
46.0400
45.7700
46.6300
46.5100
46.6900
47.4200
45.3800
43.7000
42.6500
42.6800
43.0100
45.1000
44.7600
44.7200
43.9800
43.9300
43.1300
43.9500
44.8000
43.7100
44.3300
44.2100
40.9700
41.0000
39.9500
39.9900
41.0000
41.1200
43.4500
43.4600
45.3000
44.2900
43.3200
43.3100
42.3000
43.6800
42.6000
43.2900
43.5000
44.1000
44.9000
44.9900
45.4000
44.4100
43.9300
45.4600
47.5600
48.3600
48.1800
47.1600
47.8000
46.5200
47.7100
48.2800
49.4200
50.0300
49.5900
49.6800
49.0900
49.5800
49.2300
50.0100
49.3100
50.4900
50.4700
50.4500
49.7800
50.1900
49.8700
50.8400
50.5400
49.6800
50.5300
49.6500
49.3100
50.8200
52.9000
53.1300
54.5900
54.7800
55.6000
56.0600
55.4900
55.5000
55.1000
55.4400
55.6400
54.7800
53.6000
52.4000
53.7700
53.7200
53.9500
53.5000
52.6400
53.9800
53.5600
53.6300
53.7300
52.6100
53.3300
53.2800
52.9400
54.9900
55.6200
55.3200
54.2800
54.5100
52.3700
52.5300
53.9000
53.2400
52.2600
52.6500
53.3900
54.9000
55.5200
53.1200
52.2000
50.7300
50.5700
49.9600
49.5300
48.8900
48.9100
50.4900
49.5500
50.1000
51.1200
49.9000
49.3800
49.8500
50.5000
49.6100
49.5700
48.8700
49.4700
49.1100
49.6900
50.0200
50.5700
52.0200
51.8400
51.3800
52.2500
54.0500
53.0400
53.4600
53.3900
52.6400
52.3200
52.4500
51.2800
52.9600
53.7100
54.2000
55.0200
55.8400
55.4100
55.6000
56.6100
56.2500
56.4200
56.6700
57.0300
57.3000
57.6600