16.8100
16.5600
16.7000
16.3700
16.6900
17.6500
17.8900
18.2100
17.8200
17.6500
18.1100
18.3400
18.5300
18.6300
18.6000
18.2000
17.5600
17.5700
17.4600
17.5200
18.2100
18.5200
19.3700
19.3300
19.1200
20.5800
20.4200
19.9000
20.2300
19.8100
20.2700
21.1900
21.6500
20.9600
20.1100
20.6000
20.4800
20.4900
20.6300
20.7100
20.6600
20.4200
20.1300
19.3500
19.4900
19.9200
20.0700
20.0500
20.8600
20.8000
21.6900
21.8300
21.7000
21.7100
22.0200
21.3000
21.4100
22.0100
21.5000
21.3500
21.0300
21.0800
21.9500
21.6600
21.2000
21.0400
20.4000
19.8000
19.9500
20.5700
20.1500
20.1000
20.5400
20.0600
20.0700
20.0400
20.1400
20.3700
20.7500
20.7800
20.7700
20.5500
20.8600
20.4300
19.9300
19.6600
19.6700
19.7000
19.7200
19.7500
19.7300
19.0900
18.9000
18.2600
17.3000
17.0700
17.1900
17.1000
17.2600
17.2400
17.3300
17.7300
16.9300
16.8200
16.1800
16.1000
16.2900
17.1600
17.2900
17.1700
16.6900
16.9900
16.7600
16.8800
17.0100
16.6800
17.2700
17.3600
16.7500
17.0200
16.3500
16.5300
16.9400
16.9600
17.6300
17.4500
17.7900
17.2600
17.0100
16.8200
16.6900
16.7000
16.3600
16.8800
16.5500
16.8400
16.8800
16.8600
16.2700
16.0800
15.9300
15.9700
16.1600
16.4500
16.3800
16.4500
16.3200
16.1600
16.9100
17.1200
17.1600
17.0700
17.3000
17.4100
17.3600
17.2800
17.5400
17.7800
17.7100
18.1200
18.5500
18.2300
18.0100
18.1500
17.9400
17.8000
17.8100
17.7500
17.9300
17.7000
18.0500
18.6200
19.4700
19.0400
19.2200
19.3300
19.9100
20.3400
20.0200
19.6800
19.6700
19.2500
19.3900
19.3500
18.8100
18.6800
19.3000
19.4400
19.4100
19.6900
19.8500
20.7500
21.2000
21.2900
20.9800
21.0200
21.5000
21.3300
21.5600
21.9000
22.0900
22.5200
22.0800
22.0700
21.8500
22.0900
22.4800
21.7100
21.7100
21.9200
21.2600
21.4400
21.7200
20.7800
20.4400
20.8100
20.8900
20.5500
20.2300
20.4400
20.3600
20.8600
20.9500
21.1800
21.3100
21.2000
20.8900
21.0600
21.1400
21.1800
21.1200
20.9300
21.5400
21.6400
21.8900
21.8200
22.0800
21.9300
21.5000
21.2900
22.0500
22.5000
22.5200
22.8800
22.2400
22.3200
22.3000
22.5100
22.1600
22.4400
23.7100
24.1700
24.5200
24.2100
23.8500
23.8700
24.0700
23.9000
23.8200
23.8900
24.1300
24.3600
24.3900