53.4900
53.2500
53.2400
53.0200
53.2400
53.1100
52.8100
52.9400
52.7200
53.0400
53.5300
53.4600
51.9500
51.6500
51.9100
52.3200
52.1000
51.7300
51.9200
51.8500
52.0700
52.1900
51.9400
52.1600
51.8200
51.8700
52.1000
51.8700
52.0300
51.6900
51.7000
52.1000
54.4700
53.6200
53.6300
53.7600
53.4300
53.2100
52.7800
52.7100
52.9700
52.9800
53.0900
52.5300
52.6300
52.9700
53.0600
53.1900
53.2500
52.8200
53.2700
53.4300
53.4300
53.0700
52.7300
52.9300
52.7700
53.2000
53.1600
53.0700
53.2800
53.5500
53.5600
53.5100
53.2900
53.2600
52.9800
52.5700
52.7100
52.8600
52.6500
52.6200
52.9600
52.8300
53.0100
53.2900
51.9500
52.3300
52.3400
52.9200
53.1600
53.3100
53.4900
53.4600
53.3700
53.3100
53.7600
54.0800
53.9400
54.8200
54.8200
54.9200
54.8700
55.2700
54.6900
54.1000
53.9700
54.0600
53.8600
53.5500
53.5000
53.5900
53.2000
53.0800
52.5100
52.6200
52.7300
53.5000
53.4300
53.5900
53.3900
53.5500
53.7500
54.3300
54.5500
54.9900
55.2000
54.1400
53.4100
53.5600
53.2300
52.9500
53.1100
53.3200
54.3800
54.7200
54.9800
54.7700
54.8500
54.3600
55.0800
55.0500
54.6700
55.2200
54.9800
55.1500
55.2200
55.2500
54.9700
54.7200
54.3400
54.3700
55.0300
55.2700
55.4900
55.2100
55.0400
54.7300
55.5400
55.3800
55.3600
55.2700
55.1200
55.0600
55.0700
55.5000
55.8300
55.5400
55.6400
55.6100
55.4900
55.4900
55.5100
56.2700
56.4600
57.4100
56.1200
55.8500
55.7200
55.9600
55.4900
56.2800
55.7600
56.1500
56.0900
56.2500
56.6800
56.2000
56.1400
56.1600
56.4900
56.4700
56.2500
56.3400
55.8200
55.8500
55.8900
55.9500
56.3000
56.3600
56.5700
56.8000
57.0900
57.0000
56.7600
56.5000
56.6100
56.3400
56.9900
57.2000
57.5700
58.4200
57.7100
57.7100
57.0800
56.9200
57.3600
57.2000
57.5100
57.6900
57.2800
57.2100
58.0900
57.6600
57.2700
57.4700
57.6800
58.0700
57.7800
57.9100
58.0700
58.7200
57.4300
57.6200
58.4300
57.5400
57.8300
58.0600
58.5000
58.4600
58.3900
58.4900
58.5000
58.5700
58.2500
58.1500
58.5500
58.6600
58.8600
59.1200
59.8600
59.6500
59.0400
59.4900
58.7100
58.3600
57.9100
57.8600
57.2200
57.6800
58.8900
58.6200
58.6800
58.3300
58.0500
58.2500
58.5800
58.4600
58.9000
59.2100
59.2200
59.5000
60.0300