39.3300
39.6600
39.8900
39.5800
39.3500
40.3300
39.8900
40.7500
42.0300
41.4200
41.8900
42.0500
41.9600
41.8700
43.3200
44.7900
44.5500
44.3400
43.9100
44.1900
44.4400
44.6600
46.1100
45.3200
45.9100
46.3600
46.5600
46.0900
46.4700
46.5000
45.6200
45.4400
46.0500
45.7700
46.8000
47.2200
47.0400
47.0700
46.7800
46.5800
47.2600
46.8600
46.4800
45.1200
45.6000
45.9700
46.8800
48.1100
49.3600
49.7600
49.3300
49.3900
49.5000
49.4200
49.6800
48.9100
49.0600
50.4800
49.7900
49.0000
48.4800
49.0800
49.6100
49.0700
48.6400
48.3900
46.9200
46.8600
47.6000
48.5200
48.1600
48.0100
49.3700
49.6600
49.5700
51.7000
50.5800
50.3600
53.4900
52.8800
52.8900
52.3300
53.3100
53.4500
53.0100
51.8900
51.5400
50.6900
50.4800
50.6700
48.7900
47.7600
47.0600
46.6300
45.7400
45.2700
47.2100
47.5900
47.4300
47.3900
47.5200
48.4900
47.3200
48.1800
46.2700
46.0000
46.8100
48.1600
48.0000
48.6600
47.7700
49.3900
48.2700
49.4300
49.0100
49.5500
50.3900
50.2400
48.6900
49.0800
47.9200
46.1800
44.9300
44.6900
45.7300
45.8100
46.4700
46.8700
46.1200
45.6900
47.0900
44.8200
43.5300
43.9500
43.8000
43.8400
44.0200
44.7800
43.9100
43.2400
42.3900
42.0700
43.2000
44.6400
44.4900
43.2300
41.6700
41.2000
42.3900
41.9400
42.3700
41.6900
41.6800
41.3600
41.4000
41.1800
41.4300
42.4100
42.2800
42.4100
42.9000
43.0400
42.4300
42.5500
43.1000
43.2200
43.0600
42.4200
41.9600
41.6800
41.6100
43.5400
43.9700
44.7200
45.0300
45.6500
45.7300
46.3300
46.3400
45.5700
45.6400
44.2600
44.0900
43.3400
42.4000
41.9300
42.4800
42.3700
42.2800
42.1100
40.7900
41.6200
41.9900
42.4800
41.9000
41.9000
41.7900
41.4200
41.8600
43.2000
44.0000
44.5300
43.8800
43.5300
46.8900
46.3400
46.5200
46.1200
46.7600
47.6100
47.2900
47.3400
47.6100
46.5100
44.9700
45.2900
45.8400
45.5300
45.6700
46.5900
46.2200
47.9700
47.7800
47.7600
48.2600
47.9900
46.9900
47.5400
47.3700
46.9600
46.0000
46.5100
46.2800
46.1800
46.4600
46.6600
47.6200
49.2000
48.0000
47.8300
49.2200
49.3900
48.7300
48.9300
48.6900
48.5700
47.9000
47.8800
47.2700
48.8300
49.9900
48.9600
48.6900
49.0300
48.8800
50.8100
50.3600
50.1400
50.2900
51.3300
50.7500
52.0200
52.1100