55.5800
55.5300
55.5900
55.1800
55.6400
56.5800
56.4600
57.1900
56.7000
57.1600
58.1900
58.5000
57.3800
57.6200
57.6300
58.1100
57.8300
58.2700
58.1800
58.0400
58.9400
59.0300
60.7400
60.3100
60.1600
59.8700
59.8900
59.3300
60.1400
59.8400
59.0000
59.4700
60.1000
59.8900
59.5100
59.0000
59.2700
59.7000
59.7500
59.5700
60.1200
59.7500
59.1000
57.7700
57.7400
59.4900
59.7800
59.2600
60.3700
60.5200
60.8500
60.3700
60.4600
59.4800
59.4700
59.7500
60.1600
61.7800
61.3000
60.7500
60.7000
61.0500
61.1200
60.6300
60.1500
59.4900
57.8900
56.5800
57.0800
58.7900
58.0700
58.0000
58.9300
58.7300
58.0000
59.3900
59.2000
59.9300
60.4800
61.0000
61.2900
60.6600
60.9300
60.6400
60.4700
59.3100
59.5200
59.3700
58.3700
58.5700
58.5500
58.1500
57.4800
57.1400
55.4800
55.2300
57.0300
57.2800
57.6200
57.2700
56.7500
57.2000
56.2000
55.6600
53.9400
53.2000
53.2900
54.6600
55.3700
55.9900
55.1300
56.0500
55.1200
55.2200
56.0400
55.8800
56.5800
56.5400
55.4300
55.5100
53.7200
53.2600
54.0000
52.9200
55.8400
55.1600
55.5900
56.0900
54.8900
55.2100
53.7100
53.7000
53.6000
54.5800
54.4800
54.5400
58.1800
57.9500
57.7400
57.4400
56.6800
56.8000
57.7400
59.0100
58.3900
58.0500
58.0000
57.3200
58.9100
58.6400
58.5700
58.9300
58.9700
59.0100
58.7100
58.4300
58.4700
58.7600
59.5000
59.5000
59.1100
58.8800
58.4800
58.3600
58.3900
58.5600
58.7300
58.1100
58.4500
57.5200
57.3700
59.0200
59.9000
59.5600
59.7900
60.1000
61.1200
61.0200
61.7200
61.3900
61.2800
60.5500
60.5200
60.1300
59.3100
59.4400
60.2400
59.7500
60.8000
61.4500
60.9600
61.2700
61.4300
61.2800
60.6800
60.2400
60.2900
60.2000
60.8500
61.5200
61.8900
61.4200
62.4900
62.2800
61.5500
61.0200
61.4300
61.4900
61.2400
62.6300
62.4300
62.8000
63.5300
62.1200
61.3000
60.8300
61.4400
61.2400
59.9600
59.3300
59.1500
60.4400
60.6100
60.5900
61.2600
60.6600
60.6200
61.2400
61.3400
61.3300
60.5900
60.5200
61.5700
61.5200
61.9700
61.8600
61.6500
61.1000
61.7400
61.5500
62.3900
63.9600
63.7700
64.2900
64.2100
63.6700
63.8100
63.7400
62.9200
63.4700
64.7500
65.0000
66.3300
66.3600
65.7400
66.5400
66.4200
66.3100
66.7600
66.8800
66.7300
67.3100
67.8100