49.4300
49.4400
50.6500
50.4200
51.4100
51.9400
52.4400
52.6100
51.3100
50.6300
51.9700
53.3000
53.5500
54.0100
54.5200
54.7800
53.7400
54.3600
54.1900
54.2400
55.0500
54.2200
56.7200
57.2900
56.2500
56.8100
56.7300
55.6700
55.7100
55.2900
53.7400
54.3600
55.0600
54.1100
53.6800
54.1200
54.9900
55.2400
54.9700
53.9000
54.4900
54.1900
54.3700
52.9000
53.4200
54.1300
54.8900
54.5000
57.3500
56.4400
56.0700
56.0300
56.8100
56.6000
57.8200
57.2500
57.5600
58.8300
58.1700
57.5100
56.5800
56.4100
56.3900
55.7400
55.2300
55.4400
54.6300
53.1900
55.4100
56.2700
56.0800
55.4300
56.8800
56.5700
58.0200
57.6100
56.3800
56.8500
57.6200
59.7700
60.1900
59.2000
60.3700
60.4900
59.8900
57.5400
56.7600
57.1700
57.0400
56.8600
56.6900
54.8700
54.9600
54.2700
51.5500
50.4600
53.1700
53.5700
53.2900
53.5300
53.3800
54.7500
53.3300
52.8500
49.1300
48.4600
48.7100
50.7200
51.5900
52.0900
50.2200
50.8000
50.0300
51.0000
51.2700
51.2200
52.8900
53.4200
51.7900
52.3300
50.2500
50.5100
50.8400
50.3000
53.0400
53.5200
53.9000
54.2100
53.4400
52.1100
51.3900
51.3800
48.6600
50.6200
50.1300
51.1100
51.1100
52.0400
51.9100
50.7200
49.6300
49.5500
52.7100
54.0300
53.7700
54.1500
53.7800
53.7600
55.7100
55.8700
56.1000
54.8600
55.4500
54.2200
54.1100
53.7700
54.0100
55.2500
55.0100
54.5600
54.1200
54.1000
53.3000
54.4100
54.4900
54.4200
55.0500
54.6900
55.1300
55.0800
54.1800
56.7900
57.8600
57.7900
58.2600
58.1500
59.7700
60.7000
60.4900
59.7800
59.1900
58.4500
58.8700
58.5000
57.2500
57.0000
58.0400
57.9600
57.4900
56.6100
57.1400
57.2500
57.2600
57.1000
56.3700
56.3200
56.4700
56.2700
56.5800
57.0400
57.4600
57.6400
55.7200
56.0100
54.2900
53.4300
51.6600
51.9500
51.8500
51.7200
51.5700
52.6600
53.0400
51.9700
51.0100
51.7500
51.8600
51.8800
50.9200
50.5500
51.5200
52.9100
52.4100
52.6400
53.4700
52.7700
52.8600
53.3600
53.9900
53.9600
53.0200
53.2400
52.9600
54.1300
54.3000
54.1700
53.9600
53.6100
53.4700
54.0400
55.6900
56.1900
56.3900
57.7100
57.6300
57.2800
56.6500
56.9300
56.1400
57.3600
59.3500
59.5800
60.3800
59.6400
59.1100
59.2200
59.5400
59.5600
59.5300
60.4100
59.5200
60.1600
60.0200