26.6200
26.6000
26.5000
26.4000
26.4400
26.6900
26.6400
26.9500
26.4900
26.4600
27.0000
27.1500
28.1300
28.6800
28.5200
28.3200
27.9900
27.8800
27.8800
27.9800
28.7600
28.5000
29.0700
28.7600
28.9500
29.4600
29.1100
28.7000
28.7500
29.0800
29.1200
29.8900
29.5900
29.3500
28.9400
27.0500
26.6400
26.2500
26.1800
25.3100
25.2500
25.3200
25.0100
24.1700
24.3600
24.6400
24.1800
24.0400
24.5700
24.3400
24.4000
24.4900
24.3400
23.9800
23.4600
23.0300
23.6300
23.8900
23.6200
23.5800
23.5100
23.8300
23.8800
23.4500
23.2700
23.1100
23.1400
23.2700
23.4100
25.1000
24.5700
24.3100
24.7200
24.9300
24.7100
24.5100
24.2700
24.4400
24.8300
24.8700
24.7500
24.7600
25.1700
25.2500
24.4800
24.2700
23.8700
23.3200
23.3300
23.5100
23.1500
22.9700
22.4000
22.0300
22.0600
21.4600
21.8900
21.7800
21.0800
21.7700
22.3300
22.8000
22.7400
22.6800
21.2500
21.0600
21.6800
22.3500
22.0600
22.3100
21.4100
21.7000
21.4800
21.5900
21.6400
21.0500
20.8100
21.1600
20.3000
20.3700
19.5500
19.3600
19.5100
19.3600
20.1100
20.1600
20.3600
20.2800
19.5700
19.4300
19.1100
19.6900
19.3500
18.9800
18.8100
18.8700
19.3000
19.1000
18.6100
18.3000
17.9900
17.7800
18.0100
18.5700
18.2600
18.2400
17.6600
17.5500
18.2600
18.6900
18.9600
19.4100
19.4100
19.7000
19.6200
19.3600
19.2900
19.5200
19.5200
20.0900
19.9300
19.2000
17.6400
17.5800
17.2100
16.9000
16.9400
16.7800
16.8800
16.9900
17.2700
17.5900
17.4200
17.4300
17.9500
17.9900
18.2400
18.1700
18.2100
18.2500
18.1000
17.7600
17.5900
17.2100
16.7100
17.1100
17.2300
17.0600
17.2100
17.1300
14.9100
14.9400
14.7300
14.4600
14.3700
14.1800
14.2500
14.4100
14.4700
14.5700
14.7200
14.8000
14.4800
14.7100
14.2600
14.0400
14.1900
14.0900
13.8500
14.0000
13.7600
14.0100
14.4000
13.6900
13.8200
13.6100
13.4100
13.1400
13.1400
13.0800
12.8500
13.3000
11.7100
11.9400
12.4400
12.7400
12.3600
12.7300
12.8900
12.9900
12.8700
13.5300
13.8200
13.8300
13.9400
14.1600
14.2600
14.5300
14.5000
14.7500
14.2100
14.5300
14.3800
14.4300
14.3400
14.0100
14.1200
14.0400
13.6800
14.2500
15.0200
15.1400
15.1400
15.1700
15.3900
15.8500
16.2800
16.1600
16.9500
16.5300
17.2100
17.1100
17.1100