16.2400
16.1300
16.2400
16.2600
16.2600
16.2500
16.3600
16.3900
16.4000
16.2100
16.2500
16.2500
16.4900
16.9200
16.8700
16.9000
16.9200
16.7700
16.5800
16.3600
17.0000
16.8300
17.2000
17.1900
17.1400
17.1600
17.0200
16.8000
16.4300
16.2100
16.1100
16.2500
16.2000
16.2800
16.1900
16.1200
16.3800
16.4800
16.5300
16.3000
16.4400
16.3200
16.2000
15.9900
15.8700
15.9700
15.9000
16.2500
16.6100
16.5000
16.7400
16.9100
16.9100
17.1500
16.9000
16.8800
16.8000
17.1200
16.9900
16.8200
16.7000
16.4700
16.6800
17.1200
16.9900
17.0300
16.7600
16.6600
16.8100
16.9900
16.8800
16.7000
16.9200
16.9900
16.8800
16.8000
16.4700
16.5900
16.7400
14.9500
14.9600
14.7000
14.6600
14.6000
14.6100
14.5400
14.4800
14.4700
14.5200
14.5800
14.5700
14.5900
14.5900
14.6900
14.4800
14.5200
14.7800
14.7300
15.0300
14.9900
15.1900
15.4100
15.3800
15.2700
15.0600
15.3500
15.5300
15.7400
15.4200
15.4500
15.2300
15.1200
15.1600
15.3600
15.6000
15.5000
15.4600
15.5600
15.3200
15.4700
15.2100
15.0900
15.6700
15.8500
15.9800
15.9900
15.9800
16.1500
16.1500
16.0800
16.0400
16.1000
16.2900
16.5200
16.4600
16.6800
16.7400
16.5800
16.5500
16.3300
16.0600
16.0400
16.1000
16.2100
16.3400
16.1300
16.0000
15.6000
15.9100
15.9400
15.9400
15.9900
16.1200
16.1100
16.2100
16.2500
16.2700
16.4800
16.4800
16.9600
16.7400
16.5800
16.3700
16.3500
16.2400
16.1900
16.3400
16.5500
16.5600
16.5000
16.2300
16.2500
16.3300
16.5000
16.5100
16.4700
16.7500
16.9300
16.7100
16.8800
17.0300
17.0100
17.0000
17.1000
16.9500
17.0100
17.3300
17.3300
17.6400
17.6300
17.7500
17.8900
17.9600
17.8200
17.6200
16.6700
16.9600
16.9200
17.0300
17.1200
17.1900
17.2900
17.1100
17.7400
17.6800
17.5400
17.8100
17.7500
17.7000
18.1300
17.9200
18.0700
18.2800
17.9900
17.7900
17.7700
17.8200
17.8200
17.6400
17.6200
17.8500
18.0300
17.9700
17.9800
18.2300
18.0900
18.1200
18.0900
18.1600
18.0300
17.9600
17.8500
17.5700
18.2600
18.5900
18.4500
18.3900
18.7000
18.6800
18.6000
19.0600
19.1900
19.0400
18.9500
18.6400
18.6100
18.3100
18.4700
18.2400
18.5700
19.0600
19.1400
19.2500
19.1900
19.0600
19.4600
19.8000
19.9800
19.4100
19.2800
19.3900
20.3400
20.5600