29.1800
29.0700
28.8500
29.0000
29.0000
29.2900
29.1800
29.3100
28.9700
29.2400
29.2500
29.2900
29.2500
29.4300
29.5500
29.6000
29.5800
29.0300
28.7100
28.7800
28.9700
29.0200
29.2200
29.0500
29.0800
29.1200
29.4000
28.9800
28.8500
28.9300
28.9700
29.1300
29.1800
29.1300
29.0400
28.3900
28.7700
28.6400
28.4800
28.4700
28.3600
28.3900
28.5000
28.2400
28.4500
28.5300
28.7400
28.7400
29.0300
28.6500
28.7000
28.7500
28.8900
28.9200
28.9800
29.0100
29.1000
29.3800
29.4300
29.4600
29.5600
29.5200
29.6100
29.4700
29.1300
29.1900
28.8700
28.3900
28.3700
28.2500
28.0100
28.1700
28.4400
28.3000
28.3400
28.5900
28.2100
28.3800
28.5300
28.8800
29.0200
29.0600
28.9700
28.9400
28.7300
28.7100
28.9300
29.0600
29.2900
29.2400
29.1100
29.2200
29.4300
29.6400
29.4400
29.3700
29.2800
29.1900
29.5100
29.6900
30.1500
30.2600
30.0400
29.9100
29.3500
29.3900
29.2800
29.6400
29.5500
29.7600
29.6000
29.6300
29.5200
29.4700
29.6900
30.1100
30.2500
29.7700
29.2500
29.2600
29.1200
29.0700
29.5000
29.6800
30.4200
30.6800
30.5700
30.3100
29.9500
29.3800
28.9300
29.0800
28.6400
28.8400
28.6500
28.6000
28.8000
28.6400
28.3000
28.0700
27.9100
27.8700
27.9800
28.4000
28.2200
27.9100
27.6600
27.4800
28.0000
27.7400
27.7700
28.1700
28.2600
28.3000
28.2100
28.3900
28.5500
28.3900
28.6400
28.4700
28.5100
28.4200
28.8200
28.7800
28.6400
28.7700
28.7200
28.5100
28.7200
28.9200
28.5900
28.9700
29.0400
29.0500
29.0700
29.0300
29.2000
28.9800
29.1800
29.2300
29.3700
29.4300
29.2400
29.3500
29.0300
29.0700
29.2200
29.2400
29.5400
29.7500
29.5600
29.3900
29.4500
29.3300
29.0400
29.0300
29.1200
28.8300
29.0600
29.3700
29.6500
29.5000
28.9000
28.9300
28.6300
28.6000
29.2900
29.3400
29.5300
30.0500
29.7500
29.8700
30.0700
29.7500
29.5900
29.6100
29.9400
30.2800
30.2600
30.6100
30.8700
31.3000
30.0500
30.4400
30.6400
30.4900
30.5500
30.7100
30.8400
31.0100
31.0100
30.9800
31.0200
31.0200
31.0300
30.8400
31.0600
31.0500
31.1600
31.1000
31.3900
31.5400
31.3300
31.3500
30.9900
31.0500
30.7100
30.7200
30.6800
31.2100
32.0100
33.2000
34.3100
34.1500
34.3100
34.5100
34.5000
34.4900
34.3600
34.4500
34.4200
34.4800
34.6900