36.6700
36.5100
36.6800
37.1800
37.4600
37.9000
38.1100
38.6800
38.4100
38.3600
39.1200
39.3200
39.4000
38.8800
38.5500
38.8400
39.2500
39.7000
39.2100
41.0000
41.1700
41.1200
41.9300
41.8300
42.0900
42.5800
42.4800
42.1800
42.3300
42.4600
42.4800
42.7200
42.6600
42.9300
42.4600
42.9700
43.1100
43.3800
43.4800
43.6300
43.9300
43.7900
43.6100
42.6500
42.6400
43.2800
43.6200
43.5600
43.8900
43.8300
44.2000
44.4000
44.3700
43.9900
43.8200
43.7200
44.0500
45.0300
44.7300
44.7700
44.7200
45.0800
45.7000
45.0600
44.4100
44.0600
43.7800
42.9700
43.8100
44.3400
44.4200
43.8500
44.6700
44.6100
44.2100
44.1000
43.5900
43.8300
44.9000
45.3500
45.6400
45.5400
44.5000
42.7100
41.9200
41.0200
41.2000
41.6100
41.4000
41.3400
41.2300
40.6600
40.2200
39.6300
38.9500
38.4300
39.6500
39.8000
40.2100
39.1800
39.3700
40.2200
39.5800
39.7800
39.1000
39.6000
40.0100
40.8900
40.6700
40.8600
40.2100
40.8300
40.4200
40.7900
41.2300
41.6500
41.8600
42.2400
41.0200
41.3900
40.7100
40.8600
41.6100
40.9200
41.8500
41.5700
42.2300
43.2400
41.9600
41.3000
40.6400
40.5200
40.2500
40.8500
40.4000
40.4500
41.3500
41.7700
41.2500
40.7400
39.9500
40.3400
41.2500
42.5100
42.1600
41.6500
42.3100
42.3900
43.2700
44.0600
44.9300
45.1400
45.5600
45.6400
45.7200
45.5800
45.8700
46.0000
46.3500
46.4500
46.4900
46.1700
46.6400
46.5300
47.0200
47.2800
47.5500
47.0900
47.0300
46.8000
46.1000
46.9500
47.1000
46.7900
47.7700
48.8100
49.5400
50.5200
50.2000
50.3100
50.6000
50.7000
51.1600
51.2200
51.0400
50.8000
51.3400
51.2200
50.8800
51.3900
51.5600
51.1200
51.9700
51.6900
51.1000
50.8600
50.8500
48.8400
46.8600
46.9600
47.1400
46.9500
46.3300
46.3200
46.1700
46.6500
47.0600
47.1400
45.7800
47.6600
47.4600
48.3800
49.2500
48.2500
47.9600
48.6500
48.1400
47.9400
46.8600
46.3000
46.4200
46.5900
46.2700
46.2600
46.8300
46.5700
46.6500
47.0000
47.2400
47.1300
46.4200
47.6100
47.9800
48.0300
48.4900
49.0200
49.3100
49.0600
48.8000
48.1700
48.6400
49.7000
50.1000
49.9000
49.6700
49.5400
49.3900
49.1200
48.3100
48.9600
50.2100
49.4400
49.8800
50.0700
48.9100
50.0000
50.0400
49.7500
49.1900
49.6500
49.4900
49.7300
49.9400