31.3600
31.3400
30.9000
30.3100
30.1400
30.3500
31.8100
32.2800
31.5100
32.1500
32.9900
33.9300
34.2000
34.0700
34.0400
35.5200
35.0000
35.2300
34.6900
34.4600
34.5000
34.6400
35.2500
35.4700
35.2700
34.7500
34.1100
33.7900
34.2200
36.3000
36.3900
37.9200
37.1500
36.8800
36.2700
36.3600
36.1600
36.3600
36.4200
35.6200
35.5100
34.9600
34.5200
33.9400
34.4400
35.2600
35.9400
35.5900
36.6900
36.8100
36.8100
37.1300
37.3600
37.3300
37.0400
37.0200
36.7000
38.0200
38.1400
37.8200
37.6700
37.3900
37.6000
36.8200
36.0100
36.1500
35.1500
34.7200
35.0400
35.2000
34.4600
34.4500
34.9900
34.8300
34.3900
34.4300
34.1100
34.5400
35.0200
35.1200
35.4200
35.1200
35.5000
35.5700
34.4100
33.8800
34.1500
34.1000
33.9000
33.7700
33.3400
32.7400
32.7100
32.8500
32.5600
31.8700
32.6500
32.7700
31.9300
31.9800
32.3800
32.6000
31.9200
31.2600
31.3600
32.0000
32.1100
32.4700
32.3600
32.7900
32.4100
32.3100
32.2000
32.3600
33.6300
33.7200
34.4000
34.4900
33.5800
34.0200
33.1200
33.2300
33.8600
34.1400
34.9800
34.9400
34.7500
34.4900
33.9800
34.0400
34.1300
34.6200
34.3000
34.1100
33.8000
34.5200
36.1700
36.6400
35.4500
34.3500
33.6500
34.0200
34.5000
35.0800
34.8800
34.7500
36.3900
35.2800
34.5900
34.6000
34.8000
34.5900
34.3500
34.1500
33.7400
33.8200
33.8800
33.8500
33.9900
34.1100
34.0500
33.8100
33.3600
33.7400
33.8100
33.3600
33.6000
33.5200
33.5800
33.9900
34.0300
34.4200
34.9700
34.1700
34.2900
34.3700
34.9200
34.6700
34.7100
35.3000
35.1100
35.0000
34.6300
34.2400
34.1500
33.4300
33.1900
32.8200
32.8300
33.6500
33.8000
33.5000
33.3400
33.3700
32.7100
32.5500
32.6100
32.2700
32.2600
32.4100
32.6200
32.0900
31.3100
31.4000
30.5400
30.7900
31.1600
30.9600
30.6900
30.9800
30.4500
30.5000
30.5600
31.3700
29.9300
29.9500
29.8900
29.6000
29.2900
28.8900
28.9700
29.5800
29.3600
29.2400
29.4200
29.1000
29.2000
29.6500
29.8200
29.8000
30.1800
30.9400
31.0200
31.2900
31.5500
32.0300
32.0400
31.8000
31.7500
31.8400
31.8900
32.1300
32.0600
32.3000
32.1200
31.9600
31.3300
31.1600
30.6900
31.2400
31.7800
32.2600
32.3700
32.5200
32.3600
34.0700
34.0500
34.1300
34.3600
34.7400
34.9400
34.8700
34.9100