14.8700
14.7100
14.9300
14.9900
15.1300
15.5000
15.7000
15.6500
15.5600
15.5900
15.8600
15.8600
16.2300
16.2700
16.4600
16.6200
16.3900
16.5200
16.3300
16.4200
16.5400
16.2800
16.9100
17.2500
17.1200
17.1100
16.9000
16.6800
17.0100
16.3300
16.1800
16.3500
16.4000
15.9300
15.7600
16.1300
15.9800
16.0300
15.8700
15.7800
15.6600
15.5200
15.5300
15.0600
15.2800
15.3400
15.5500
15.4300
16.2000
15.8800
15.9000
15.9900
16.5000
16.4500
16.3300
16.1000
16.2000
16.6700
16.5400
16.1700
16.0200
16.4200
16.5400
16.6900
16.2500
16.2000
15.9000
15.5700
16.0100
16.4000
16.3100
16.3800
16.4900
16.2800
16.6000
16.7800
16.3700
16.7800
16.6100
16.6500
16.7900
16.6400
17.0600
16.8500
16.5000
16.2700
16.2000
16.0800
15.9700
16.0600
16.1300
15.6700
15.5500
15.3000
14.4900
14.1100
14.8800
15.0600
15.1300
15.0900
15.1500
15.5300
15.1600
15.2600
14.4300
14.3100
14.7300
15.3800
15.2200
15.3400
15.0400
15.4000
14.9700
15.2500
15.5800
15.7400
15.9000
15.8400
15.4600
15.4200
14.9800
15.1100
15.1400
15.2200
15.8200
15.9100
16.1800
16.1500
16.0000
15.8400
15.4700
15.5000
15.0100
15.2300
15.3800
15.5000
15.3900
15.2000
15.0400
14.6300
14.1900
14.0600
14.4100
14.7600
14.6200
14.6800
14.6400
14.5200
15.0400
15.1900
15.1900
15.1400
15.2100
15.2800
15.2700
15.1800
15.3900
15.6300
15.5600
15.5100
15.4200
15.3600
15.2300
15.3500
15.2200
15.3000
15.2500
15.1400
15.3000
15.2600
15.1600
15.8400
16.3000
16.4700
16.5000
16.5800
16.9900
17.2500
17.2100
17.1600
16.9700
16.5800
16.6400
16.6000
16.1400
16.0400
16.1200
16.0500
15.7600
15.6200
15.6700
15.7500
15.7200
15.6200
15.5300
15.6700
15.8500
15.6900
15.7700
15.7000
15.6900
15.6800
15.5500
15.4700
15.1900
15.0700
14.9500
14.7900
14.4600
14.5900
14.6400
14.4400
14.6800
14.3500
14.2100
14.2400
14.2500
14.3800
14.0000
13.8700
13.7800
14.1700
14.4700
14.4400
14.6800
14.5600
14.4900
14.4000
14.6900
14.6900
14.5300
14.6300
14.6300
14.9800
15.0900
15.1400
15.2700
15.2300
15.1600
15.2600
15.3200
15.6700
15.5600
15.8600
15.8000
15.8000
15.6400
15.5700
15.3800
15.6700
16.1400
16.3500
16.6800
16.7900
16.7500
16.7100
16.9000
16.6700
16.6400
16.7800
16.6400
16.5500
16.7100