60.7900
60.9200
60.8300
60.6900
60.9600
61.0000
61.0900
61.6300
61.4800
61.4300
61.9400
61.6500
61.5400
61.7700
61.3900
61.6000
61.5300
61.2400
61.7000
61.0800
61.3000
61.5500
61.1600
61.0100
60.4400
60.3000
59.7900
59.5500
59.8300
60.6200
60.5000
60.4800
60.8600
60.6800
60.2400
60.7200
61.1100
60.3500
59.5800
60.7000
61.1200
61.3300
60.9300
59.8000
59.6500
59.5600
59.4900
60.5600
60.8400
60.3200
60.3000
60.1400
60.3200
60.1500
60.1300
60.4000
60.5200
61.2400
61.3300
60.9100
61.1800
61.3300
61.8800
61.4700
61.2500
60.6600
59.8100
60.0300
60.8500
61.6500
61.6900
61.6900
62.4500
62.3500
62.9000
63.1500
62.2900
66.0000
66.6000
66.5700
66.7500
67.0100
66.6600
67.0000
67.3300
66.8900
67.0400
67.7400
67.9400
68.6700
68.4600
69.0000
68.5000
68.4500
68.3500
67.4100
67.6500
67.9000
67.2200
68.0000
67.7200
67.7600
67.6100
66.8600
65.9000
66.0100
65.9300
66.8000
66.6700
67.5700
67.2900
67.5700
68.8500
68.9200
69.4900
69.7200
70.2500
70.6300
69.5600
69.5000
68.4100
70.0000
69.3800
69.7700
72.0300
72.0900
72.5800
72.2300
72.2400
72.4400
72.2400
71.9800
71.9600
72.5400
71.8100
71.6000
71.7800
71.6000
71.2600
70.8200
70.3900
70.3300
71.4300
72.1700
72.1700
71.7400
71.3600
71.6300
72.1700
71.6500
71.6200
71.7700
71.7400
72.2300
72.3700
72.8100
72.6200
72.2500
71.9200
72.3400
72.4700
72.5300
72.6100
72.6100
72.8200
72.4900
72.2700
71.5600
71.8200
72.5200
72.2100
73.1600
72.3200
71.8900
71.1400
70.9300
72.0300
70.0900
70.3300
71.0200
71.2900
71.9400
71.6800
71.7900
70.9400
70.6700
70.8400
70.8900
71.3800
71.3800
71.6200
71.3100
71.4900
71.6800
71.3500
70.7100
70.3900
69.5300
70.3100
70.6700
70.9200
71.3000
70.3300
70.5500
70.1700
70.1200
69.8500
69.3300
68.8500
69.7200
69.4900
69.1100
69.5100
69.5900
69.9000
70.3500
71.1300
71.8100
71.5600
71.5600
71.7400
72.6000
72.3600
71.9400
72.4000
72.6600
72.2700
72.5200
72.5500
73.2700
72.6900
72.4000
72.3200
72.0400
72.2700
72.8000
73.3100
73.4000
73.7900
74.0200
74.6400
74.1000
73.6600
73.9700
73.3700
73.0100
72.1500
72.0600
71.4400
72.2200
74.3300
73.5100
74.5400
74.4600
73.6600
74.4600
75.9300
76.1200
76.5500
76.1900
76.5400
78.0200
78.2800