88.3300
89.9300
91.6800
92.2500
93.2500
94.3100
94.5200
93.8900
94.7100
95.5000
94.5200
94.9400
92.1500
91.7800
90.8200
89.5500
87.1100
88.2600
88.1900
89.0200
91.6500
90.2800
90.1200
85.2500
86.1700
85.1500
85.1600
85.7400
86.8900
88.6000
87.5000
87.7900
88.6100
90.1400
89.1600
87.7800
89.0000
88.6500
88.5700
87.1000
87.7200
87.2400
87.4800
85.7100
86.4400
87.8000
87.0600
86.2600
86.9600
87.3000
87.0200
86.6400
87.1700
85.3400
85.3000
85.3000
85.9100
87.9900
88.1000
88.6400
91.5400
92.4800
91.8500
91.0000
90.8100
91.2700
89.2100
87.8400
89.3300
89.8500
88.6100
87.4600
88.3600
88.4300
89.7500
90.0000
89.2400
88.8400
88.7300
89.1700
87.8200
80.6800
84.3300
83.9600
81.3900
80.2300
81.2200
81.3900
79.1100
79.4000
78.3200
77.7700
76.9800
76.0600
75.6800
74.5300
75.7500
76.8300
76.9700
77.3100
77.2800
77.6500
76.8200
76.3900
75.9000
77.1200
77.7700
78.9900
77.0800
79.4100
78.5400
78.7400
78.4000
79.0200
78.7000
79.3200
79.8300
79.9900
78.4800
79.5800
79.0500
78.3800
79.5400
79.5600
77.4400
76.9800
77.0300
76.2700
76.4800
76.3100
75.8400
74.5000
73.6100
75.4100
74.5000
73.5000
73.4100
73.5200
73.6200
72.4400
72.0800
70.0700
68.2000
70.5200
70.5500
61.6000
63.9100
62.8800
62.7000
63.2500
64.6700
67.6400
66.8400
67.6200
66.9500
66.6900
67.7200
67.9300
67.8000
68.2400
68.2400
68.8900
69.2300
69.9500
70.0200
69.9100
70.7300
68.9400
70.0800
69.7200
70.4200
71.6700
72.2300
70.1000
70.1000
68.8400
69.4100
71.1200
70.6300
69.8300
69.8100
69.9200
70.2800
70.3000
70.7700
69.6700
70.4000
70.1500
71.3200
72.7100
74.0800
74.8500
74.0500
74.2200
74.7900
74.5500
75.3300
74.8200
74.7300
75.1100
74.8100
75.7200
74.9800
76.2000
74.7000
75.3500
75.5500
74.4700
74.2700
75.9400
75.2100
75.5200
76.1600
70.1600
69.1300
68.7700
69.1600
68.2900
66.6200
66.1100
65.5000
66.9500
66.6600
66.5600
66.6900
66.1200
64.3900
65.1400
65.7300
65.4100
65.0600
65.1400
65.0600
65.1900
66.6500
67.0000
67.8100
67.6000
66.8700
66.1100
66.8000
68.3300
67.8100
68.2300
68.3900
68.1200
68.4000
68.0000
67.5100
68.6300
68.4400
66.2500
67.4700
67.2800
66.0100
66.9100
69.2400
69.5600
70.2400
71.5800
70.7600
71.5100
71.4000