186.3000
185.5400
184.6600
182.5400
181.5900
181.3100
182.3200
180.5500
179.1600
180.0000
181.0700
180.5200
188.5200
189.9800
191.9300
191.7300
190.9800
190.4600
192.5000
192.6000
192.6200
191.5300
193.6400
192.8200
193.3500
192.9500
193.1300
192.4200
192.6200
192.2200
192.2500
193.0200
193.4200
193.3900
193.8700
197.6100
197.7600
197.5300
197.9800
196.7300
197.5300
198.8100
200.6600
197.2600
197.7700
199.8100
200.6200
201.0000
203.7800
204.7200
206.0000
206.0100
205.7200
204.2500
204.6900
205.4900
205.4800
207.7700
207.1800
207.2900
208.2700
208.6500
209.4700
209.5000
206.0500
205.4700
204.9400
202.3300
202.5800
205.3200
202.8000
202.7200
207.4500
200.1300
199.5100
199.6000
198.6200
200.0000
203.5700
205.5800
206.8100
207.0800
208.0000
208.0600
207.2400
204.9900
203.7500
201.4800
201.2300
200.6000
201.1700
199.4400
199.0400
199.7300
197.8900
195.8800
197.7600
196.8200
196.1200
196.0900
194.3000
196.4600
194.5300
192.9000
189.0800
188.5400
189.2000
193.9900
194.4400
195.1400
192.5100
194.5500
193.1000
195.1000
199.1000
198.2900
198.9300
198.7800
193.3900
193.7000
192.8600
191.9500
193.0000
191.4000
195.5800
195.8300
195.9300
195.2900
191.4100
189.6700
186.2600
185.2500
183.0900
186.0100
184.7900
183.6500
188.2500
195.3400
192.4500
190.8300
190.3400
191.0800
193.9500
196.3900
196.6800
195.9800
195.1800
194.4500
198.5200
198.7600
199.9300
199.0300
198.4200
199.2900
199.0100
198.2900
198.4000
200.8400
201.2200
200.5000
198.6500
197.2500
195.7000
197.7700
195.6900
194.8700
195.0800
193.3700
194.8500
194.5400
195.0400
199.1000
199.5000
200.9500
203.2700
203.7700
206.3600
206.8100
207.1500
207.0700
206.4300
206.1800
205.9800
205.2900
204.9800
204.0000
205.9100
207.4500
210.4700
209.8400
210.5100
210.3900
210.5900
209.8200
207.9900
205.8200
205.7600
207.8000
208.9300
211.0000
200.6300
194.9600
193.3600
194.4000
191.2500
190.7200
191.6000
193.2700
194.5300
197.1500
193.4300
194.1400
195.0700
191.1600
190.1000
189.6400
189.2500
188.3200
185.5100
185.8500
186.9400
190.3500
189.2000
190.2900
193.4900
192.8800
191.2300
191.9800
191.5300
190.0700
189.4800
189.3600
188.6500
189.7000
191.9500
192.6200
194.2000
192.9500
191.9900
191.7600
193.6200
195.6900
195.0800
194.7700
193.4200
192.4000
191.9500
192.7100
189.8300
191.5500
196.3500
195.2700
193.9900
193.1400
192.8700
192.3200
192.8800
194.4500
192.6200
192.5000
192.5900
193.6500
194.4700