118.5700
117.0200
117.0100
115.0100
112.5800
113.9100
112.6100
114.9400
116.4700
112.1500
114.7500
118.0300
117.4100
118.5300
118.9300
117.5300
117.4500
116.4500
115.4300
114.4800
114.6900
119.6500
122.3200
122.7600
122.7700
130.0800
131.9300
134.8300
133.7400
133.6800
132.8600
133.8300
134.4700
133.3700
133.1500
139.2600
139.7400
139.6300
139.8600
137.9600
139.8000
139.3300
138.1500
137.5700
139.4200
139.7000
141.8200
138.6300
142.3700
140.7200
141.8500
139.0000
140.2800
139.8700
139.3800
139.6500
139.4800
139.1700
137.1500
136.1200
135.1900
137.4200
138.6200
137.6300
134.5200
138.6000
135.8400
132.1800
133.4900
134.1300
133.0500
131.3400
132.3100
130.5300
129.5100
128.3900
128.0700
130.3600
132.6200
131.0000
132.6700
133.0400
131.1100
127.8500
129.2600
127.2900
125.6400
125.2900
124.9200
125.0500
123.9800
123.1400
122.0400
121.7400
121.3400
123.5900
125.0900
124.6800
124.3800
123.9500
125.4900
125.1000
122.2700
122.4500
118.4700
119.2900
125.6500
128.3600
127.6800
127.8900
126.7600
127.8400
125.9700
128.7900
134.8000
136.2400
135.5600
134.8800
131.3200
133.1800
131.2900
133.3600
132.8300
134.1400
135.9800
135.8200
134.9000
134.7400
133.3000
132.8100
131.4800
133.7400
134.2400
137.2200
134.0000
136.1500
135.6700
133.7700
131.0900
131.1700
132.5000
130.6500
132.7300
134.2500
132.3500
131.2200
129.4000
128.7100
132.2500
132.0000
132.0700
132.2500
132.9500
133.2600
133.7300
132.5800
132.8000
135.6300
135.3400
135.6200
134.3900
136.0000
135.7300
137.1000
137.6700
138.3700
137.2600
136.3500
136.7000
136.5800
135.5400
136.9200
137.1300
135.8000
135.7500
135.9500
136.8500
140.0900
140.4000
140.3700
138.2100
137.8000
137.5700
137.1500
135.2100
134.6700
135.1400
133.4100
131.9200
130.4800
131.5000
132.0100
131.0000
130.4500
129.6800
128.6800
129.1400
129.7400
129.0100
131.4200
130.7800
130.4700
130.2000
131.5600
130.3800
130.4700
130.5000
131.1900
131.0000
131.2400
129.8300
133.2800
133.4500
131.5700
130.3800
130.3000
130.5500
128.3400
127.9400
126.7400
127.6000
130.0300
129.8700
130.5200
131.1900
130.8100
129.9700
131.0000
132.2100
132.1500
132.0000
130.8500
130.1800
131.1400
130.7200
131.0000
129.1200
129.7000
129.2200
127.9000
127.8400
128.0400
128.3100
130.1000
126.2500
125.0400
125.0000
124.2200
123.6600
123.8100
124.9200
126.9200
129.6000
126.9100
127.1800
127.6100
128.0000
129.3600
129.5200
128.5900
128.0800
131.2100
133.3300