52.8800
52.9500
52.9000
53.0700
53.2200
54.0600
54.2200
55.0800
54.5700
55.0800
55.7000
56.0200
56.1500
56.4600
56.4500
56.7900
56.7600
56.9400
56.4100
55.8100
56.2800
56.0400
56.3900
56.2900
55.6000
56.2500
57.2200
56.0200
56.3000
56.4000
55.9800
56.3100
56.6600
57.3500
57.4200
57.4800
57.6300
57.6200
57.6000
57.0300
56.4800
56.8800
56.5000
55.4400
55.7800
56.1900
56.2000
56.0400
56.4300
56.5700
57.2200
57.2400
57.1300
56.9500
57.1000
56.6400
57.1000
57.9000
58.6200
58.4700
58.1300
58.6000
59.6100
59.2700
58.6600
58.5900
57.9900
56.7900
57.5100
58.5300
58.0100
58.3200
58.9200
59.1400
59.2300
59.4400
58.9900
59.1300
59.5500
60.1300
60.5400
60.2100
60.3900
60.3600
59.9800
58.8800
59.4800
58.6700
58.4200
58.3200
57.9800
57.5900
57.4000
57.0900
55.5800
55.4000
57.2000
57.0900
56.9300
57.3400
57.0300
57.7800
56.5700
56.3800
54.3500
54.3100
54.5100
55.8200
56.0800
56.4900
55.8800
56.4100
55.3400
55.7800
56.4400
56.6600
57.6100
56.9900
55.7800
55.6500
54.3900
54.3100
54.3000
54.5600
54.8000
54.3400
54.9500
55.0000
54.0600
54.3900
53.9000
54.0200
53.8300
54.5800
54.1700
54.7900
54.8700
55.4100
55.0700
53.9500
53.3300
53.8600
54.0800
55.4300
55.8700
55.7400
55.5400
55.0800
55.4800
55.8300
56.5200
62.0100
61.0600
61.4300
61.3400
61.1100
61.4300
62.2600
61.9000
62.1100
61.6500
61.5700
60.9900
61.0400
60.9300
60.8300
60.8000
60.2800
60.5200
60.0200
60.1300
61.1200
61.2900
61.1300
60.9700
60.3400
60.8600
60.2500
60.1000
60.1600
60.4800
60.6000
60.4700
60.1400
59.8600
59.5700
60.0000
59.5800
60.5600
60.4300
60.3400
60.6000
60.9500
60.7500
60.5100
60.4500
60.7400
60.5400
61.1000
62.2300
62.9000
62.7600
61.6900
64.2900
63.6200
63.2900
63.8800
63.9400
64.6200
65.2700
64.4700
65.3200
64.3300
63.3400
62.5400
62.5900
62.6200
62.1600
61.6300
61.7600
61.5700
63.2700
63.3300
63.7100
64.3300
64.2000
64.1700
64.5700
64.9500
65.0300
64.5200
64.6300
64.4300
64.6900
64.7400
65.3800
65.1700
65.4600
65.4300
65.6900
66.3800
67.0600
66.8300
67.4100
66.9500
67.3000
67.3400
67.0600
65.9600
66.5400
68.3500
68.1000
68.2300
68.1400
68.1900
68.6400
69.0500
68.6300
69.0400
69.4400
69.4600
70.0800
70.5600