17.4400
17.2600
17.3400
17.3300
16.9200
17.3000
17.2600
17.7800
17.4800
16.7800
16.9900
16.9600
16.7200
16.1300
15.8700
15.8300
16.0600
16.0900
15.5200
15.9300
16.2100
16.3300
15.5900
15.4700
15.8500
15.7500
15.5900
15.5100
15.3400
15.1300
15.0200
14.7100
14.7800
14.7100
14.3900
15.1100
15.2500
15.0000
14.8800
15.0200
14.8400
15.5500
15.2600
14.8300
14.8300
15.5500
15.6500
15.3500
16.4000
16.3600
16.5800
16.4600
16.7600
16.5000
16.4000
16.3000
16.7000
17.2100
17.1100
17.0300
16.9000
16.7900
17.1600
16.9300
16.8000
16.7700
16.4000
15.9700
16.1100
16.6700
16.3600
16.1100
16.4900
16.4200
16.1400
16.5700
16.1900
15.9000
16.2300
15.9400
15.7900
15.5800
15.6200
15.7400
15.3600
15.3200
15.1200
14.9400
14.8700
14.9000
15.1300
14.7000
14.4100
14.6300
14.1400
14.0000
14.4900
14.2200
13.9900
14.1200
14.1300
14.3200
13.8500
14.3000
13.4100
13.3800
13.6400
13.8300
13.8800
13.8400
13.3800
13.5300
13.2200
15.1200
14.8800
15.0800
14.9900
14.9400
14.9200
15.0800
15.0800
15.0900
15.3800
15.4000
15.7500
15.6300
16.0000
15.8800
15.8800
15.8400
15.7400
15.4300
15.1000
15.3100
15.5800
15.4300
15.5900
15.6300
15.2800
14.8800
14.6900
11.7600
11.1400
11.3500
11.4500
11.3200
11.2800
11.1000
11.2000
11.2000
11.3400
11.2300
11.1200
11.3700
11.4000
11.4500
11.5200
11.8000
11.7600
11.7500
11.8000
11.9500
11.9800
12.0200
12.1800
12.1600
12.2200
12.2200
12.2900
12.1200
12.0900
12.5200
12.5100
12.3700
12.7200
12.7600
12.9100
13.2200
13.0800
12.8600
13.0700
12.6000
12.8200
12.7700
12.7600
12.8500
13.1000
13.0900
13.0500
13.2200
13.0900
13.1900
12.9100
12.9200
12.8000
12.7200
12.8800
12.7600
12.9100
13.3300
13.4400
13.4700
13.0000
12.8700
12.6800
12.6400
12.7900
12.6700
12.8400
13.3200
12.9300
12.9900
12.9900
12.8900
12.8300
13.5000
13.1800
12.9900
12.6000
12.5700
12.7300
13.0100
13.2700
13.1900
13.1300
12.9800
13.3600
13.7400
13.9400
13.8700
14.3200
14.2800
14.6800
14.4500
14.4000
14.3700
14.3600
14.4500
14.5200
14.4300
14.3600
14.5800
14.2400
14.2500
14.1700
13.9600
13.7500
13.7300
13.6500
14.1700
14.6000
14.7000
14.9300
14.6800
14.7900
14.7400
14.9700
14.9800
14.8900
15.1700
14.9900
15.1900
15.0100