24.5400
25.1100
25.4000
25.2500
25.4700
25.5900
25.8000
25.7500
25.1400
25.0400
25.3900
25.6300
26.3800
26.7100
26.9000
26.9000
26.7500
26.7300
26.7400
26.4200
26.5500
26.4900
26.7400
26.7200
26.6400
26.8500
26.8600
26.7000
26.7000
26.7800
26.5800
26.8300
27.3700
27.1600
26.7300
26.6600
26.7000
26.8900
27.2400
26.8800
26.8600
26.9200
26.5400
26.6100
26.9100
26.8400
27.0700
26.9900
27.4900
27.4600
27.7500
27.7300
27.7400
27.7500
27.7800
27.9000
27.8800
28.1900
28.1900
27.8000
28.1600
28.1200
28.3800
28.1100
27.9300
28.0700
27.7600
27.4500
27.8500
28.4800
28.0900
28.4100
28.4700
27.9500
27.6900
27.6000
27.4500
27.3100
27.8600
28.2200
28.3800
28.4000
28.9500
29.1800
28.5600
27.9000
27.7600
27.3700
27.1900
27.2400
27.6300
27.0200
26.8800
26.5000
26.1900
26.0700
26.1500
26.0300
25.4400
25.6500
25.7400
26.0900
26.1300
25.8400
25.1400
25.0400
25.4300
26.0700
25.9400
26.4100
25.9900
26.5200
26.5400
26.9800
27.3400
27.4200
27.5100
27.6400
26.7100
26.9400
26.0500
26.0100
26.2200
25.8300
26.6500
26.6700
26.8600
26.5500
26.1600
26.1700
25.5600
25.3900
24.7400
25.2500
25.1300
25.3800
26.2100
26.0600
25.5200
25.2600
25.0100
25.1300
25.5000
26.0200
25.7600
25.7000
25.9300
25.9100
26.2300
26.3100
26.5000
26.6000
26.7000
26.8800
26.6900
26.4800
26.2700
26.5900
26.3300
26.2300
26.1100
25.7300
25.0400
24.9100
24.8400
25.0000
24.6700
24.2700
24.8300
24.4200
24.3900
25.1000
24.1900
23.2600
23.3400
23.1900
23.3600
23.3700
23.3100
23.3700
23.1500
23.1800
23.1300
22.8000
22.5400
22.6500
23.0900
22.6600
22.7600
22.8400
22.5500
22.4700
22.6800
22.5100
21.9000
21.7600
21.6800
21.4800
21.7300
22.3500
21.7900
21.6700
21.2700
21.4600
21.5900
21.4600
21.6900
21.9500
21.6300
22.2600
22.0600
21.8400
21.7300
20.9100
20.8300
20.8000
20.7700
20.2800
19.9600
20.0300
20.1900
20.2500
19.5100
19.3600
19.7200
19.8900
19.9300
20.0900
19.5300
19.5700
19.5400
19.9700
19.8500
20.1600
20.1600
20.0800
20.6500
20.6700
20.4900
20.5300
20.5700
20.9600
21.1000
21.0300
20.7700
20.6400
20.6500
20.5100
20.2300
20.6200
21.3800
21.3200
21.1600
21.2500
21.0900
21.4500
21.8000
22.0000
22.0000
21.8800
22.1100
22.6800
21.2500