52.4600
52.3000
52.5400
53.1200
53.1800
54.7500
55.1800
55.2900
54.8300
55.2500
56.4500
57.1000
57.0900
57.4100
57.3300
57.5200
57.4900
57.3500
56.5600
56.4400
57.8800
57.8600
58.4700
57.9000
57.6200
57.5600
57.6000
56.6800
56.5900
56.7700
56.6500
58.0100
57.3800
57.5200
60.9200
58.6800
58.0600
57.8900
57.7800
57.8400
57.9400
57.2700
56.8700
56.0800
57.1300
57.2200
58.1700
58.6200
59.8100
59.6900
60.1800
60.1400
60.3300
60.0400
60.1200
57.7300
57.7100
58.7300
59.4800
59.5100
59.8300
60.1600
60.6200
60.3300
59.3800
59.7700
59.1100
58.5900
60.0300
60.6000
60.3400
60.3100
61.5400
61.4300
60.9000
57.2500
56.7500
56.2900
57.4000
57.6000
57.9800
57.9700
58.2500
58.6400
58.3900
56.9000
56.5800
56.2800
56.5200
55.4300
55.8300
55.3500
55.4900
55.1000
54.4100
54.5100
55.2500
55.9900
56.4700
56.3900
56.4500
56.6300
56.2000
56.2300
54.8000
54.9200
55.6600
57.7000
56.9400
57.0000
55.4300
56.7700
56.4700
57.3700
58.3200
58.7000
58.9700
58.8300
56.8900
57.6600
56.3500
57.0100
57.5200
57.0000
59.3500
59.6800
60.1500
59.9200
57.9000
57.4400
57.4500
57.3400
56.6200
57.2200
57.1300
58.1700
59.7600
59.6200
58.6900
57.0900
56.7600
56.5200
57.3100
58.8800
58.5100
58.0200
57.9300
57.7900
59.0700
59.6200
59.7700
59.6200
59.1000
59.0300
58.2900
58.0200
59.2000
60.0700
59.7600
59.3500
58.9500
59.6500
58.1900
58.4300
58.9300
58.7800
59.0100
58.2100
58.5400
58.5500
58.2900
59.7400
59.4600
59.6200
59.9500
59.9200
59.9700
60.2800
60.1500
59.3600
58.6300
58.8200
58.3800
58.1700
57.8700
57.9700
58.8400
58.8800
59.3400
59.8500
61.0600
61.0700
61.1200
60.5700
59.8600
59.6400
59.6200
59.8900
60.1100
60.7900
60.9100
60.6200
59.8200
59.9400
59.5800
59.6000
59.4400
59.3900
59.4300
61.4300
61.1900
60.9400
61.7800
60.5300
59.8200
59.9600
59.3500
59.2300
58.4700
58.7700
59.2800
58.9500
58.1700
58.5600
59.1600
58.4300
58.2000
58.5800
59.1800
59.9100
59.4200
59.7200
59.9100
59.7300
59.5600
59.6100
60.4400
60.2800
60.0600
60.1800
61.1700
62.0100
62.1300
62.0500
61.4400
61.2900
60.8700
60.3400
59.3300
59.4800
61.9500
61.7400
62.2200
62.2900
61.6200
62.1600
62.4100
62.6200
62.6800
62.9500
62.9500
63.6400
63.6800