29.9700
30.1000
30.4500
30.9400
31.0700
31.3200
31.1400
31.7400
31.4900
31.6800
32.0700
32.4300
32.4600
31.4300
32.1600
31.3200
31.2500
30.9800
31.0900
31.1400
31.3800
31.6000
31.8500
31.4700
31.1100
30.9500
31.4800
31.8500
33.0200
33.0500
32.8500
33.7000
33.4600
33.3200
33.1000
32.9600
32.9200
33.9100
34.6300
35.1500
35.2000
35.6200
35.4900
35.1300
34.7700
35.2900
35.2300
35.4800
36.2900
35.7100
35.9400
35.5700
35.4400
35.3000
35.6800
35.0500
35.1900
35.9800
35.7300
34.8700
35.1600
35.1000
35.1700
34.9800
35.1000
34.8700
33.9700
32.6700
32.7400
33.2700
32.9700
32.8600
33.2200
33.0500
32.9600
33.0200
32.3000
32.8200
33.5500
33.7500
33.8500
33.3100
33.4000
33.3300
32.7500
32.1300
31.9500
31.6700
31.3500
31.2400
31.2800
30.7500
30.9400
30.0900
28.7900
28.8800
29.9100
29.6600
29.7900
29.6200
29.3100
29.9200
29.2800
29.2000
28.1300
27.8100
28.0800
29.1700
29.2200
29.2700
28.6100
29.1500
28.6000
28.7800
28.8400
29.1600
29.9300
29.6700
28.8700
29.2200
28.1900
28.0100
28.1700
27.8900
28.9100
28.9600
29.5700
29.5100
29.0700
28.9100
28.5600
29.7100
30.0500
30.7500
30.7000
31.8800
32.3300
32.5900
32.2900
32.1100
31.4100
31.3700
32.4400
33.3600
32.8400
32.8100
32.4300
32.0400
32.7100
32.8000
33.2300
32.7400
32.6900
32.8900
33.9400
34.1100
34.3400
34.8800
34.5800
34.5400
34.6600
34.7200
34.1700
34.5500
34.4600
34.3400
34.8500
34.3600
34.5600
34.1800
34.1800
35.5500
36.3000
34.7900
34.4800
35.0600
35.7600
35.5200
34.1800
34.0700
34.1300
34.7000
35.5100
36.7800
35.9700
36.0300
36.5500
36.3200
36.1600
35.9900
36.1900
36.4900
36.8100
36.8500
36.5700
36.6100
37.2400
36.8000
37.5900
38.2000
37.5100
38.1500
37.4200
37.6300
36.7800
36.3800
35.2600
35.6600
35.8300
36.9300
35.9300
35.3700
35.6200
34.9700
34.4800
34.8500
34.6600
34.3600
33.6200
33.6500
34.3100
35.5900
35.3600
35.4600
36.2600
36.1000
36.2500
36.9300
37.3100
37.1400
36.8100
36.2500
36.0300
35.9700
36.0400
36.3300
37.1300
37.3800
37.6400
38.0600
38.1600
38.9400
38.9000
39.5900
39.3100
39.4700
39.6900
39.6200
38.9100
39.8400
40.4900
40.3700
40.8500
40.7900
40.4100
40.3300
40.0100
40.1100
40.8300
40.8000
40.5900
41.6400
41.9100