10.1600
10.1700
10.2600
10.3300
10.4200
10.5900
10.4600
10.5900
10.5300
10.6900
10.5900
10.6700
10.5200
10.4500
10.4400
10.4800
10.2500
10.2000
10.4500
10.3300
10.5800
10.5900
10.8600
10.8800
10.8700
10.8500
10.8100
10.7300
10.7500
10.7000
10.8100
10.9300
10.8300
10.9200
10.8300
10.9100
11.6200
11.8100
11.7300
11.7200
11.6400
11.5700
11.6800
11.3900
11.4200
11.7700
11.8000
11.8300
11.9700
11.8800
11.8300
11.8000
11.9600
11.6400
11.5200
11.4200
11.3700
11.5200
11.6600
11.5200
11.3600
11.4100
11.1600
11.0900
10.9700
10.9400
10.7700
10.5300
10.7100
11.0000
10.7800
10.7700
10.9900
10.8200
10.8600
10.8700
10.7100
10.8800
11.1100
11.7600
11.7300
11.8100
11.9600
11.9000
11.7600
11.5000
11.4400
11.2400
11.3800
11.6400
11.6000
11.3900
11.2800
11.1400
10.8800
10.7500
10.7100
10.7200
10.7700
10.7900
10.7400
10.9900
10.6900
10.3900
10.0700
10.0200
10.3600
10.6900
10.6600
10.8400
10.6400
10.8000
10.3500
10.3400
10.5000
10.4000
10.6100
10.7700
10.3900
10.3200
10.1100
10.3000
10.5000
10.4500
10.8500
11.0400
11.3800
11.1600
10.8500
10.6700
10.5500
10.4200
10.5100
10.7000
10.9900
11.5300
11.5000
11.5600
11.5900
11.3400
11.1800
10.9900
9.9000
10.1200
9.8500
9.8700
9.7800
9.6800
10.9700
10.1100
10.4300
10.3600
10.7800
10.7400
10.6400
10.6200
10.7200
11.0800
11.2700
11.3600
11.4400
11.0600
10.8600
10.8100
10.7600
10.6500
10.7000
10.6300
10.6400
10.7100
10.7500
11.0100
10.9800
11.0800
11.2100
11.5900
11.7400
11.6500
11.6600
11.5100
11.6800
11.6100
11.5800
11.4400
11.2500
11.0700
11.1400
11.1200
11.0900
11.2000
11.3100
11.3900
11.4700
11.4300
11.4700
11.2800
11.3100
11.2600
11.4500
11.3300
11.0100
11.1000
10.9000
10.8900
10.8800
10.8200
10.5500
10.2900
10.1000
10.2600
9.9200
10.0600
10.1800
10.0100
9.8400
9.9600
9.9400
9.7600
9.5400
9.4500
9.5900
9.9100
9.9000
9.9700
10.3200
10.2300
10.2700
10.5000
10.7200
10.8200
10.6200
10.7100
10.9000
10.8100
10.7800
10.7100
11.0200
10.8900
10.7900
10.9000
10.9700
11.2400
11.2100
11.4200
11.1500
11.0100
10.9000
10.8300
10.7800
11.0200
11.6300
11.8600
11.7600
11.7700
11.6100
11.6300
11.7400
11.6800
11.7400
11.7400
11.6800
11.9400
11.9400