31.0100
31.1500
31.1800
31.6200
31.4500
32.0800
31.5800
31.5200
31.5500
31.7000
31.9200
32.0100
31.9200
31.5600
31.5100
31.7700
31.2300
31.0600
30.9400
30.8200
30.8500
30.7500
30.8500
30.6100
30.8900
30.8700
30.8300
30.4700
30.7700
30.5600
30.3300
30.4300
30.9300
30.6000
30.8200
30.2500
31.4400
31.5800
30.9600
31.0500
30.8400
30.4100
29.4500
28.8700
28.8700
28.8400
28.7800
28.8900
29.0700
29.0000
29.1100
29.1900
29.3300
29.2000
29.1500
28.6500
28.5100
28.9000
29.1300
28.6000
28.7300
28.8000
28.9000
28.8200
28.7800
28.8600
28.8800
28.5600
28.8900
29.5500
29.6500
29.5200
29.5800
29.2200
29.5500
30.1600
29.9600
29.9100
30.1700
30.1400
30.6900
30.3700
30.4800
31.1000
30.9200
31.2600
31.7800
31.3400
30.9900
30.8300
30.9400
30.6300
30.2000
29.9000
29.1500
28.5300
28.7000
28.6000
29.0400
29.1700
29.3000
29.4300
28.7300
28.3500
27.5300
27.4100
28.4000
32.3200
32.1000
32.7200
32.5300
32.6200
32.8500
32.7900
33.1800
33.0800
33.2000
33.0100
32.5300
32.7800
32.6900
32.4700
32.5600
32.3200
32.9600
32.5500
32.3900
32.7700
32.2300
32.2300
31.5400
31.2100
31.2500
31.7700
31.5000
31.9000
32.0100
32.2500
31.6800
31.5000
31.2200
31.2800
32.3000
32.7600
32.4000
32.2100
32.2400
31.9900
32.8200
32.7500
33.1800
33.3400
33.3200
33.6900
33.5900
33.4100
33.3900
33.3600
33.5300
33.2100
33.0000
32.8600
32.5200
32.5500
32.1800
32.1400
33.0000
32.9500
32.8000
32.5600
32.4800
33.0000
32.9900
32.8900
32.6300
33.0800
32.9300
33.3000
33.2600
33.2700
33.6500
33.8000
33.8900
34.0700
33.6600
33.6100
33.6200
34.1100
33.6900
34.0900
34.4500
34.6100
34.9400
34.9100
34.7800
34.3500
35.9600
35.2400
35.9500
36.4800
37.6900
33.7800
34.0800
33.6900
33.4500
33.4200
33.6800
33.9900
34.6000
35.2000
34.7600
34.8000
34.8100
34.2600
34.0700
34.2000
33.9600
33.5900
33.2000
32.6100
32.6900
33.3100
33.1000
32.5900
32.6000
32.0100
31.9100
31.6000
31.4900
31.6000
31.6400
31.4700
31.4600
31.2000
31.3400
31.2100
31.1900
31.2500
30.7100
30.9400
30.9600
31.2600
31.1100
31.2400
31.4300
31.1500
31.0000
30.9300
30.6800
31.0500
32.0800
32.6700
33.2000
33.0000
32.6000
32.5100
33.1000
32.8400
32.9900
33.6200
33.4300
33.8700
34.2000