471.7100
466.9400
472.3600
460.4600
451.5000
450.1900
456.9500
458.1300
459.4400
465.3600
470.8600
474.6500
445.6800
444.3900
440.0000
455.6600
456.3800
459.0000
456.5200
459.9100
462.9400
483.0000
492.0100
491.3900
494.0000
491.9200
492.4100
490.8300
503.0700
510.4000
505.2300
507.5400
505.9900
504.9100
504.0800
506.3600
512.7600
514.2300
515.6900
511.6200
521.3300
516.9100
513.4300
506.6400
508.2500
516.8600
523.8300
526.4700
531.3200
528.2000
528.2000
529.7400
529.5400
531.6300
532.9200
534.8100
533.4000
541.9600
546.3100
544.6300
543.6800
541.7500
545.8200
548.3900
543.9700
545.2400
539.0700
535.2400
540.0100
551.5900
546.5600
541.0900
545.5300
584.5200
579.2200
576.5700
567.4400
560.1100
575.5000
576.6400
585.8200
578.2000
588.2800
586.1600
578.3700
565.1600
564.0000
557.0000
549.5900
556.7500
558.9500
550.5600
546.8500
537.1800
519.0900
511.2400
527.0700
525.0800
530.8900
531.5000
526.5500
527.9000
531.5500
523.1000
503.0100
516.2100
522.3800
533.4400
529.5100
536.7000
520.8900
530.8900
525.9700
527.9800
531.6600
545.2400
548.5800
548.2200
537.0300
550.1200
539.8100
544.3100
544.2400
536.2900
553.7900
565.9700
566.6100
563.4100
551.4700
551.3900
531.7700
535.0100
534.5900
540.0400
536.5200
544.1100
549.3600
544.2100
498.5000
477.4700
472.4800
483.5900
489.2000
498.9400
491.6100
481.5000
476.7900
477.7900
492.8500
490.8000
496.7600
501.2200
497.5600
498.5800
508.3100
509.8600
517.3100
514.9500
511.7300
510.3200
507.5000
507.7600
503.2100
505.5200
500.6900
498.0100
496.5400
491.6600
491.7900
491.0900
487.7000
495.9200
500.7400
495.1900
487.4100
486.0800
489.7200
501.6500
510.3100
512.3600
509.3900
506.3400
517.7600
517.5000
511.4700
495.6200
499.6600
495.6300
499.8000
500.7500
511.0300
516.4900
511.3100
509.3200
495.1600
494.6300
494.6400
494.5800
512.5300
533.1300
532.4100
535.8200
538.3500
551.1900
546.6100
543.0100
545.6300
535.8400
542.2200
540.9600
541.4700
540.8200
543.9000
537.7000
531.5000
529.6000
533.6400
536.1700
526.4600
524.2900
533.9200
542.4900
536.4800
534.4600
537.5000
534.2500
525.0000
530.4900
534.9500
529.0000
525.4100
527.1700
516.7700
519.7800
518.2900
526.8500
536.3000
539.5700
537.9500
533.1100
551.0000
546.5200
515.4500
488.3100
496.7900
489.7300
480.1400
487.1700
479.5000
490.3700
497.5200
503.6700
500.2800
502.0000
504.4300
506.7300
508.8700
506.0000
512.7200
503.5900
498.5000
514.2000
508.3300