19.5700
20.0500
20.2200
20.2700
20.5700
20.7300
21.6400
22.0200
21.4900
21.8500
21.8500
22.2900
21.6700
21.2900
21.1400
21.5200
21.4900
21.6600
21.6600
21.7400
22.0400
22.2400
22.5800
22.6400
22.7100
22.6000
22.7100
22.6000
22.4500
22.4200
22.2600
22.5000
22.7200
22.8300
22.8100
23.4300
23.3700
23.1700
23.3500
24.9500
24.8700
23.8900
23.4000
22.7000
22.8400
22.8000
22.8800
22.7300
23.0100
22.6900
23.0300
22.9700
22.9000
22.6800
22.5100
22.3300
22.5900
22.9800
22.8600
22.8500
22.7100
22.9400
23.0900
23.3200
22.8100
22.6800
21.9800
21.5000
21.5400
21.8200
21.5700
21.3800
22.0000
21.8700
21.6400
21.9500
21.7300
22.0700
22.3700
22.3200
22.5600
22.4600
22.6200
22.4700
22.0100
21.9700
22.3000
22.0600
21.8900
21.7900
21.9400
21.5000
21.5800
21.3400
20.8700
20.5500
20.8300
20.7800
20.7900
20.7800
20.6700
20.9100
20.5600
20.5300
19.6900
19.7100
19.7000
20.0200
20.2400
20.1800
19.3100
19.5000
19.2300
19.1900
19.2400
19.0400
19.2200
19.0800
18.7000
18.0400
17.5800
17.4900
17.1400
17.2000
17.6000
17.8800
18.1300
18.0700
18.0900
17.9500
17.6600
17.4600
17.6600
17.7100
17.6100
17.6800
18.3500
18.7200
18.8200
18.5800
18.4500
18.3300
18.6700
18.9000
18.6300
18.7400
18.5300
18.1800
20.2700
20.3700
20.5800
20.5500
20.6900
20.7200
20.7300
20.5400
20.6400
20.8000
20.7400
20.6500
20.6500
20.6000
20.5200
20.4400
20.6700
20.5500
20.1700
19.7900
19.9000
19.8900
19.5500
20.4400
20.5700
20.6500
21.0200
21.1500
21.3200
21.5400
21.1400
20.9700
21.4000
21.0800
21.2500
20.9900
20.7500
20.3100
20.3200
20.1500
19.9800
20.0400
20.2200
20.5300
20.7300
20.7100
20.6400
20.3900
20.5100
20.5500
20.8700
20.8500
21.0100
20.8800
20.4900
20.5300
20.5200
20.7300
20.9500
20.6900
20.8000
21.4400
21.6900
22.1600
22.3300
21.7200
21.6300
21.7200
21.7300
21.5700
21.1600
20.9900
20.9300
21.3400
21.3600
21.4500
21.6700
21.8700
21.7400
22.0200
22.2500
22.3700
22.3100
22.3500
22.2000
22.2800
22.5600
22.6100
22.5400
22.4700
22.4800
22.5300
22.7500
23.0600
23.0100
23.0000
22.7900
22.7500
22.9300
22.8100
22.9600
23.4600
24.3100
24.3100
24.6600
24.4300
24.4900
24.9000
25.0100
24.9900
25.0000
25.2700
25.2200
25.5200
25.5800