48.0300
48.2800
48.4000
47.7900
47.8800
48.6800
49.0500
49.5000
49.3700
50.9600
50.7000
51.2200
51.4700
51.5500
51.9300
52.8200
53.0100
52.7700
53.2000
53.0300
54.9000
54.9800
55.6000
55.5800
55.7900
56.0000
56.3400
55.7100
55.9500
55.9700
55.4400
56.4200
56.1900
56.5600
56.2200
56.3400
55.9200
56.2700
56.0100
55.6900
55.8800
55.5000
55.3600
53.6200
54.2400
54.9800
55.4400
55.6600
56.6900
56.9500
57.8800
57.9100
58.0800
57.1900
57.1300
56.5800
56.9100
57.8300
57.8000
56.7700
56.8000
57.1200
57.1700
56.9400
56.4100
56.3100
55.5100
54.7500
55.3600
56.6900
54.8200
55.1500
55.7700
55.9200
55.4100
55.7900
55.2200
56.6800
57.5500
57.6000
58.1100
57.3800
57.3700
57.7300
57.3300
56.4300
56.7600
56.5300
55.7800
56.3300
56.3900
55.7800
55.3700
54.8900
53.7700
53.5500
54.3900
54.6400
55.1000
55.7500
56.2900
57.2000
56.0000
56.1500
54.8500
54.4100
54.1900
55.2900
55.8600
56.0100
55.0200
55.4800
54.5200
54.0800
54.4800
54.4300
55.4200
54.9300
53.1900
53.6700
52.2600
51.8900
51.5900
50.9400
52.8900
52.0600
52.5200
52.7100
52.0600
52.3000
51.2300
50.2900
50.0400
50.7500
50.4500
50.5000
52.7400
53.6400
53.2900
53.5700
52.2900
52.7000
53.5600
55.2700
54.5800
54.3400
53.9900
53.6800
55.6200
55.5700
56.5200
56.8800
56.8000
57.3100
57.6100
57.2000
57.6000
59.6700
60.0000
59.2800
59.0800
58.7600
58.8800
59.6800
60.1000
59.3400
59.2800
58.9200
59.2900
58.9200
58.4500
59.7100
60.6000
60.3900
60.3200
61.0800
61.3700
61.1200
61.1800
61.3300
61.2000
61.0800
60.8100
60.6200
59.7500
58.6600
59.1600
59.4700
59.5700
58.8100
59.8600
60.6000
60.6600
60.3900
59.0700
58.2800
58.4300
58.5500
58.8700
59.6100
60.1800
60.7500
60.7900
60.5600
60.7300
60.1400
60.4700
60.2700
61.3300
62.1200
62.0200
62.3300
62.9500
61.7400
60.3500
60.4400
60.9100
60.8300
59.5500
58.7500
58.8700
59.5500
59.8500
59.7700
60.6200
60.5400
60.5400
61.4600
61.8300
61.5700
61.0700
61.1600
61.7100
61.5500
61.1700
61.9700
61.8600
62.1100
62.0500
59.8200
60.2600
61.7900
61.3900
61.8900
61.2900
61.0800
61.0000
60.6900
60.0200
60.8100
61.9800
62.2300
62.4000
62.2600
62.2200
61.8700
62.7600
62.5600
62.8800
62.6200
62.2900
63.3000
63.7200