20.5600
20.3500
20.5700
20.7700
20.8900
21.6200
21.2900
21.7200
21.6200
21.6300
21.9700
22.1700
22.4400
22.4000
22.3900
22.1800
22.7800
22.9900
22.5500
22.5700
23.1800
23.1500
23.8800
23.8900
24.2800
24.3200
24.4400
24.1000
24.3600
23.9500
23.8500
24.7300
24.7000
24.8000
24.7600
24.9500
24.8800
24.7700
24.9600
24.7700
24.8800
24.7700
24.4200
23.8800
24.2600
24.6000
24.8700
25.0600
25.9900
25.9700
26.3700
26.1400
26.3000
26.0600
26.3800
25.7800
26.2900
26.8400
26.4700
26.3100
26.1300
26.6700
26.7700
26.5900
25.9800
26.0200
25.1900
24.4500
24.8100
25.3700
24.7100
24.6800
25.0700
24.5000
24.2900
24.1800
23.7200
24.0300
24.4500
25.0600
25.1000
24.8400
25.1800
24.7500
24.3400
23.7000
23.6300
23.4200
23.2300
22.7400
23.2500
22.5600
22.4900
22.0600
21.6100
21.1300
21.4800
21.3600
21.6300
21.6000
21.5400
21.9600
21.5500
21.7500
20.8500
20.7900
21.5400
22.4600
22.4800
22.8200
22.3500
21.9700
21.6600
21.9100
22.0300
21.7900
22.3600
22.2000
21.5200
21.7200
21.1800
21.4900
21.6200
21.8100
22.6000
22.5600
22.8800
22.2600
22.1400
21.8800
22.0300
22.1900
21.8700
22.6500
22.1100
22.1300
22.3200
22.3400
21.5400
21.2100
20.6900
20.4900
20.9100
22.1200
22.2700
22.1300
21.9000
21.7100
22.6100
22.5200
23.1100
23.1100
23.5900
23.7000
23.7400
23.6300
23.7900
24.0600
24.0400
23.8000
23.8900
23.9200
23.6600
23.8000
23.6500
23.8300
23.7000
23.4900
23.6800
23.8200
23.8500
24.7700
25.0100
24.6000
24.7900
24.9800
25.6500
25.8200
25.8500
25.7100
25.5800
25.4600
25.3900
25.3500
24.8600
24.6000
25.1000
24.9900
25.1100
25.0700
25.3700
25.6800
25.5100
25.4900
25.1800
24.9700
25.0100
24.7100
24.7400
25.0200
25.3000
25.1900
24.6300
24.5300
24.0600
24.0800
24.1900
24.2500
24.3200
24.7400
24.4000
24.4700
24.6700
23.9000
23.7500
23.9000
24.0700
23.9400
23.3200
23.2100
23.4000
24.0400
24.2500
24.3200
24.8300
24.7700
24.7400
24.7800
25.0300
24.9900
24.7500
24.6000
24.4600
24.7700
24.8600
24.8500
24.9700
25.4200
25.2500
25.4600
25.7800
26.3000
26.0800
26.3400
26.2300
26.2600
26.1500
25.9700
25.7800
26.0900
26.9600
27.0100
27.5600
27.4800
27.2300
27.3700
27.5600
27.7400
27.3400
27.5300
27.2300
27.4800
27.6600