20.1100
20.1800
20.7600
20.8700
21.3300
21.4300
21.4800
21.5000
21.0400
21.6800
22.3600
23.1500
23.0000
23.1100
23.1700
23.0600
22.6200
22.8000
22.5000
22.6600
23.2800
23.1300
24.1200
23.8200
23.8300
23.9700
24.8700
24.7200
25.1600
25.0300
25.3600
25.9000
26.0300
25.9100
25.6900
25.9900
26.0100
25.8400
26.2400
25.8300
26.1200
25.9800
25.4000
24.7200
25.1000
25.5500
26.1600
26.2200
26.9200
26.8200
27.0300
26.8200
27.1300
26.4900
25.8800
25.5100
25.5000
25.7000
25.5500
25.1300
25.1700
25.1200
25.4100
25.0000
24.4100
24.2000
23.7700
22.9100
22.9700
23.3700
23.0300
23.0700
23.4200
22.7400
22.4400
22.5800
22.1600
21.8100
23.0800
23.4700
23.5800
23.4500
23.4700
23.7000
22.8600
21.6600
21.0800
21.1800
20.8700
20.0900
20.0400
19.3200
19.7400
19.4200
18.9700
18.9100
19.3000
19.5000
19.3800
18.9000
19.2500
20.0600
19.1900
19.1300
18.1900
17.9500
18.6000
19.1500
19.0500
19.1000
18.7000
19.3500
18.6300
18.4800
19.1300
19.0100
19.4200
20.7500
20.0700
19.7600
18.8000
19.0200
19.6700
19.5300
20.3300
20.0400
20.4800
20.4500
19.8500
19.6200
19.0600
18.7600
18.8000
19.0200
18.9400
19.1800
20.2900
20.8300
20.5500
20.2500
19.6800
20.0000
20.6500
21.2200
21.2100
21.7000
21.2500
21.1500
22.0200
22.1200
22.5300
22.5000
22.5000
22.6700
22.5300
22.3200
22.5700
23.0400
23.1600
23.2500
23.4900
23.2700
23.3000
23.2700
23.3800
23.0500
23.2800
22.7300
22.7800
21.4600
21.4800
21.9300
21.9000
21.8700
22.2100
21.9900
22.1500
22.7000
22.3900
22.3000
22.1400
21.9500
21.5500
21.3700
20.9700
18.9000
18.9000
18.7200
18.4700
18.3900
18.1200
18.0500
18.0500
17.3900
17.5100
17.0000
17.1700
17.0300
17.1200
17.6000
17.7200
17.2600
17.1900
17.2500
17.0500
17.0300
17.1400
17.2800
17.3400
17.7000
17.4000
18.1000
18.4800
17.8500
17.5000
17.6200
17.4000
16.9700
17.1700
17.4200
17.6300
18.2600
18.2600
18.5500
18.9500
18.9300
18.7300
18.9100
19.0500
19.0000
18.7000
18.7800
18.8000
18.5000
18.3700
18.2700
18.9900
18.6500
18.5300
17.5100
17.7900
18.4100
18.5700
19.9500
19.3900
19.2900
19.2100
19.1700
18.6100
19.2900
19.6000
19.5000
19.4400
19.5400
19.0400
19.0700
19.6300
19.9200
19.5400
19.7500
19.7300
19.7700
19.6300