32.2200
32.5000
32.9000
33.1700
33.2300
34.3600
34.5200
35.1000
35.0500
34.9200
35.5800
32.4600
31.5000
31.3400
31.7500
31.9200
31.6700
31.6600
31.8700
31.7700
31.9900
32.4400
33.6200
33.5400
33.0000
32.5000
33.0700
32.9500
33.3800
33.2700
33.3000
34.4400
35.1600
35.1300
34.6500
33.4700
33.1900
33.2700
33.1800
32.6300
33.4100
33.2600
32.7100
31.0600
31.2600
31.9600
32.3100
31.7000
32.0600
32.0700
32.9100
32.6600
32.5600
32.3800
32.3400
31.6600
32.0800
32.7800
32.5300
32.1300
32.2700
32.4800
32.8500
32.6000
31.8200
31.7200
31.3300
30.6500
30.8600
31.8300
32.5700
32.4000
33.1600
32.8400
32.3500
31.9600
31.3100
31.0200
31.6600
32.0200
32.3300
31.9700
32.3800
32.4200
32.5400
31.6100
31.5600
31.7700
31.6100
31.7900
31.8200
31.7600
31.3800
31.3000
30.4300
29.5500
30.3200
30.3600
30.8400
30.8300
30.5400
31.2600
30.5200
30.1400
29.0300
28.6000
28.8600
29.6000
29.4500
29.4600
28.3400
28.6000
27.9800
27.9800
28.2100
28.0400
28.7500
28.4100
27.3700
26.9500
26.5700
26.6900
26.8800
26.6900
27.7100
27.0400
27.8100
27.7400
27.0300
26.7500
26.7700
26.8900
26.6400
27.5600
27.4300
27.4900
28.3200
26.0700
25.2800
24.5100
23.5100
23.6800
24.1400
25.0600
24.7100
24.6500
24.3100
23.8300
24.5900
24.9500
26.0200
25.5300
25.9100
26.1100
26.1300
26.2300
26.3500
27.0000
27.3800
27.2700
26.9900
27.1100
26.9100
26.9800
26.9300
27.0300
27.1500
27.1500
27.2100
26.8500
26.7000
27.4900
27.7700
27.7100
28.1400
28.5100
28.7800
29.2000
28.7100
28.4300
29.0800
28.6900
28.4500
28.4900
27.4900
27.4200
27.6200
27.4000
27.6500
27.5500
27.5500
27.8800
27.8500
27.6100
26.8500
26.0700
26.2300
25.8700
26.0000
26.2800
26.3300
26.7500
26.1900
26.4200
26.1700
25.8600
26.1600
25.8100
25.7500
26.0400
26.2500
26.5000
26.7200
25.9200
25.5900
25.5200
25.5400
25.1700
24.9400
25.1100
25.0900
26.0300
26.1900
26.7600
27.2200
27.0800
26.9700
27.5600
27.6700
27.5400
27.2800
27.6100
27.4100
27.5800
28.1400
28.5900
28.7400
28.6500
28.3700
28.2000
28.6900
29.2200
29.7600
30.0100
30.1200
30.1500
30.2300
30.3800
30.1100
30.6700
31.4900
31.8000
31.3900
31.5300
31.1900
31.4200
31.4900
31.6700
31.7300
31.8200
31.5700
31.9600
31.0100