35.0200
34.9100
33.9700
34.9600
34.5700
34.4200
34.5600
34.2600
33.7400
33.2800
33.9200
35.5300
35.0900
34.9700
34.6000
34.2700
40.7200
41.4200
41.8100
41.5500
41.3200
41.4200
41.0600
41.2700
42.1400
42.3500
43.1300
42.4400
42.0000
42.3700
42.2500
41.9600
42.6800
41.3500
41.6000
41.9300
41.7200
41.2200
41.3400
39.6000
38.9900
38.9400
38.6800
38.4700
38.7900
38.6200
37.6600
37.5100
37.6300
36.6400
36.9900
36.2400
36.2200
36.9800
36.8600
36.6300
36.0500
35.9900
36.6800
36.1700
35.6800
35.4300
35.7500
35.2600
35.6600
34.9700
33.8800
33.2100
34.4300
34.4600
34.0600
33.8800
34.5300
33.8700
34.2400
33.4800
32.7600
33.8100
35.6600
36.3200
36.7200
36.0600
35.6700
35.2700
35.0700
33.6600
33.5800
33.2200
33.7100
33.8100
34.3300
33.5400
33.3200
26.7500
25.9400
26.2900
26.6600
26.4600
27.2600
27.3100
28.0800
28.0100
27.0200
26.2300
25.8300
25.2700
24.2700
24.8800
24.6500
25.1800
24.0000
24.1700
23.7100
24.2900
24.8900
24.3300
22.2500
23.4900
22.7200
22.5600
21.7100
21.9500
21.8800
22.4600
23.3100
22.7200
21.8800
22.5000
22.1300
22.0300
20.7600
20.3000
20.0400
20.0200
19.5800
19.2500
19.7100
20.6600
20.6200
20.8400
21.0100
22.0000
22.2100
23.0000
22.1900
22.5100
21.0200
20.4600
20.9000
21.2100
21.2400
21.4000
22.1000
23.4000
22.6700
22.9800
23.6700
24.3100
24.1000
24.6600
24.4100
24.4000
24.5000
24.7500
24.6500
25.3000
26.2300
25.9900
26.0800
25.9600
26.4300
27.9700
28.5000
28.7000
29.4700
29.0500
28.6600
28.8200
28.8400
29.0600
29.0900
25.8300
25.8900
24.6500
24.6700
24.5500
24.4500
24.2900
24.5800
23.5600
23.8900
23.7700
23.9600
23.9300
24.3900
24.1500
26.1800
26.0300
25.8800
26.1200
26.5800
26.8200
26.0100
26.2500
25.6200
24.7100
25.1300
25.4600
24.0100
24.2600
23.7000
23.3500
23.5300
22.8000
21.6900
20.6400
17.9700
17.4000
16.8900
16.5000
16.2800
16.7500
17.2400
17.2500
17.2900
17.2300
17.5200
18.3200
18.1400
17.9400
17.3600
17.7800
17.5300
18.1400
18.1700
18.4700
19.2300
19.4500
20.8000
20.9800
20.6400
20.1700
20.8800
20.0900
19.5900
19.8700
20.7500
19.5200
18.9700
19.7100
20.8400
20.1100
20.6200
19.9600
18.9900
18.8000
19.1500
18.2600
18.0900
18.7100
18.7900
18.1400
18.8700