10.8400
10.6800
11.0000
11.1200
11.4600
11.4200
11.6600
11.6400
11.4700
11.7800
12.6400
12.9300
13.4500
13.2700
13.5700
13.5700
13.4700
12.8400
12.8300
12.6900
13.1300
12.1900
12.3900
12.6600
13.2500
13.7000
13.7900
13.9400
14.0800
14.0200
14.3100
14.6700
14.9300
14.6000
13.9300
14.1600
14.0300
14.0100
13.9700
13.0300
13.4600
13.4100
12.8900
12.4900
12.8000
13.1500
13.5200
13.3500
13.9100
13.7000
14.1500
14.2100
14.3000
14.1100
14.1500
13.7700
13.8800
14.3200
14.7900
14.5900
14.5700
14.4900
14.5900
14.4000
13.8700
13.4900
13.0300
12.6400
12.8600
13.2600
13.0000
12.9200
13.3100
13.2900
13.2000
12.9500
12.2800
12.2700
12.6300
12.2200
12.5100
12.1700
12.2800
12.0400
11.5900
11.0900
11.0700
10.8700
10.8100
10.7400
10.6900
10.6200
10.5500
10.3000
10.0000
9.8600
10.2200
10.2200
10.3600
9.9100
9.8300
10.1700
10.0000
10.1500
9.6500
9.4500
9.7500
10.3500
10.2800
10.5200
9.9400
10.2100
9.9000
9.8500
10.1000
10.4400
10.5100
10.8500
10.2700
10.3900
9.9800
10.0300
10.4000
10.4800
11.0000
10.9200
11.2400
11.0800
10.5800
10.2200
10.1700
9.3700
9.0300
9.0000
8.8300
8.6300
9.2900
9.5800
9.3100
8.7800
8.9300
9.1600
9.5600
9.9500
9.8700
9.8400
9.7300
9.4500
9.8500
10.2800
10.5000
10.5900
10.7700
10.9000
11.0600
10.6800
11.5600
11.8400
12.0100
11.7100
11.7900
11.7200
11.6200
11.6800
11.8400
11.9100
11.7500
11.0700
11.1900
11.1900
11.1800
11.7900
12.2900
12.2900
12.6600
12.6900
12.9100
13.4500
13.1900
13.2000
13.1900
13.0300
12.9000
12.7600
12.3400
12.1400
12.7600
12.3800
11.9200
11.6800
11.7500
11.5300
11.3600
10.8800
10.6000
10.4600
10.4800
10.3000
10.3700
10.7100
10.8200
10.4800
10.1700
10.2300
10.4200
10.1700
10.3000
10.3300
9.7000
10.4500
10.2200
10.4600
10.6300
11.1500
11.0600
11.1500
11.1600
10.9500
11.1300
10.9400
10.8000
11.0500
10.9700
11.2300
11.6300
11.5200
11.4300
11.9100
12.0100
12.1300
12.1900
12.3500
12.3700
12.3400
12.3200
12.4700
12.8000
12.5800
12.5100
12.5800
12.6200
13.1900
13.2100
13.3000
13.2000
13.1600
13.3100
13.2900
13.1600
13.5000
14.0300
13.8600
13.8300
14.1400
13.8400
13.5200
13.4700
13.2200
13.1800
13.3600
13.5000
13.6100
13.2000