41.4900
41.5200
41.2800
41.1700
40.6500
41.6800
41.3100
43.4700
43.0000
43.6500
44.2400
45.1600
45.2900
45.3000
45.5300
46.3100
45.2800
45.1900
44.8100
44.7600
46.2500
46.1200
47.2100
46.5300
46.1400
45.8300
46.3900
45.8500
46.2900
45.9900
44.6300
45.4800
45.5500
45.6200
44.7600
47.6100
47.1900
47.0500
46.9800
46.2200
47.2800
47.1800
46.8100
44.8300
44.8100
45.1500
45.4000
45.0500
46.4000
45.7800
46.8700
46.8900
46.8700
45.8200
45.9300
44.8200
44.9000
46.3600
46.4600
45.4400
44.8500
44.3700
44.7500
44.7300
43.9300
43.7700
43.0200
41.9200
42.6700
43.6600
42.9000
43.2800
44.2500
43.8600
43.1800
43.1800
42.6900
42.8800
43.5600
43.8300
44.6000
43.8300
41.8600
41.8000
40.9100
39.5500
39.2900
39.1400
39.2900
38.9800
38.8600
38.2500
37.5900
37.1300
36.4500
36.1400
36.9600
36.5200
36.9900
37.0300
36.9600
37.4400
36.0900
35.5200
34.9500
34.4000
35.5800
36.4500
36.2100
36.4400
35.5800
35.8600
35.3500
35.5800
35.9400
35.9100
36.7100
36.1600
35.1200
35.4000
34.5000
34.9000
35.9100
36.5300
37.8600
37.6500
38.4400
37.9800
37.5100
37.6300
37.0600
36.7300
36.4600
37.2400
37.0800
37.4400
38.4000
38.7600
37.8900
37.2800
36.4000
36.6100
37.6500
39.4500
39.2000
38.5700
38.3500
38.3300
38.9900
39.3400
39.3200
39.6000
39.6600
39.3400
39.1800
39.4900
40.1400
40.8800
41.0000
40.9500
41.2900
40.7100
40.5300
40.4000
40.1000
39.8800
39.7400
39.1900
39.5400
39.4800
39.4500
40.6000
40.2000
40.7700
41.6700
41.6400
42.6100
43.3200
43.1600
43.1600
43.0000
42.6800
42.7800
42.7900
41.0500
40.7100
40.8600
40.4300
40.6000
41.0300
40.7500
41.0200
41.2100
40.8400
39.9500
39.7800
39.9300
39.9600
40.0100
40.6800
40.9300
40.9100
39.6200
39.5300
38.8900
38.7000
38.8800
38.4300
38.5900
39.4800
38.7700
39.7200
40.9700
39.6900
38.9700
39.0000
39.2900
39.0000
38.7900
39.0200
38.9500
39.7000
39.4400
39.8100
40.3800
41.0400
40.7800
40.6200
41.0100
40.9400
40.6200
41.1000
41.3100
41.5600
42.1100
42.1600
42.4200
42.1500
41.7200
41.3400
42.0400
42.9100
42.5700
43.5400
42.9100
42.8200
42.6100
42.3500
41.7300
42.5700
43.7500
43.5400
43.9200
44.0400
44.1900
44.4300
45.1900
44.9500
44.9200
45.5500
45.3800
46.0500
46.0500