65.8800
65.4800
65.4000
64.8300
64.9300
65.2000
65.1300
65.2300
65.2600
65.1200
65.2800
65.1900
65.2700
65.0000
65.0000
65.2200
65.7000
65.5600
65.7100
65.9100
65.6900
65.5900
65.6400
65.1900
65.2600
65.2400
64.8900
64.6000
64.6800
64.6100
64.6500
64.9200
64.9900
65.0400
65.0000
65.1000
64.4600
64.4500
65.1800
65.0800
64.8300
64.7700
64.9100
64.3500
64.3000
64.8500
64.7400
65.1000
65.3300
65.0800
65.0700
65.1200
65.2100
64.9600
64.7600
64.4600
64.5500
65.1700
65.4000
65.6200
65.5400
65.9600
66.2100
65.8800
65.3900
65.3400
64.9200
64.2000
64.1300
64.1500
63.5400
63.9800
64.2200
63.2600
63.0300
63.7100
63.3700
63.7700
64.4300
64.7500
64.8400
65.1000
65.2200
65.3300
65.3400
64.7400
64.8000
64.9800
64.2800
64.5700
64.3400
63.9300
63.6100
63.7100
63.5500
63.3500
63.4700
63.5200
63.2700
63.1000
62.5100
62.5900
62.2100
62.4300
61.7800
62.3400
62.2100
62.8000
62.8000
62.9800
62.1200
63.0800
64.4500
65.4500
66.0100
66.3000
66.7200
67.0000
66.3900
66.6300
66.5000
66.4200
66.8400
66.9400
67.5600
68.0000
68.0400
67.7800
67.6400
67.7800
67.8800
67.9000
67.7100
68.6100
68.4500
69.0000
69.3700
69.5300
68.6300
68.1100
67.3500
67.5300
68.7400
69.5200
69.4500
69.2200
69.3800
68.4500
69.1200
68.8400
68.2900
68.3500
68.3200
68.6400
68.4600
68.6400
68.3500
68.2000
67.8000
67.7000
67.7800
67.7500
67.7400
67.6000
67.4900
67.5100
67.3700
67.2100
67.4300
67.2600
67.2700
67.8400
67.8800
68.1800
68.2000
68.1500
68.9900
68.4700
68.2500
68.5500
68.6000
68.9000
69.0600
69.0000
69.3200
69.0000
69.0100
68.9100
69.1300
68.9600
69.0000
69.2700
69.6500
69.4400
68.4100
68.2200
67.9700
67.9700
68.6000
69.5500
71.0000
72.5200
71.8600
71.7800
70.8900
70.7400
71.1400
70.9000
70.8200
71.5000
70.9000
70.7900
71.0100
70.3400
69.6500
69.8700
69.6800
69.5100
69.2700
69.0700
69.1900
69.2500
69.6700
69.5900
69.5600
69.0900
68.8100
69.2900
69.2200
69.7300
69.6500
69.8600
69.9700
70.0500
70.4500
70.6000
71.1000
70.9600
70.7500
70.6900
70.9400
70.9500
70.6300
70.7500
70.2700
70.0200
70.1700
70.0900
69.4800
70.1000
70.8400
70.7400
71.5500
71.4000
71.4100
71.7300
72.1900
72.3500
72.5600
72.3700
72.5800
72.9000
73.2300