21.0400
20.7500
20.6400
20.4300
21.5300
21.3400
21.3100
21.2900
21.0500
21.2400
22.5100
23.8800
22.9900
22.5400
23.1500
22.6200
22.3700
21.6900
21.0900
20.9300
21.6800
21.6100
22.5500
22.7200
23.0200
23.0900
23.1800
22.7200
22.4700
22.5700
24.1600
24.0200
24.2000
23.7700
23.7800
23.5100
23.7200
23.5500
23.7400
22.7600
22.2900
21.9900
21.3300
21.0900
21.4100
21.4300
21.4200
21.1500
21.3100
20.6000
21.3300
21.4300
21.6600
21.1500
21.1800
20.9500
21.1100
21.4200
22.2300
22.4100
22.8700
22.8800
22.7300
21.9200
21.6000
21.2500
20.9100
20.8800
21.7500
22.0200
21.2000
20.8400
21.6200
21.1600
20.9300
20.6000
20.1700
21.6300
20.8500
21.3100
21.2600
21.4300
21.4600
21.0100
20.3300
19.7100
19.2500
18.9300
19.0100
18.0700
17.9500
17.5700
17.6700
17.2800
17.0000
17.5300
17.9800
17.9900
17.2300
17.0000
17.1500
17.4100
17.2600
17.2000
16.8200
16.7100
17.0000
17.4800
16.5700
16.8900
16.4000
16.6100
16.3600
16.2000
16.4300
16.3500
16.4600
16.7300
15.8800
16.0400
15.5900
15.4500
15.5800
15.5300
16.3100
15.8500
16.1400
16.1300
15.5800
15.2000
14.8400
14.6800
14.5100
14.5000
14.2900
14.2700
15.2100
15.8400
15.6500
15.2200
14.8200
16.5000
16.8300
17.7900
17.5500
17.5300
17.7100
17.5800
18.0800
18.6300
19.0500
18.7700
19.4000
19.2400
18.9200
18.0700
18.4400
18.5900
18.4500
18.3300
18.2000
18.2600
18.2300
17.7400
17.7500
18.3400
18.4800
17.7500
17.4400
17.6900
17.4900
18.2300
18.7100
18.2100
18.5400
19.3300
19.4100
19.3300
19.3700
18.9400
18.8800
18.5800
18.4900
18.2700
17.8600
17.3800
17.6700
17.1100
16.7700
16.7300
16.6100
16.7000
16.6500
16.6100
16.5800
16.3500
16.3500
16.3500
16.7900
17.4800
17.3100
18.2000
17.7900
17.7100
17.5700
15.9900
16.0700
16.5800
16.5700
17.2700
17.1200
17.4400
17.5400
17.7700
17.6000
17.6500
17.7900
17.3500
17.5500
16.9000
16.3200
16.3600
16.1500
16.2100
16.7000
16.8100
17.0900
17.7900
18.0200
17.9800
17.8800
18.0200
18.3700
19.1000
19.2900
19.2800
19.1700
18.9700
19.3600
19.5900
19.7800
20.2600
20.1600
20.3500
20.1700
20.0100
19.8900
19.7900
19.3800
19.6700
20.5500
20.1700
20.3800
20.1500
19.7200
19.9500
20.3000
20.6600
20.8200
21.0100
20.9800
21.2800
21.4900