6.6200
6.6600
6.6300
6.6000
6.6200
6.8400
6.9500
6.9100
6.8600
6.8500
7.0500
7.2600
7.4000
7.5300
7.5500
7.5800
7.9900
8.0900
7.9200
7.8700
8.2800
8.2000
8.5800
8.4500
8.4900
8.4400
8.6800
8.6500
8.5300
8.5200
8.4400
8.7500
8.8300
8.7700
8.5700
8.8000
8.8400
8.8500
8.9000
8.8200
9.0700
8.8900
8.7400
8.4700
8.5600
8.5900
8.8500
8.7500
9.1600
9.1300
9.3800
9.3900
9.5000
9.3400
9.5500
9.2900
9.5400
9.4400
9.3300
9.1900
8.8500
8.9100
9.0800
8.9600
8.6200
8.5000
8.3100
7.9900
8.1700
8.3900
8.0200
8.0800
8.2200
8.0500
8.0100
8.1000
7.9300
7.7400
7.7200
7.7400
7.7000
7.5800
7.5600
7.3700
7.2400
7.2000
7.4100
7.3700
7.4100
7.4000
7.4000
7.2900
7.1800
7.1400
6.9600
6.8200
7.0500
7.1200
7.0300
7.1000
7.2200
7.3400
7.1800
7.3000
6.9000
6.8400
6.9900
7.3300
7.4200
7.4700
7.3500
7.4400
7.3600
7.4200
7.5100
7.5400
7.8500
7.7600
7.4700
7.4500
7.1900
7.2600
7.4600
7.5800
7.8200
7.8700
7.9000
7.6800
7.5900
7.3400
7.1700
7.2000
7.1500
7.2400
7.3500
7.3700
7.4900
7.3600
7.2200
7.0800
6.9200
6.9800
6.8000
7.2000
7.2400
7.2300
7.1600
6.9300
7.2600
7.3000
7.5700
7.6300
7.6900
8.4600
8.3500
8.3800
8.4700
8.4400
8.5400
8.6300
8.7900
8.7800
8.6600
8.6200
8.5600
8.7000
8.7200
8.6400
8.7200
8.7500
8.6600
8.8600
8.8700
9.0400
9.0000
9.0900
9.2200
9.3900
9.2000
9.1500
9.2500
9.1500
9.2500
9.2500
9.1000
9.0700
9.3000
9.4400
9.4300
9.2700
9.3600
9.3600
9.3100
9.2000
9.1500
9.1000
9.1600
8.8800
8.9200
8.9800
9.1200
9.0700
8.5600
8.6000
8.4800
8.4000
8.2500
8.3800
8.5000
8.6200
8.4900
8.4500
8.5600
8.1400
8.1300
8.1500
8.2400
7.9700
7.9200
8.1000
8.0500
8.2700
8.4200
8.3700
8.4400
8.4600
8.4000
8.3800
8.2900
8.2000
7.8700
7.7200
7.8800
7.9900
8.0100
8.1600
8.4600
8.4900
8.3300
8.2600
8.5200
8.6600
8.5500
8.5900
8.4300
8.4600
8.3800
8.3700
8.3900
8.5200
8.9500
9.0700
9.2600
9.0900
9.0800
9.1500
9.1600
9.5800
9.7600
9.6100
9.6100
9.6600
9.8300