34.9800
34.9500
35.6800
35.3600
35.3000
36.0500
36.6600
36.8500
35.9200
34.9100
36.5400
36.9300
37.3600
37.6600
37.6600
37.6000
37.4900
37.2100
37.0100
37.3000
37.6000
37.5500
38.2800
38.1400
37.8700
38.3000
37.8600
37.6100
38.3000
37.9200
37.4000
38.0000
38.4700
38.4600
38.0700
38.4900
38.2800
39.0600
39.2100
39.2400
40.3700
40.6300
40.4000
39.3200
39.9500
40.4400
41.0300
40.5400
43.3900
43.5800
44.7000
44.5700
45.0000
45.3800
45.1200
44.6500
45.1600
46.1700
45.8900
46.2700
45.6700
45.9800
46.1300
45.4200
44.4100
44.3400
43.8900
42.9600
44.0100
44.8400
43.2100
43.3300
43.9000
43.2900
43.2200
42.7200
42.8500
43.2800
43.1600
43.8000
43.3400
42.9800
43.7900
43.2000
43.0100
41.7500
41.7800
41.3800
40.6400
40.7400
36.9600
35.7900
36.2400
35.4600
33.9300
33.4900
32.5100
34.0100
34.2600
33.9700
33.5000
33.6300
32.9600
33.1500
31.9300
31.0000
31.9900
33.0700
32.8100
33.6800
32.8200
33.7700
34.3000
34.6500
35.0300
34.6200
35.3800
36.4500
35.5100
35.9900
35.3200
35.7100
36.7800
35.8800
35.7300
36.2800
35.8800
34.3800
33.9000
33.9600
34.2500
34.5900
34.0400
36.0700
35.0900
34.9900
34.9600
34.4600
33.9000
34.4400
34.7300
35.1700
35.8100
36.8900
36.1400
36.0000
36.0000
35.1700
36.0900
36.3000
37.0100
37.1600
36.9200
36.9700
36.9900
37.1000
37.0700
37.1000
36.9800
37.3700
38.0400
37.8300
37.2300
37.1700
37.2300
37.1300
37.3000
36.9000
37.1400
37.0100
37.1100
38.6900
39.3000
38.7600
39.6000
39.9200
41.4000
41.5700
41.1900
41.2600
41.3400
41.2500
40.8800
41.2300
40.5500
40.2400
40.6800
40.4800
40.9700
40.9200
40.8600
41.8200
41.7100
41.6600
41.3800
41.7700
42.1000
41.6200
42.3800
42.8300
43.3200
43.0100
42.3200
42.0900
41.3300
41.7100
41.6700
41.1600
41.6800
42.8400
42.4200
42.2700
42.8800
40.4800
40.4000
40.6200
40.5800
40.0400
39.2900
39.3900
39.5300
40.5900
40.7000
40.7300
41.0900
40.8800
40.7500
40.8300
41.2200
41.0800
40.8100
40.5700
41.2000
41.4700
42.5600
42.3100
42.6400
42.7700
42.7800
42.8100
43.4800
43.8700
43.5300
44.5300
44.0000
43.9200
43.9600
43.6300
43.2400
43.9700
44.6600
44.5700
45.3600
45.4100
45.5000
45.4700
46.1500
46.1400
45.8800
46.3500
46.8200
46.4400
46.4600