49.7200
50.0800
50.6100
49.7400
49.6600
49.3600
48.9800
48.9300
48.4800
48.9900
49.6400
50.3700
50.0200
49.3800
49.6200
48.7400
48.4600
48.5500
49.5300
49.3800
49.5200
49.1100
50.2700
49.7900
50.6000
51.0100
51.1500
50.7800
50.5600
50.6700
51.0000
52.1800
51.1400
52.7900
52.6300
53.2500
53.1700
53.8900
53.7800
53.6200
53.7700
53.5500
53.5000
52.4100
53.2000
53.6800
54.0800
53.6700
54.9000
54.6800
55.0500
54.8800
54.3700
54.7400
55.2500
54.9900
54.5400
55.2900
55.4000
54.7100
55.2700
55.7200
56.1200
55.3800
55.5500
56.1700
55.8500
53.4600
54.6300
55.0900
54.9900
55.5200
55.9600
55.7500
55.5600
55.1100
54.6200
53.9300
55.1800
55.5800
56.0500
55.8600
55.8600
57.2000
56.8600
55.9000
55.2300
54.0100
53.9200
53.5300
50.9600
50.2000
50.6200
50.0500
48.5400
48.8900
49.5700
49.6500
50.2400
50.4500
50.7400
51.0800
50.2800
47.3700
46.8000
47.4700
47.0600
47.8200
47.6600
48.7700
47.7000
48.8700
47.3800
48.1700
49.1500
49.0300
51.0300
50.8600
48.7400
48.9200
47.9400
48.6200
47.9000
48.2500
49.6900
50.4800
50.5600
51.5300
51.8900
51.6900
51.7300
50.6900
50.3300
51.8900
51.7800
52.4800
52.9000
53.2800
52.4400
52.1100
51.7600
52.4500
53.3400
54.4000
54.5500
54.1400
53.0800
53.3100
54.3500
54.4500
55.2200
55.4500
55.0800
56.1300
56.0200
56.4400
56.5100
56.5600
57.2600
56.5800
56.6200
57.7200
57.0700
57.9500
57.6800
57.4400
58.0300
57.5300
57.8300
57.6700
57.0700
57.9600
57.5100
57.8600
57.7700
57.9500
57.6600
57.5600
57.4600
56.3300
56.8600
56.5600
56.0500
55.1700
54.9000
54.9000
55.0600
55.1800
55.7400
55.6300
55.8800
56.0500
56.1800
56.4600
56.1100
55.2700
55.3300
54.9300
55.7000
56.6300
57.6600
57.1600
56.4300
55.9700
55.4700
54.9600
55.1000
55.7700
56.7700
57.1900
56.4800
57.6200
58.2000
57.2500
55.4000
54.7900
54.6900
54.8900
54.1100
54.1800
54.8700
56.4700
55.7500
55.6000
56.5500
54.2400
54.1600
55.2000
54.3700
54.0900
53.7200
53.2300
52.7000
52.9700
52.8000
52.2600
51.8800
52.1100
52.1500
52.2000
52.2800
52.4300
52.7900
52.1100
52.4500
52.4200
51.4000
51.7800
52.1600
53.5000
53.6300
55.2700
54.7300
54.4300
53.9100
54.0400
54.8800
53.8400
53.8300
55.4100
55.9500
55.6500
55.5200