50.4600
50.4100
50.4700
50.5100
50.7100
51.4000
51.5600
51.4400
50.8100
50.8900
51.1600
51.1900
51.0700
51.0000
50.5000
50.9100
49.9900
49.7300
49.4700
49.5200
49.3100
50.5900
50.8400
50.6800
50.8200
50.3400
50.2100
49.8100
50.0200
50.3000
52.8700
52.5600
52.5300
51.9600
52.5300
53.1000
52.7500
52.9000
52.3300
52.3500
52.2600
52.1100
52.0900
51.8400
51.9300
52.4200
52.4400
52.8300
52.9000
52.4800
52.9200
52.6200
52.6000
52.6800
52.4800
52.5500
52.4100
52.8300
53.1100
53.3100
53.3900
53.6300
53.7400
53.3800
53.3100
53.1800
52.8900
52.9300
53.0100
53.2000
53.2400
53.5000
53.7800
53.5800
53.8000
53.9900
50.7000
50.4300
50.4900
50.3100
50.3500
50.5700
50.0000
50.5500
50.7500
50.3900
50.5200
50.7500
50.7600
50.9300
50.9900
50.9600
50.9800
50.9300
50.7100
50.3700
50.3700
50.4000
50.1000
50.2000
50.2700
50.4800
49.3600
48.7800
48.2200
48.2600
48.2200
48.3700
48.4000
48.6300
48.5200
48.3900
48.3800
49.1300
49.2500
49.4000
49.6000
49.4400
48.8100
48.9700
48.7300
48.4400
48.7000
48.8900
49.3300
49.4500
49.5400
49.4900
49.1200
48.6500
48.9800
49.4800
49.1300
49.5000
48.3500
48.3800
48.0600
48.0700
47.6400
47.1500
46.5300
46.5100
46.6100
47.1900
47.4000
47.7000
47.8100
49.4400
50.3500
50.0700
50.2500
50.6600
50.7500
50.9800
50.7000
50.8100
50.9700
51.1100
51.1000
51.3800
51.3900
51.0700
51.1600
51.4800
51.6500
51.6600
51.4200
50.5600
50.6500
50.6500
50.1900
50.4000
50.3900
50.2700
50.4300
50.3700
50.8200
50.1900
50.4700
50.3000
50.9400
51.2700
51.4500
51.7300
51.8600
51.7000
51.6500
51.6600
51.9300
51.9000
51.8100
51.8800
51.9500
51.8800
51.5800
51.4300
51.6000
51.7300
51.7000
52.0700
52.8500
52.5000
52.0900
52.0100
51.6500
51.8200
52.5600
52.9000
52.3200
53.5000
53.6900
53.9900
54.7600
54.1600
53.6700
53.4800
53.6700
53.8200
53.6800
53.8900
54.1700
54.7400
54.8200
55.0500
55.2600
55.3900
55.4500
55.7800
55.6000
55.4600
55.2600
55.2300
55.6500
55.7400
55.9700
56.1300
56.6600
56.6000
56.7500
56.7200
56.8600
56.6000
56.1500
56.5900
56.1800
56.1400
55.7700
55.7400
55.3300
55.8500
56.9100
56.5200
56.6400
56.6600
56.8500
56.9900
57.3100
57.0200
57.3800
57.1200
57.0300
57.7600
58.2100