6.9200
6.7700
7.1400
7.2000
7.4000
7.7000
8.6200
8.6000
8.8300
9.0100
9.6900
9.6100
9.3100
9.0100
9.2400
9.7800
9.7000
9.8500
9.4400
9.0200
9.7000
9.6500
10.8100
10.4300
10.7600
10.9200
11.9800
11.7100
12.3900
12.4200
12.3900
12.2700
12.1600
11.7500
11.2600
11.7500
11.4400
11.5700
11.2200
11.4200
11.2700
11.2000
11.2200
10.6600
11.1300
11.6600
11.8200
11.8200
12.3000
12.4100
13.0600
12.7600
11.8900
11.5500
11.3100
11.2400
10.2900
9.6200
9.5900
9.2900
9.0400
8.9000
8.7700
8.7500
8.6000
8.2800
8.3500
7.9200
8.1900
8.4600
8.0500
7.8700
7.7900
7.7200
7.6200
7.8500
7.5700
7.9100
8.2200
8.4500
8.8700
8.6800
8.8100
8.7300
8.4900
8.1900
8.1800
8.0300
8.2300
8.0900
8.1300
7.8900
7.9800
7.6900
7.0700
7.0800
7.2900
7.5200
7.5800
7.8300
7.7400
7.8000
7.2400
7.2500
6.9400
6.5300
6.7700
7.2700
7.4800
7.6800
7.0500
7.2700
7.2500
7.6900
8.0000
8.3200
8.5300
8.3900
7.8900
8.1900
8.1400
8.3600
8.6100
8.7000
9.8000
9.6700
9.8100
10.2400
10.3800
10.5500
10.0300
9.6500
10.0100
10.2000
10.2300
9.9500
9.8900
9.6400
9.8100
10.1600
9.6300
9.3100
9.6800
9.8100
9.5000
9.2400
9.2000
9.3800
9.2300
9.5200
9.7800
10.1000
10.7400
10.3400
10.4300
10.4400
10.3200
10.8900
11.0400
10.5900
10.4500
10.7400
10.7000
11.0100
10.7600
10.7200
10.8400
10.8700
11.0400
11.3500
11.3000
11.8600
12.0700
12.0200
12.2400
12.7700
12.9100
13.6500
12.9000
12.7000
13.1600
13.1100
15.2600
14.6300
14.4100
13.9000
14.6100
14.3500
14.2500
14.4900
15.3700
15.9100
15.5900
15.1100
14.8100
14.8600
14.6600
14.6000
15.3200
15.4200
16.7600
16.7300
16.9000
16.8500
16.4500
16.7200
16.4900
16.1400
15.9800
16.4700
16.0000
16.5600
16.5600
16.4100
16.2300
15.6900
14.6700
14.5100
14.0900
13.6200
14.3200
14.0800
14.5600
14.4900
14.6000
14.4500
14.6100
14.7000
14.6100
14.3600
14.5000
14.5100
14.0400
14.1700
14.5000
14.8100
14.7300
15.2700
15.4800
15.6500
16.4600
17.0000
16.6600
15.6000
15.1600
15.1700
15.2800
15.3100
15.3700
15.8000
16.2900
16.0900
16.2200
16.7200
16.4100
16.4800
16.4500
16.3600
16.1100
16.0500
16.1500
16.2800
16.6100