7.7700
7.8100
8.0000
7.9800
7.9900
8.1400
8.2000
8.2200
8.3200
8.2100
8.3100
8.3000
8.3000
8.1100
8.1300
8.2400
7.8800
8.0100
7.8500
7.7700
7.8500
7.9400
8.2400
8.1300
8.0700
8.1700
8.0900
7.9400
8.0900
7.9600
7.8800
7.9900
8.1200
8.0700
7.8900
8.0600
8.0600
8.1300
8.2700
8.1000
8.0900
7.9800
7.8100
7.6200
7.7900
7.9400
8.0200
7.8800
8.2600
8.4900
8.5400
8.5400
8.6600
8.6900
8.5700
8.3500
8.3600
8.4600
8.3600
8.4800
8.4800
8.5000
8.4800
8.3800
8.2800
8.2700
8.1500
8.0200
8.2900
8.3500
7.9700
8.0400
8.1600
7.9900
7.9100
7.8700
7.8800
8.0300
8.0900
8.1600
8.1100
8.0400
8.1600
8.0200
7.9900
7.8200
7.9200
7.9100
7.8700
7.8900
7.8900
7.6700
7.6000
7.5100
7.4000
7.4100
7.4500
7.5100
7.5800
7.5400
7.5000
7.6100
7.4300
7.5000
7.1400
6.8900
6.9000
7.1300
7.1500
7.2800
7.0600
7.1700
7.1500
7.2800
7.4300
7.4000
7.6200
7.6400
7.4700
7.6200
7.4600
7.5700
7.6200
7.5400
7.7400
7.7200
7.8000
7.6900
7.7000
7.6400
7.5600
7.6500
7.5800
7.8500
7.8500
7.9600
7.8300
7.9100
7.8900
7.7700
7.8500
7.8900
8.0600
8.1800
8.0600
7.9800
7.9700
7.9300
8.2400
8.2300
8.2500
8.3400
8.3300
8.3400
8.2500
8.2200
8.2300
8.3300
8.3600
8.3500
8.3300
8.3400
8.3400
8.3500
8.3100
8.3100
8.3600
8.4000
8.4300
8.4000
8.3100
8.5100
8.6100
8.6300
8.6500
8.6900
8.8300
9.0400
8.9100
8.8900
9.0400
8.9800
8.9100
8.9200
8.7700
8.7000
8.8100
8.7400
8.7100
8.6900
8.7500
8.9100
8.8800
8.7500
8.6100
8.5900
8.6300
8.3300
8.3500
8.2600
8.4100
8.7800
8.7400
8.6000
8.4300
8.4100
8.5300
8.3900
8.4200
8.5000
8.3700
8.4600
8.5900
8.2900
8.2500
8.2900
8.2900
8.1700
8.0400
8.0100
8.0300
8.1700
8.3600
8.3400
8.4500
8.4800
8.2300
8.1800
8.1200
8.0800
7.9900
7.9000
7.9200
7.9300
8.1100
8.1500
8.2300
8.2000
8.1400
8.1400
8.3900
8.5300
8.4500
8.5600
8.4400
8.4400
8.4500
8.4200
8.3500
8.4200
8.7800
8.8400
8.9500
8.9700
8.9600
8.9000
8.9400
8.8400
8.8700
8.9700
9.1500
9.3400
9.2800