16.6200
16.3600
16.6400
16.4500
16.2700
16.6300
17.0900
17.1500
17.2200
17.3700
17.5200
17.6800
18.1200
18.2700
18.5000
18.8000
18.7100
18.3600
18.2900
18.2500
18.2700
18.5200
18.8900
18.7600
18.6000
18.8600
18.6500
18.3900
18.8300
18.5400
18.4400
18.7800
18.7700
18.5800
18.5000
18.7300
18.7000
18.6200
18.4300
18.4100
18.7000
18.7700
18.8700
18.2400
18.3600
18.1800
18.1700
18.3200
18.9900
19.2600
19.4600
19.6100
19.7600
19.4600
19.5100
19.1700
19.2000
19.4400
19.5200
19.4800
19.2800
19.2600
19.2300
19.0600
18.7100
18.3900
18.2000
17.7900
18.0000
18.3300
18.1100
18.4400
18.6900
18.5500
18.5700
18.8000
18.5100
18.8900
19.2700
19.3500
19.3500
19.4100
19.7600
19.7200
19.6000
19.4900
19.8100
19.7200
19.5400
19.5200
19.6100
19.2400
19.2100
18.8200
18.1300
17.7900
18.0900
18.1500
18.1100
18.1800
18.0900
18.4100
17.8200
17.9500
17.4500
17.3700
17.7400
18.2900
18.2200
18.4500
17.8500
18.1800
18.1000
18.4700
18.6300
18.6300
18.7400
18.7600
18.5200
18.4400
18.2200
18.2600
18.2500
18.4500
19.0300
18.9800
19.0700
19.0000
19.2500
19.2800
19.0400
19.2400
19.1100
19.2800
19.4300
19.5600
19.4000
19.2400
19.0500
18.9000
18.8000
18.7800
18.9300
19.2800
19.3900
19.4900
19.8100
19.7300
19.9400
19.8100
19.6300
19.4200
19.5200
19.5600
19.6700
19.6700
19.8400
20.0700
20.3100
20.2300
20.3800
20.3200
20.1700
20.3200
20.3200
20.3500
20.3600
20.3500
20.3200
20.4900
20.3700
20.5600
20.4800
20.4100
20.5600
20.5400
20.8300
21.0300
21.0000
20.8200
20.9000
20.7100
20.6300
20.5900
20.2500
20.2300
20.3400
20.2700
19.8200
19.8800
20.1300
20.1100
20.2500
20.1900
20.2000
20.2500
20.3200
20.2700
20.4400
20.5700
20.6100
20.8500
20.5800
20.4700
20.0000
19.9400
19.7800
19.6300
19.5200
19.5100
19.5900
19.4300
19.4700
19.3600
18.9400
18.9400
18.8700
18.7000
18.3200
18.2700
18.5600
18.8100
18.9100
19.0100
19.1700
19.1700
18.8900
18.8400
19.0000
19.2600
19.2800
19.4800
19.5400
19.7100
19.6000
19.4200
19.4100
19.3300
19.2100
19.2900
19.2900
19.4800
19.3600
19.6600
19.4500
19.5000
19.4600
19.4300
19.0500
19.3200
19.5300
19.6300
19.8000
19.8500
19.7700
19.7600
19.8100
19.8000
19.7700
19.8400
19.7400
19.8300
19.8700