47.4600
46.9100
47.5200
47.7300
48.1800
48.5700
49.3200
48.8000
47.9000
48.5300
50.0200
51.0300
51.5000
50.5700
51.2600
51.2400
50.2600
52.3300
51.0700
51.1100
51.7000
51.5300
51.9800
50.8300
51.1000
51.3200
50.7700
49.4100
49.1200
49.6000
49.3300
50.6800
50.1700
48.2100
48.3000
48.5500
47.7500
48.2500
49.0600
48.3900
48.0800
47.7500
47.0000
47.3300
47.6300
47.9500
49.4600
49.8200
50.5800
50.6500
51.8800
51.9900
52.3600
52.6900
52.6800
52.2800
52.8800
54.0800
54.4400
54.0500
54.1000
54.4200
54.6700
53.9500
53.1400
53.6600
53.2800
52.0600
53.2000
53.7300
52.7200
52.6800
53.4800
53.4900
53.3700
52.6300
51.8900
51.6300
53.2000
55.1100
52.2900
52.1300
52.2300
51.8600
50.8200
49.8600
49.7300
49.9000
50.0300
50.0000
50.0300
49.9800
49.6400
47.1100
46.2400
45.5600
46.2000
46.0000
45.9000
45.7400
46.1500
46.8400
45.9700
45.8300
44.5600
44.6500
44.9700
46.5300
45.9400
47.3300
46.9900
47.6500
47.4400
47.3100
48.3100
49.4200
49.5500
49.7500
48.4200
48.4900
47.0600
47.4600
48.1100
47.5000
49.2500
48.9500
48.9600
48.8000
46.0600
45.6200
45.4900
45.5400
45.6200
45.7100
45.5900
46.0200
48.7000
49.3400
49.2200
48.2300
48.1000
48.9400
49.6600
50.9100
51.1500
50.9100
50.7800
51.6000
52.1000
52.0300
52.7800
52.9100
53.0600
53.1200
52.9500
52.2900
52.5500
53.3100
53.3400
53.3000
53.5900
53.2700
53.0600
53.3600
52.9800
51.6600
52.2300
50.8900
51.3100
52.1200
51.1600
52.4200
51.8500
52.1700
51.8300
51.4900
51.4800
52.4800
51.8500
50.8500
48.4300
47.5900
47.6600
47.1300
46.8500
46.8400
47.9000
47.7100
47.2900
47.5500
47.1800
47.1500
47.1200
46.8400
46.4700
45.5500
44.9000
45.1500
45.7600
46.3100
45.7300
46.5700
45.5800
46.9400
46.6000
47.1300
47.1400
46.6300
46.5500
48.7200
47.9000
48.2300
48.9000
46.9200
45.6600
46.2400
47.6000
46.0700
45.1300
43.9700
44.3300
44.2500
44.3300
44.1300
45.1700
45.1200
44.7400
45.5300
45.5700
45.4700
45.3900
47.1900
46.4000
46.9600
47.1900
47.4200
47.4200
47.0800
46.6100
47.1800
47.3500
47.8400
47.9200
48.5100
48.3700
47.8100
47.6800
47.4300
47.0200
47.7600
49.5700
49.1400
48.9800
48.6300
47.3700
47.8400
48.5900
49.1900
48.9200
48.3900
48.5000
51.8900
51.8400