73.2200
72.9900
72.7900
72.6300
72.7100
72.8800
72.5300
72.8400
72.7000
73.6500
73.9700
74.1600
73.8300
73.5200
72.2700
71.8700
71.9800
71.1300
71.3400
71.5600
72.0500
72.3100
72.2300
72.2000
71.7400
71.7000
71.8800
71.5600
71.7400
71.6300
71.2000
71.4300
71.5700
71.4000
71.2300
71.9000
71.8100
71.8500
72.2300
72.8800
72.1700
72.3500
72.6600
72.6000
71.4400
71.7900
71.7700
72.2100
73.0500
72.8100
72.9200
72.9200
73.0100
73.3900
73.4200
73.3600
73.1300
73.7000
73.6800
73.9000
73.8400
73.8900
74.5700
74.4400
74.2200
74.3700
74.0300
73.5300
73.9400
74.1700
74.3500
74.7300
75.5000
75.6600
75.2700
76.4700
76.6500
78.7000
78.7300
79.0400
78.6800
78.4700
78.2800
78.5400
78.7400
78.2900
79.0000
78.8800
79.5400
79.7400
79.3900
79.5300
79.6900
79.7600
79.0100
78.8300
78.6400
78.6800
78.4900
79.2100
79.4600
79.7600
79.2600
79.3500
78.2800
78.8600
79.2500
80.2300
80.6000
81.2000
81.1400
81.5100
81.6500
82.5700
82.4800
82.7900
83.2100
81.6100
80.7100
81.3800
81.0000
81.6700
81.8600
82.5600
83.7700
83.9000
84.0000
84.1000
83.9100
84.3000
84.7700
84.3500
84.3300
85.2100
85.2000
85.8200
86.0700
85.8800
84.8300
84.7000
83.4900
83.4000
85.7200
87.3200
87.9300
86.9100
87.1700
86.8800
85.3500
83.7100
82.7200
83.2500
82.8500
82.8200
82.4900
82.9400
83.0300
83.4500
83.9500
84.0800
84.1700
83.8500
83.4200
83.6600
83.6200
83.6700
83.4900
83.4800
83.6000
83.7300
82.6000
83.6200
82.9300
82.3700
82.3500
82.3400
83.2700
82.6800
83.0200
83.6300
84.3700
85.0000
85.3200
85.6000
85.5000
85.3600
85.6900
85.7800
86.4300
86.3700
86.4500
86.7900
86.8900
86.6500
86.0700
85.9900
85.9900
85.6500
86.2700
86.6600
87.4400
87.6800
86.8800
86.5400
85.9400
84.2200
82.8400
82.7500
83.4500
83.7600
83.3400
83.1300
83.4300
83.0900
82.6000
83.1300
83.6400
84.3900
83.8600
83.8300
85.0300
86.0000
86.2200
86.2800
87.3400
86.3800
85.5800
86.0300
85.6700
85.7200
85.6900
85.8100
84.8400
84.9900
85.9100
85.7100
85.7800
85.5000
85.7800
85.0500
85.5200
86.1600
85.0000
84.9500
84.0500
83.7900
83.4900
83.9300
83.1300
84.4300
86.3800
86.0100
86.3600
84.4600
84.0300
84.6100
84.9300
85.1000
85.6500
85.7000
85.4900
86.3300
86.8200