35.0700
34.8500
34.6850
34.4650
34.4650
34.6700
34.0300
33.7850
33.4950
33.6750
33.7950
33.7250
34.0450
34.2650
33.9500
34.2150
34.0050
33.7200
33.7300
33.7650
33.9250
33.9150
34.0400
34.0150
34.2750
34.1650
33.9850
33.9700
34.2200
34.4500
34.2000
34.4300
34.5250
34.4100
34.6250
34.5900
34.5000
34.4150
34.4250
34.9300
34.8000
34.5900
34.6150
34.3800
34.3950
34.6350
34.7550
35.0750
35.1250
35.1100
35.1650
35.0800
35.2000
35.2950
35.5600
35.7100
35.7450
35.9500
35.9350
36.3300
36.9050
37.0050
37.0700
36.8800
36.7300
36.7350
36.4350
36.0100
36.0600
36.1100
35.9700
36.2200
36.9750
37.0850
36.9100
37.0650
36.8450
37.0600
37.4650
37.8550
38.3150
38.1600
38.4650
38.5800
38.7200
38.5000
38.6400
38.5700
38.3900
38.7050
38.7350
38.4350
38.2850
38.1650
37.5600
37.0250
37.2550
37.0950
37.2750
37.7800
37.6150
37.7300
37.5300
37.3650
36.5450
36.8200
36.6200
37.3050
37.1400
37.6200
37.3300
37.6000
37.3450
37.8700
38.0450
37.9900
37.8700
37.7800
37.3350
37.4700
37.3850
37.5400
38.1700
38.2850
39.0950
39.4600
39.5800
39.2250
39.0750
38.9900
38.9900
38.7300
38.3200
38.6400
38.2400
38.8450
38.7200
38.7750
38.5150
38.4400
38.3300
38.5100
39.4250
40.0050
40.5600
40.4000
40.5050
39.8750
40.4150
40.3200
39.8850
39.7800
39.6200
39.3950
39.3000
39.3800
39.3500
39.5500
39.5300
39.4700
39.2600
38.7700
38.1100
38.4700
38.1700
38.0000
37.4600
37.1400
37.4000
37.2800
37.5100
38.1500
37.9000
37.6600
37.7700
37.5500
38.3500
38.1200
38.3500
38.6200
38.5200
38.6400
38.0300
38.1200
37.6800
37.7600
38.3100
37.9300
38.3800
38.3400
38.2400
38.3300
38.5800
38.5800
38.5600
38.0900
38.1100
38.2300
38.1300
37.9000
37.7400
37.8400
37.4000
37.2300
36.6100
36.8800
37.0900
37.0400
37.1800
37.3300
37.0800
36.7700
37.4200
36.7200
36.3600
36.2900
36.0800
36.1600
36.0100
36.4300
36.5600
37.2400
37.2500
37.3900
37.9300
37.3600
37.4200
37.5600
37.9700
37.9200
37.3800
37.1500
37.3100
37.3800
37.7100
37.6400
37.8600
37.6400
37.6000
37.6600
37.5000
37.2800
36.7800
37.0500
36.8900
36.7300
36.4200
36.4200
35.9700
36.2500
37.6000
37.6000
37.6600
37.3000
37.0400
37.0300
36.9600
36.9100
36.9900
37.3200
37.3200
37.5100
37.7000