24.5200
24.2700
24.2900
24.1900
24.2600
24.3200
24.0900
23.9800
24.1300
24.3100
24.1200
24.0600
23.9100
24.1300
24.3400
24.6500
24.5700
24.3000
24.0900
23.7600
23.8300
23.9700
23.9200
24.0600
23.7000
23.6400
23.5800
23.6300
23.5400
23.8700
23.7500
23.8800
23.9200
23.8200
23.6400
22.9800
23.5400
23.8800
23.7800
23.7900
24.4400
24.0800
24.2000
24.0500
24.0700
24.3400
24.3200
24.3800
24.2200
24.3400
24.4100
24.3700
24.1300
24.1000
24.2800
24.0000
24.4400
24.2100
24.2900
24.1900
24.2200
24.2300
24.3900
23.7300
23.5400
23.8400
23.5000
23.2700
23.4600
23.6200
23.5100
23.5700
23.6900
23.4900
23.2100
23.2500
23.2500
23.3100
23.1900
23.2900
23.3500
23.2700
23.4200
23.3400
23.2500
23.1200
23.0100
22.9100
22.8000
23.0800
22.9700
22.5200
22.1600
22.2200
21.9300
21.8100
22.0900
22.3200
22.1600
22.1500
22.4100
22.5500
22.3500
22.0100
21.6400
21.9100
21.8600
21.9500
21.7400
21.5700
21.3500
21.5000
21.2900
22.5800
22.8100
22.8100
22.7100
23.0300
23.0400
22.8900
22.6900
22.5400
22.7900
22.9200
23.1900
22.8100
22.9100
22.6200
22.8000
22.4500
22.5800
22.8100
21.9600
22.1200
21.9200
21.9600
21.9800
21.5900
21.4700
21.2700
21.1100
21.2500
21.5300
21.8700
21.9300
22.1700
22.2000
21.8800
22.2000
22.4600
22.4800
22.7100
22.5100
22.5000
22.4400
22.3500
22.0900
22.1300
22.0300
22.1300
22.0100
21.9600
21.6900
21.8100
22.0000
22.2000
22.1500
22.2000
22.2800
22.3400
22.5600
23.1000
22.7300
23.0500
23.4000
23.9200
23.8800
23.8000
23.8100
23.6300
23.9900
23.9000
23.6800
23.6800
23.4700
23.5200
23.5800
23.5400
23.7800
23.6900
23.7900
23.6900
23.7700
23.8200
23.5400
23.3000
23.3200
23.3100
23.4300
24.4300
25.0100
25.2000
25.1300
25.3500
25.1200
25.0100
25.3600
25.1800
25.2200
25.0000
24.9300
24.9300
25.1100
24.6400
24.5400
24.7000
24.9100
24.7700
24.4700
24.3800
24.5200
24.6300
24.5400
24.6500
24.9800
24.6100
24.8600
25.0600
26.2500
26.2400
26.7800
26.8700
26.7100
26.9000
26.8100
26.6500
26.6000
26.5900
26.3500
26.2900
26.5700
26.7500
26.5000
26.6300
26.3000
26.3400
26.1000
25.9600
25.6800
26.0200
26.3700
26.3900
26.4600
25.8200
25.2800
25.5500
25.5500
25.7000
25.8600
26.1100
26.2900
26.6900
27.0800