48.0300
47.3600
46.5200
46.5100
46.0100
46.0300
46.0100
46.4100
46.9700
47.1400
48.0900
48.4700
47.3700
47.5000
47.9300
47.7500
46.4500
46.6900
46.0900
45.9900
45.5600
46.7700
49.0700
48.8000
50.0700
50.1400
50.4600
49.8800
50.3100
50.9000
50.8500
51.9700
51.8000
51.7900
52.1900
49.1100
49.4400
49.2100
49.5500
49.6800
48.8700
48.4000
48.1200
48.2300
48.2200
49.0500
50.2400
50.5700
51.2500
51.1900
51.1200
50.3700
48.7200
48.5300
48.7400
48.0500
48.1000
48.4800
49.1300
48.9700
49.7800
50.0300
51.5000
51.8100
51.9800
50.3200
49.9500
48.9500
49.2300
49.9200
49.5900
50.7500
51.1500
51.0100
50.5300
50.4600
49.9800
49.3400
49.7600
50.2700
50.8000
50.1300
50.3400
50.6900
51.2500
50.0500
50.2100
50.8600
50.8600
48.6600
48.1800
47.2600
46.9000
46.8400
46.4200
47.1900
47.7600
48.6600
48.9300
50.0400
50.4900
50.6400
48.8200
45.8200
44.7000
44.0000
44.0000
44.1700
43.9700
45.0800
43.9700
44.4400
43.3800
43.8300
44.5400
43.7200
44.4300
44.7000
43.7800
43.3200
43.1300
43.3700
43.5600
44.5500
45.4900
45.3800
44.2600
47.0300
47.7500
48.0300
47.9500
47.5500
47.1200
47.6100
47.6500
48.9800
49.1900
49.3600
48.7600
48.8000
48.0500
47.8600
47.6000
49.2700
49.8100
49.7200
49.7300
50.1400
51.1100
52.0200
51.8300
52.0600
51.4200
51.0000
50.6300
50.7100
51.0300
51.3600
51.9600
51.9300
51.7000
51.4900
51.4500
52.5000
52.5400
52.3500
52.3000
52.7700
52.2000
51.9900
51.2000
52.8100
52.5300
52.6800
52.0200
53.7700
53.7000
53.4000
53.3000
53.0800
53.4600
53.0700
52.8200
52.2900
51.1800
51.3900
51.0000
51.2200
51.8200
50.9400
52.2400
50.9300
51.0000
51.0700
50.6000
50.1400
51.1600
51.4200
51.7100
52.4500
52.8100
53.6200
52.9300
52.3700
51.7100
51.3600
51.5900
52.3400
53.2800
54.9900
54.5500
54.9300
55.1100
54.3200
51.5500
51.6600
51.1800
51.1100
51.2300
51.1900
51.0300
52.2300
52.1400
51.9700
52.2500
51.9100
51.1600
51.1500
45.0200
44.6500
43.7700
43.7300
44.1500
44.0300
44.0900
43.6600
43.5000
43.7500
43.8700
43.8000
44.1900
44.3200
44.7500
43.7900
43.3500
43.4600
42.6500
42.5400
42.2800
42.9800
42.2100
42.3500
42.2300
41.9700
41.8100
41.9500
42.5000
42.0200
41.9900
42.7500
42.7900
43.4500
43.8300