38.4700
38.0000
38.0500
37.7200
37.8400
38.4800
38.3400
38.5200
38.2300
38.0300
38.3800
38.5300
38.5600
38.9400
38.4400
38.1800
37.9500
37.6300
37.3200
37.3100
37.8500
38.0000
38.6100
38.3800
38.3600
38.4900
38.2000
38.1000
38.4200
38.1500
37.5900
38.0700
38.3000
38.7300
38.7100
39.1700
39.1400
39.2700
39.3500
39.1400
39.2300
38.8700
38.8500
38.1600
38.2100
38.3200
38.6500
38.5700
39.3000
39.0200
39.5600
39.4800
39.6800
39.7000
39.3400
38.8000
39.1900
39.8600
39.6900
39.6300
39.4700
39.8700
40.3700
40.0600
39.7100
39.5700
39.0000
38.3900
38.7900
39.4300
38.9100
39.2500
39.9200
39.6500
39.5500
39.8400
39.6200
40.2400
40.6400
41.0500
41.0100
41.1300
41.4900
41.2700
41.1400
40.7700
40.7200
40.9100
40.7600
41.0000
40.6400
40.1100
39.7100
39.1100
38.7300
38.3200
38.9600
39.2000
39.2200
39.3700
39.2200
39.6600
38.7700
38.8900
38.3600
38.3000
38.5000
39.5300
39.5600
39.8700
39.5200
39.6700
39.2300
39.7100
40.4600
40.7100
40.8700
40.9100
39.8400
40.0700
39.3200
39.3400
39.8500
40.1400
40.9100
41.0100
41.3400
40.5900
40.5000
40.2000
39.9500
40.3500
40.0900
40.9000
40.6900
40.7200
41.0200
40.9900
40.5500
40.4700
40.3000
40.3000
40.9900
41.7000
39.5400
39.5900
39.4500
39.4600
40.3500
40.4200
40.5800
40.4600
40.4700
40.5100
40.4600
40.4900
40.4400
40.5200
40.4800
40.6100
40.4900
40.4400
39.7700
40.2300
40.4200
40.2200
40.3700
40.2500
40.6500
40.7900
40.9300
40.9300
41.1800
41.2100
41.4800
41.3800
42.3200
42.6900
42.2900
42.0500
41.7200
41.4400
41.4300
41.5100
41.2400
40.9600
41.2800
41.2600
41.5500
41.5300
41.2900
41.9600
41.9600
42.0800
41.8000
41.5500
41.6100
41.4800
41.6900
42.1000
42.6900
43.1700
42.5100
42.4500
41.8100
42.0200
42.4000
42.3900
42.2800
42.9200
42.1600
42.1700
42.3300
41.2000
40.6200
41.1300
40.9900
40.6100
39.9200
39.8300
40.7200
40.8400
40.7300
40.8400
41.3000
41.0900
40.7400
40.8500
40.9700
40.8800
40.7200
40.9500
41.0600
41.2800
41.2800
41.0400
41.5000
41.4400
40.9900
40.6500
41.0300
41.6400
41.1700
41.2400
40.9000
40.7400
40.5300
40.4900
40.1800
40.7500
41.5300
41.7100
42.0600
42.1100
42.0600
42.1100
42.7600
42.6500
42.5400
42.5000
42.4700
42.7300
42.8200