23.1400
23.3400
23.1300
22.7600
22.5100
22.4100
22.4300
22.6400
22.4900
22.7600
23.3500
23.6000
23.1800
22.9500
23.3000
23.3300
22.9600
22.6700
22.0400
21.4600
22.0200
22.4700
23.2200
23.3900
22.0000
21.9500
21.7700
21.3600
21.5300
21.4700
21.4900
21.7700
21.9500
21.8100
21.9000
22.2900
22.5900
22.6900
22.6600
22.6300
22.3700
21.9700
22.6800
22.1200
22.0100
22.2600
22.4200
22.8100
23.0800
22.8900
23.2300
23.2600
23.0800
22.8500
22.8600
22.6100
22.4000
22.7800
22.9000
22.9200
22.9400
23.0100
23.1800
23.1900
23.0600
23.1900
22.7600
21.7500
22.0200
22.4400
22.3200
22.4200
22.9700
23.1400
22.8800
23.0700
23.0900
23.3600
23.6000
23.6700
21.9900
21.7700
22.0200
21.9600
21.7700
21.4900
21.3500
21.2200
20.7300
20.8100
20.8300
20.5300
20.3900
20.4100
20.0700
19.8900
20.2500
20.4000
20.6400
20.7800
20.7200
21.0100
20.7800
20.7900
20.3000
19.7800
20.1500
20.3700
20.3600
20.8400
20.4800
20.8800
20.1800
20.3000
20.5500
20.6600
20.7900
20.4900
19.9200
19.8800
19.4900
19.8000
20.1200
20.3700
21.1300
21.0400
21.2700
21.2600
21.0400
20.9400
20.8600
20.8500
20.9300
21.3600
21.1800
21.4100
21.5700
21.9700
21.6000
21.5000
21.4700
21.8500
22.4900
22.6300
22.9700
23.1800
23.1900
22.9700
23.0800
22.7700
23.0100
23.2700
23.1800
23.1200
23.2000
23.2200
23.2100
23.6300
23.8700
23.5900
23.5700
23.5700
23.5600
23.8900
23.7600
23.7000
23.7300
23.7300
23.7400
23.9900
23.9000
24.1300
24.2300
24.3000
24.5800
24.3900
24.7600
25.0000
24.9200
24.7500
25.1700
24.8900
25.1000
24.8500
24.8100
24.3000
24.7700
25.0500
24.8200
24.4500
24.8900
24.8300
25.0900
25.1300
25.0100
24.8700
24.8100
24.7100
25.1700
25.4900
25.9100
26.1200
25.8600
25.7900
25.5800
25.4200
25.2900
25.4000
26.5300
27.4400
27.1900
27.2400
27.4100
27.0100
26.8400
26.7200
26.5300
26.3400
26.1300
26.1500
26.5600
26.9300
26.9900
26.9800
27.4300
27.1900
27.1800
27.2900
27.1600
27.8500
27.4300
27.8500
27.1700
27.0000
26.8600
26.7100
26.5200
26.5400
26.5700
26.3600
26.7000
27.3300
27.3100
27.4900
26.8300
26.7100
26.6800
26.7300
26.4400
27.2200
27.7500
27.8900
28.0200
27.4000
27.4800
27.5600
27.8800
28.0000
28.0500
28.1900
28.1000
28.6000
28.5500