19.8900
20.2100
20.7700
20.4000
20.6800
20.7600
22.2500
22.1800
22.0100
22.0300
23.0000
22.6500
22.0600
21.7500
22.3700
22.8000
22.1300
22.2800
22.1400
21.4900
21.8300
21.7400
23.3400
22.6900
22.7600
23.3700
23.7400
23.3500
23.9600
23.8000
23.5600
23.4100
23.3600
22.5300
22.0900
22.6600
22.3800
22.9400
22.5100
23.3800
23.3800
22.9500
22.8600
22.3600
23.6200
24.6900
25.4500
25.5400
26.6900
26.3700
26.8900
26.5700
26.5500
26.4300
26.6200
26.1200
25.8600
26.4000
27.6300
27.6700
27.2100
27.1800
26.5700
26.7700
26.6400
26.2500
26.4200
24.5000
25.7500
26.5000
26.1100
25.7900
25.8300
25.5500
24.8600
25.7700
24.7200
25.2700
25.9000
27.3800
28.4100
27.7400
28.2600
29.0200
28.4500
28.1200
28.3700
27.9100
28.9400
28.1000
28.4500
28.3700
29.1600
29.2700
26.8900
26.1800
27.0100
27.6100
28.4100
28.2600
28.2000
28.7500
26.8200
27.2900
25.0200
23.6800
25.2700
26.2900
26.0400
26.5500
25.3400
25.5800
24.6600
25.5500
25.9000
26.9700
27.0300
26.9100
26.0900
26.3700
26.5800
27.3900
28.7000
29.3600
30.9100
31.1000
31.0500
31.5000
31.8100
31.4700
30.5100
29.9800
31.0600
31.0200
31.3900
31.1500
30.3800
30.3200
30.8400
30.8400
30.2600
29.0400
30.1900
30.3400
29.5600
29.2100
28.9700
29.5900
30.0900
29.7000
30.3700
30.7100
31.4900
31.2000
31.2300
31.2800
31.3300
32.4100
32.7400
31.8800
31.1800
32.3500
32.0300
32.6300
32.0100
32.2700
32.2200
32.1000
32.4300
32.8600
32.8800
34.0800
33.9300
33.1900
33.0800
34.5200
35.1200
36.4700
35.9400
35.5900
36.2600
36.6000
37.5100
36.9600
36.2600
34.6400
35.2600
34.7700
34.6500
34.9900
37.4100
37.5100
37.9200
37.6100
36.8400
36.7800
35.7200
35.7600
37.0500
37.3200
38.1300
38.6800
38.7300
38.1800
37.7500
38.2000
37.5100
37.0200
37.4700
38.2900
37.3100
38.6200
38.8900
39.0500
38.4100
38.1100
36.3800
36.2100
35.0100
34.9000
36.1300
36.8100
38.1000
38.3200
38.6800
38.5400
38.7200
38.3800
38.2300
38.0400
37.8100
37.7800
36.4200
36.2900
36.6900
36.6000
36.4100
37.8700
37.2000
37.3100
38.8000
39.7100
39.2700
39.2900
38.4600
38.2800
38.0100
38.0800
37.6200
38.6700
39.8800
39.9100
40.2300
41.2200
41.1700
41.7100
41.0200
40.9500
41.0200
40.6800
40.5200
41.9400
42.0800