86.4000
86.5200
86.8700
87.4100
87.1000
87.7000
87.3900
87.5700
86.9400
88.5400
88.4700
88.8300
88.6400
88.9100
91.1800
91.7800
91.0600
91.3200
90.9200
91.3900
92.5000
92.4200
93.0900
91.0000
91.9500
91.9900
92.1100
90.0300
88.8500
89.2000
87.4600
88.0700
87.9400
87.7500
88.0500
88.0000
89.0800
89.9000
90.8100
89.8900
89.0600
89.3200
89.4600
88.8100
88.9400
88.6400
88.7400
88.3300
88.8700
90.2500
90.6000
90.3300
90.1300
89.5700
91.1800
90.0800
89.4700
91.9000
91.6100
91.1500
91.3700
91.5400
93.0600
94.2300
93.1900
93.2400
89.9900
89.1600
89.5400
89.5200
88.5200
88.1400
91.5200
90.6800
88.8300
87.5900
87.0100
87.3800
87.2200
87.5500
87.4900
87.8900
88.6000
88.5100
87.1300
86.7100
87.0400
87.0900
85.8800
85.8700
86.7200
85.3300
86.7000
86.6700
85.4500
84.2200
85.4600
85.1100
84.6000
84.8600
85.7300
86.3000
85.2700
83.2800
82.3700
83.8400
84.5600
85.0000
85.0500
85.6900
85.2300
85.5800
85.8100
87.0900
87.5000
87.8900
88.3800
89.1600
87.6800
89.1900
88.1600
89.1200
89.3700
92.0400
92.6100
92.2300
92.9700
91.8800
91.9700
92.1900
92.9200
93.1400
93.6800
95.2500
94.6200
92.5500
93.6400
88.1200
85.2600
84.3400
84.3900
84.2300
85.0000
85.2100
84.9500
84.0900
87.9000
86.2500
87.4500
87.6900
87.9100
89.0000
88.4400
88.5000
88.4700
88.5700
88.5000
89.1000
89.0100
89.0500
88.5100
88.0800
87.5100
88.8400
88.5000
88.3000
88.3200
87.4300
87.9500
88.2600
88.8200
89.5000
88.7900
88.9300
88.9900
88.9400
90.4600
90.9900
91.3000
91.2600
91.2000
90.7000
91.5800
91.4100
91.1900
90.3800
91.6100
92.4700
93.0500
92.6600
92.5900
93.6400
93.4600
94.0200
92.8900
92.4500
93.2900
92.7300
93.5900
92.9700
90.2100
88.8100
86.6300
86.5100
85.1900
85.2200
85.6200
84.9500
84.7300
85.3400
85.2700
86.3100
86.5200
84.9100
84.2600
84.4400
84.3700
83.8700
82.4700
83.0600
82.4000
83.6500
82.6300
82.9100
83.7500
82.8400
82.8900
83.4200
84.2100
84.5900
84.3500
84.3000
84.4200
84.7100
85.0000
84.7300
85.3900
87.1400
87.3800
87.1000
87.1700
88.1100
87.8700
87.3500
86.7200
86.5300
86.6400
86.7200
85.8900
86.6200
87.5800
87.7000
87.8700
87.6700
86.7700
87.1300
87.4100
86.4100
86.7900
87.0000
87.5100
88.2700
88.5300