40.7400
40.0800
41.0000
42.5600
42.6500
46.1700
46.1600
46.7800
46.0700
46.3500
47.0500
46.9000
45.3700
45.8900
47.3100
49.0900
49.1100
48.5500
48.5600
48.4300
48.9900
48.8600
49.5700
49.2400
48.8800
49.7300
49.5800
49.5500
49.8100
49.8500
50.4600
49.8100
45.9200
46.4900
46.9600
47.5500
47.6900
47.8900
47.9700
47.3100
48.1800
47.5900
46.4100
45.6500
45.7800
46.5600
46.5900
45.8800
46.1800
45.7400
46.5000
46.7500
46.7700
46.3400
46.4700
47.0900
48.0700
48.9000
48.7500
48.5200
48.5900
48.8200
48.9100
48.6800
47.5100
47.6400
46.9400
45.8600
46.4200
47.1100
45.6800
45.3900
46.3700
46.4900
46.3100
46.3100
45.9800
46.2900
45.6400
46.0400
46.3100
46.3600
46.7900
46.7500
45.8800
44.5400
44.4600
44.2000
44.0300
43.8900
43.6800
43.4800
43.1400
42.6500
41.9000
41.0100
42.0700
41.8300
41.9500
42.0100
41.8300
41.8100
41.1900
40.9100
39.8500
40.1600
41.0900
41.5500
42.0100
41.8400
40.9800
41.3500
41.1200
41.8700
42.6800
42.6900
43.3500
43.8400
42.2300
44.4600
43.3000
43.8600
45.1700
44.0800
44.9900
43.8500
44.4500
43.2100
42.4700
42.6900
41.2600
41.5500
42.5000
42.9700
43.1500
43.8000
43.9700
43.8800
43.3400
42.7500
41.8600
42.7600
43.7700
44.7600
44.0100
43.8800
44.5300
43.6100
44.8700
45.7200
46.3300
46.7000
47.0300
47.5900
46.9400
46.6900
47.4700
47.3100
46.4800
46.4500
46.5300
46.4300
46.4600
46.8400
47.0600
47.0700
47.8800
47.5000
47.7100
48.2100
48.3200
49.1600
48.8000
47.9400
47.5900
47.0000
47.5700
48.9400
49.7100
49.4400
48.7300
49.1400
49.7200
49.4500
48.9200
48.5600
49.0600
48.8600
49.3100
49.2300
49.3100
50.5200
50.2900
49.7900
49.1800
48.5900
48.8400
48.4200
48.8400
49.7700
50.4900
48.8800
47.3600
47.9700
47.2200
47.8400
48.6200
48.7400
48.9100
50.2700
48.6300
48.7200
49.7500
47.9100
46.6600
46.3900
46.4000
46.9300
46.4200
46.5100
46.7000
47.9600
48.8900
49.2200
50.0800
49.5800
48.9500
49.0800
49.4500
49.3500
48.9300
48.9000
48.9700
49.6600
50.0500
50.4100
51.2500
50.9000
50.4600
49.4300
50.0500
51.7900
51.1800
51.3300
50.5600
50.0200
49.0000
48.9500
48.4200
49.0300
50.7600
50.7200
51.1100
51.6900
52.5900
54.0800
54.1000
54.0200
53.8900
54.1600
53.6400
54.9700
60.7900