67.5100
67.4600
67.4300
67.0700
66.9100
67.9700
69.2100
69.8900
69.3100
70.1500
70.1000
70.6300
70.5000
70.4100
70.3400
70.6100
70.0700
69.9100
69.6000
70.7400
70.3000
69.7200
70.6200
70.0700
70.2500
70.7200
70.4700
70.1400
70.7100
70.8000
70.5400
70.7700
70.9500
70.7400
70.4300
70.5800
70.2800
70.2400
70.2800
70.2500
69.5900
68.8300
68.7700
67.7000
67.7300
68.1500
68.1900
68.6300
69.9900
70.6000
70.7700
71.0000
70.5200
70.0800
69.7300
69.6000
69.5600
70.6900
71.3400
70.9600
70.8600
70.7700
71.5800
70.9500
70.0500
69.0000
68.4700
67.4100
68.2300
69.5600
69.0200
69.0900
70.3000
69.9500
69.4700
69.9100
69.4200
69.8500
70.0300
73.5900
73.4900
73.5400
73.7700
73.0000
72.4000
72.0000
71.4100
71.1500
70.4600
71.0000
70.5300
70.3500
69.5000
68.4400
67.8800
67.5800
68.1000
68.3300
67.9800
67.6800
67.1900
67.9000
67.6100
68.1900
67.1100
67.2000
67.4300
69.3600
69.6500
69.6200
69.1900
70.2600
69.5700
71.3500
71.7400
73.1100
73.2600
73.4500
72.4300
73.2100
71.8300
71.3100
71.9300
71.4500
74.0100
74.0500
74.4500
73.9400
72.7300
72.3800
71.6500
71.5700
71.3200
72.3100
71.8400
72.6400
71.0300
71.5100
70.6400
68.6300
68.2700
69.6200
69.5500
69.8600
70.3500
70.8900
69.8700
68.5800
69.7900
68.7900
69.3800
69.7600
70.4100
70.3900
69.2900
69.2900
68.7400
69.0400
69.1700
69.4400
69.6200
69.5500
69.7100
69.9800
69.5400
69.4800
70.0600
69.8800
70.2400
69.0600
69.3800
70.9100
71.4000
71.4600
71.5200
72.1000
72.5600
73.1000
73.0000
72.4100
72.3500
72.2300
72.4600
72.2100
71.9700
72.2100
72.4700
71.7100
73.3800
73.1100
72.9900
73.2300
73.4600
73.2000
72.7200
72.1400
72.1000
72.3200
72.7500
73.6500
74.4200
74.8400
73.6100
73.3300
72.6100
73.1000
73.7900
73.4200
73.8000
74.8500
75.8500
75.8500
77.4600
74.4000
73.7300
74.4700
74.2800
74.4000
72.6700
72.3500
73.9700
74.8500
75.4500
75.6300
76.3300
76.7400
76.4700
77.2100
77.4500
76.8500
76.4400
75.9900
76.1800
76.2600
76.6500
76.6500
76.6100
76.1400
75.5100
75.2800
75.8800
77.0300
76.3300
77.9100
77.7700
77.5900
76.9900
76.7600
75.7100
76.6200
77.5500
77.4200
77.7100
77.1800
76.7500
77.8600
78.4900
77.8800
77.8300
78.8600
78.3800
79.3700
78.8100