30.3400
30.0900
30.2500
30.0600
30.7300
30.8400
30.8500
30.8900
30.0600
29.8700
33.3200
33.4000
33.0600
33.1700
33.3200
33.5000
33.2000
33.3200
33.2600
33.3300
33.7200
33.6800
34.4300
34.1300
34.0800
34.2500
34.3400
33.5800
33.6600
33.5400
33.4100
34.2600
34.0200
33.6500
33.4300
33.4800
33.3400
33.3900
34.1100
33.4800
33.2400
32.8000
32.2000
32.3800
32.7800
33.0900
33.1700
33.2000
33.7800
33.5000
33.9500
33.7900
34.0700
33.7600
33.6300
33.4000
33.2200
33.5900
33.4900
33.2300
33.3000
33.7000
33.0300
32.4600
32.2900
32.3300
32.0400
31.5200
32.1400
32.4800
32.0500
32.5100
33.1500
33.0500
32.9300
32.3300
32.0600
31.9000
32.2400
32.6200
32.8600
32.7100
32.5800
32.5300
31.7500
31.2800
31.1000
31.1000
30.8700
30.7600
30.6500
30.4200
30.1600
29.8400
29.4500
28.9300
29.3500
29.2900
29.1600
29.1400
29.1500
29.4200
29.1100
29.0200
28.3100
28.6900
29.0800
30.1300
29.6200
29.8200
29.4200
29.8500
29.5700
29.6000
29.8700
30.5400
30.9100
31.0300
30.2800
30.6500
29.8600
29.9800
30.5100
30.2500
31.3300
31.3500
31.6600
31.6100
30.8500
30.4300
30.1700
30.0900
29.6600
30.1000
29.8000
29.8300
31.0000
31.0800
30.7700
30.5600
30.1200
31.1200
31.7600
32.4600
32.2200
32.2500
32.1100
32.0300
32.4600
32.7300
32.9500
32.8600
33.0200
33.1300
33.1400
33.2900
33.0900
33.3000
33.1900
32.8700
32.9200
32.8200
32.7000
32.9100
32.7100
32.6900
32.6800
32.4500
33.0300
32.7000
32.6500
33.6700
33.5500
33.0600
33.1500
33.1100
33.4700
33.6700
33.4000
33.3900
33.0000
33.0600
32.9100
32.5900
31.7700
31.6400
32.2300
31.8200
32.5700
33.0400
32.9900
33.4100
33.2300
32.9300
31.9900
31.6100
31.7700
31.5100
32.0400
32.5600
32.2200
31.6000
31.2000
31.2400
31.2700
31.0000
31.4100
31.5800
31.2600
32.6400
32.2500
32.9200
33.1900
32.3200
32.4600
32.4800
32.4300
32.3600
31.8300
31.4700
31.2400
31.9700
31.9100
31.9000
32.4500
32.4200
32.3200
32.8800
33.0800
33.1900
32.9800
33.0200
33.1700
33.5100
33.6600
33.7700
34.4200
34.4600
33.6100
33.5800
33.7400
34.3500
34.1400
34.3900
34.2200
34.2400
34.1200
33.9600
33.8000
34.3000
35.9900
35.8100
35.7100
35.9100
35.7000
35.9500
36.1700
35.7300
35.7900
35.5500
35.8700
36.3800
36.4800