41.8000
40.7100
40.3000
39.8800
39.8100
40.3300
39.9800
40.1800
39.9400
40.0300
40.1800
40.1700
39.8100
39.4000
39.6100
39.8900
39.4400
39.2000
39.2500
39.7400
39.8000
39.6000
39.5100
39.6500
39.5000
39.7800
39.5200
39.3100
38.8500
38.4900
38.5700
38.7200
39.2600
38.7500
38.8200
38.7900
39.0500
39.1800
39.4000
39.2400
39.3500
39.4800
39.1300
38.6400
38.8600
39.1900
39.5600
39.8000
40.1700
40.2600
40.2800
40.2000
40.3200
40.0200
39.9500
39.8100
39.8700
40.2700
40.2600
40.3100
39.9600
40.2700
40.4800
40.3200
40.3300
40.4800
39.7200
39.4200
39.4700
39.5800
39.1800
39.6000
40.0600
39.7000
39.7500
39.9100
39.8100
39.9600
40.8000
40.8800
41.3000
41.3900
41.2400
41.4800
41.2700
41.2800
41.6100
41.6200
41.3000
41.7500
41.2600
40.9300
40.5800
40.7500
40.5300
40.4400
40.6300
41.0000
40.6700
41.1600
41.1100
41.3000
40.9900
40.9500
40.1600
40.1500
40.6200
41.0100
41.2700
41.5300
41.4900
41.6400
41.5700
41.8100
41.9900
42.0400
42.2900
42.0400
41.7600
42.0700
41.4700
41.5700
41.9300
42.1000
42.9100
42.9900
43.1600
42.8500
42.6600
42.9500
42.8600
42.8000
42.8400
43.2600
43.8500
43.9600
44.5100
44.4000
44.1700
43.8300
41.9800
43.1200
43.6100
44.3700
44.0500
44.0300
43.8600
43.3200
44.1500
43.7100
42.7500
42.8500
42.7200
43.6000
42.8100
42.7300
42.9800
42.7500
42.4200
42.3400
42.2100
42.1700
42.4000
43.8600
44.5900
44.7100
45.1700
44.9000
44.9100
45.2900
45.8100
46.8100
46.6500
46.5200
46.4900
46.5500
47.1500
46.7200
46.8300
46.9100
46.8600
47.0200
47.4600
47.4000
47.4500
47.2000
47.6400
47.4100
47.5700
47.9400
48.3100
48.7600
48.2300
50.7800
51.8100
50.2300
50.6000
50.4500
52.5300
53.6600
53.6700
53.8100
52.8600
52.2800
51.9100
50.5000
51.0800
50.2100
48.6300
49.1000
48.5500
48.7800
48.7800
48.1800
47.4700
47.4700
48.3000
47.1400
46.2200
45.9600
45.9100
47.0300
47.1900
47.4200
47.7400
47.9300
47.6800
48.0400
48.5800
49.0400
48.9200
49.2200
49.5800
49.4000
49.6300
50.1200
50.6000
49.0000
48.2300
47.7900
48.3400
49.5200
48.9200
49.2500
49.5500
49.0400
49.0600
48.9700
48.6000
49.3200
49.5100
49.7200
51.5600
51.4900
51.8800
52.9700
53.2500
53.1100
52.8000
53.2900
52.9300
53.3300
53.7700