24.5100
24.3400
24.3900
23.9000
24.1600
25.5000
25.5400
26.1200
26.3600
26.1900
27.1300
27.5500
27.5000
27.6700
27.3500
27.6300
27.3200
26.0200
25.6100
25.4700
26.1700
26.3400
27.3800
27.2800
27.0900
27.2100
27.2900
27.5300
27.5600
27.0600
26.8700
27.2400
27.3200
26.9100
26.6300
27.0000
26.9400
26.9600
27.0400
27.3900
28.1800
27.7300
27.3500
26.5700
26.6900
27.1100
27.4800
27.7100
28.9700
28.7600
29.3100
29.1200
28.9400
28.8500
28.7700
28.3700
28.6300
29.2300
29.0700
28.9200
27.5100
27.9300
28.1500
27.6100
27.2300
26.8500
26.2700
25.4100
25.4600
26.1300
25.4600
25.4400
25.8700
25.6000
25.7200
25.7600
25.3700
25.5300
26.0700
26.1100
26.2300
26.0700
25.3200
24.8600
24.1200
23.6800
23.9500
23.4800
23.3900
23.4000
23.4300
22.7200
22.3800
24.0500
24.4300
24.1100
24.8900
24.3900
24.7500
25.1700
25.5200
26.1400
25.6000
25.4500
24.2700
24.1400
24.6400
25.4300
25.6000
25.6000
24.7800
25.4400
25.1200
24.9500
25.4600
25.4500
25.8500
25.6200
24.7700
25.1600
24.4200
24.5700
24.9700
25.1500
26.3700
26.6400
26.8900
26.5600
26.3200
26.2000
25.8700
26.1100
25.9600
26.7500
26.2500
26.4700
26.5800
26.1000
25.6100
25.2800
25.1400
24.7700
25.1300
24.8600
24.7700
24.5200
24.6500
24.5600
25.7000
26.1200
26.0100
25.9700
26.0000
25.7500
25.7300
25.5000
25.4600
25.6900
25.7100
25.6500
25.7300
25.5900
25.2400
25.5300
25.0600
25.2100
25.0300
24.7100
24.5800
24.7500
24.7500
25.5300
25.8900
25.4700
26.8500
26.6200
26.5900
26.9500
26.2500
26.2200
25.9200
25.6500
25.4200
25.5900
24.8400
24.6700
24.8400
24.6800
24.3000
24.3200
24.1600
24.5700
24.3500
24.2800
24.1100
24.6500
24.7300
24.3900
24.8100
25.0900
25.8400
25.4700
25.2800
25.0600
24.8600
24.5500
24.7000
24.9300
25.4800
25.6200
24.9900
25.1400
25.7900
24.8100
24.7300
25.0000
25.1500
25.0000
24.9400
25.1600
25.0800
25.3800
25.5400
25.5600
26.0300
25.9200
25.5800
25.6600
25.6900
25.5300
25.4800
25.3400
25.6000
25.8700
25.9000
25.6200
25.7600
25.4500
25.0800
25.0800
25.7700
26.3900
26.3400
26.6000
26.1800
26.3900
26.0400
25.7200
25.5200
25.7200
26.4200
26.0900
26.3200
26.1800
25.8500
26.0000
26.8400
26.5200
26.7000
26.9000
26.6900
26.7300
27.4900