82.0200
80.9100
80.0700
79.9800
80.0400
80.6200
80.7800
81.6900
81.5200
81.6400
82.2800
83.7100
82.7800
82.5400
82.2400
81.7300
82.4700
82.0200
82.0100
82.3200
83.5200
83.1700
84.5900
85.2500
86.6300
87.6400
88.0100
87.5100
88.2300
88.4500
86.9300
86.4000
87.9900
87.1500
87.6200
88.2900
89.5300
89.4100
88.7000
88.4100
88.3700
88.5000
88.6800
87.7800
87.9600
88.3800
88.9100
89.0000
89.6500
90.4200
90.3000
89.3200
89.5600
89.3400
89.4500
89.4000
89.7700
90.6400
90.8500
89.6900
89.6300
89.8600
91.1600
91.0700
90.3400
90.1500
88.7400
87.6700
88.4900
90.1700
89.3000
89.5700
90.6000
90.3700
90.3400
90.8400
90.5300
91.1300
90.9800
91.7000
91.3000
90.5400
90.5500
90.0800
89.4700
87.8300
87.3100
87.1300
85.9500
86.1200
85.2100
85.2000
84.5900
84.3300
82.8300
82.7800
83.6300
83.6900
83.3500
83.3700
82.7100
83.6600
82.8000
82.8000
81.2200
81.0500
80.8200
82.3800
83.1500
83.2900
82.4600
83.3700
82.6700
83.3300
83.4500
84.7600
85.3000
84.5400
84.3700
85.3500
84.2500
83.3800
84.9100
84.5300
87.0800
87.1600
87.5100
87.0000
86.8600
87.3900
87.0200
86.8400
86.0200
87.2500
87.1400
87.4300
88.6000
88.5100
87.7100
86.9100
87.7900
87.6800
88.5500
90.2000
89.0800
89.2700
88.9600
88.4500
89.3900
88.9900
90.3200
90.8900
90.5400
91.0300
91.1200
91.3500
91.5100
92.0500
92.4000
93.3200
93.8000
93.0300
92.2000
92.4500
92.2800
92.4800
91.9200
90.9300
91.1400
90.5300
91.5300
92.8300
92.1800
92.0300
92.2400
92.4200
93.1300
92.5200
92.2100
91.7700
92.2400
91.1800
91.2900
91.0400
91.5000
91.9100
92.4600
93.3800
93.4400
93.1600
93.0900
94.5200
94.3700
94.0100
93.7200
92.7100
92.7200
92.9600
92.5000
93.3700
93.5800
94.3200
92.8900
92.7700
91.9500
93.9200
93.5500
92.8400
93.6700
94.1900
93.7200
94.1000
94.8700
91.1500
89.9200
89.9800
89.8100
90.1800
88.1100
87.5800
88.4600
90.4800
90.1800
90.5100
91.8300
93.2900
93.1000
93.7000
93.0400
93.3000
91.5500
91.4800
91.5300
91.4800
91.9000
92.4100
92.0000
91.8100
89.9900
88.9600
90.4200
92.9300
92.9100
92.5000
93.1300
92.7700
92.0300
92.8300
91.3400
92.2900
93.2700
93.5500
93.9000
94.2200
92.9600
93.9900
94.1100
93.7100
93.9100
94.0200
93.5500
94.7500
93.9700