20.2200
19.9300
20.2000
20.0600
20.2100
21.1900
21.6800
21.5700
21.0700
21.3100
22.1400
22.2800
22.5000
22.7000
22.8600
21.9400
20.6900
20.9800
21.4100
21.5400
22.1200
22.6700
23.8400
23.6500
23.8200
24.3900
24.3800
24.1700
24.7700
24.0000
24.3200
25.5600
25.5600
25.7900
24.9900
25.1800
25.0800
25.1200
25.1100
24.8400
25.6800
24.9700
24.7000
23.9500
24.2500
24.2100
24.7000
24.5200
25.6000
26.1200
27.2900
26.7700
27.0700
26.8600
26.6700
26.0400
26.4500
27.0600
27.0400
26.6100
25.7500
26.3600
26.5600
26.2300
25.6300
25.5500
24.4800
23.5700
23.7900
24.7000
24.1500
24.1800
24.6700
24.1900
23.9000
23.6600
23.8600
23.9500
24.6300
24.6400
24.6700
24.7700
24.9200
24.5800
23.7400
23.1100
23.3600
23.3600
22.8900
23.4900
23.5800
22.7300
22.2000
21.4800
20.8600
20.5600
21.2000
21.5600
21.2300
21.3100
21.2700
21.7300
20.8000
20.6700
19.4000
19.3400
19.7300
20.8900
20.7800
20.9800
20.3200
20.9800
20.7400
21.2100
21.2300
20.9200
21.7200
21.4000
20.6400
20.8100
20.0500
20.6000
21.0500
20.9300
21.8700
21.4200
21.7300
21.2600
20.7700
20.6300
20.3100
20.6900
20.3000
20.8800
20.5000
20.7300
20.9000
20.9000
20.0800
19.7900
19.3600
19.2900
19.6100
20.3200
20.2000
20.0500
19.8400
21.3400
22.0300
22.3000
22.6100
22.7000
23.2300
22.9400
22.9500
23.5900
23.6000
24.0000
23.8900
23.8700
24.0200
23.8300
23.5300
23.7800
23.4500
23.3100
23.3000
23.2600
23.2200
23.3100
23.1700
24.1600
24.3800
24.3200
24.4300
24.6700
25.3600
25.8000
25.4500
25.3100
25.2500
25.0000
24.8000
24.7900
24.2600
23.7700
24.1300
24.1900
24.0000
24.3200
24.1400
24.6400
24.3900
24.4700
24.2100
24.0300
24.2700
23.7600
24.0000
24.8500
25.6300
25.7400
25.3300
25.3400
24.7700
24.7100
25.0900
24.6800
24.7900
25.4300
25.2000
25.3400
25.8100
23.7900
23.2800
23.5700
23.4400
23.2600
23.1500
23.3100
23.8000
24.2000
24.1400
24.2400
24.6100
24.6200
24.3200
24.4800
24.6300
24.7000
25.0700
25.2600
25.5800
25.5200
25.7800
25.7400
25.7500
25.7700
25.3500
25.2900
26.0000
26.4500
25.9400
26.4500
25.9000
25.8500
25.7300
25.4400
25.2300
25.9000
27.4100
27.9000
28.1100
27.8000
27.3700
27.4000
27.8400
27.8400
27.5700
27.3600
27.3400
27.9800
27.7300