37.7567
37.5600
38.0300
38.0200
38.1133
37.9533
37.3567
37.3567
37.7000
38.0067
37.6633
36.7800
36.5633
36.7533
37.3567
38.1367
37.1267
35.8267
36.5300
35.7967
35.8367
36.5333
37.1900
37.3967
37.6700
37.7867
41.4567
40.8600
40.8200
40.9133
41.2767
42.0000
42.3500
43.0200
42.9933
42.9600
43.3367
43.5233
43.2033
43.6933
43.2967
42.9433
42.7933
42.6900
42.6667
43.4467
42.9700
43.3100
43.7400
43.3833
43.4667
43.5133
43.9833
43.4667
43.6567
43.1367
43.7333
43.7833
43.9400
43.4467
43.7767
43.1600
43.9400
44.4633
45.1933
45.4867
45.4667
44.8500
45.3767
45.3533
45.9600
44.7967
44.6833
45.6300
45.4167
45.9833
45.6900
44.9400
43.1767
44.8933
45.2300
45.0967
44.5200
44.6600
44.6567
44.2167
43.5233
43.5767
42.4967
42.7067
42.9267
42.9867
42.1900
42.4767
41.7967
41.7000
42.0633
41.7500
41.9233
42.7267
41.6133
41.5900
41.3367
41.2000
39.9933
40.1133
40.0467
40.3867
40.8067
41.0533
41.0267
40.9833
41.1067
41.6867
42.3900
42.7867
42.6467
42.6867
42.9467
43.1333
42.9067
42.7333
43.4467
43.8600
43.9833
45.1500
45.6400
45.1267
45.3500
45.2433
45.3367
45.9100
45.7133
46.2200
46.3600
46.2567
46.5467
46.0433
45.8900
45.4300
45.0833
42.9300
42.3433
42.4833
42.5500
42.8800
42.3033
41.8100
42.1700
42.0067
40.9133
41.0433
41.1433
41.2667
41.5433
41.6133
41.6500
43.0000
43.8667
43.3533
42.6267
42.7233
42.6767
42.7933
42.7400
43.2633
42.1933
42.1700
41.8367
42.1933
41.6033
41.3633
41.2133
41.1867
40.3333
38.5867
38.8533
38.4067
39.0300
39.7133
39.5600
40.2833
40.8133
39.6500
39.3400
39.5733
39.5200
38.8167
38.4633
38.8367
39.2900
39.0400
39.4467
38.7333
38.7667
38.2900
37.9200
37.9133
38.4833
39.1233
39.5500
39.3900
39.0933
39.2067
38.5933
37.2333
38.3467
38.1900
38.6700
38.8167
38.4500
38.4333
38.6533
37.4967
37.5333
37.5300
37.5300
38.1700
37.5833
37.7100
38.4267
39.7400
39.9100
40.4500
41.0900
40.6033
40.5333
40.1400
40.1367
40.3867
40.3333
40.0867
40.0033
39.8900
40.4933
40.1000
39.9800
39.9267
39.8700
39.8067
39.5933
38.6967
39.1533
39.4300
38.9633
38.9200
38.6467
38.2033
38.4500
38.8900
40.2433
39.6333
39.2900
38.5467
37.9800
38.3367
38.6967
39.0067
39.0200
39.1267
38.8200
39.4600
39.5100