25.5200
26.4700
26.3700
26.3400
26.1000
26.4300
26.5300
26.3900
26.3200
26.8000
27.4600
27.3300
26.5300
26.3300
26.8800
26.9100
26.9500
26.9100
26.8200
26.8300
26.8800
26.8200
27.2000
27.0100
26.9600
26.8800
26.9100
27.0900
27.3900
27.1900
27.4300
27.3100
27.6800
27.7600
26.9500
27.0600
27.1600
27.3400
27.7100
28.3800
28.3800
28.1300
28.2400
27.8400
28.8700
29.3600
29.7700
29.8400
30.2300
30.4900
30.6900
30.4100
30.5300
30.5900
30.8600
30.9500
30.7400
31.1800
31.1800
31.2200
31.2100
31.3800
31.3800
31.0700
31.2700
31.3500
31.0900
30.3300
31.0200
31.5000
31.6900
32.0500
32.0800
31.9600
32.0000
31.6500
31.1200
31.3800
31.7300
31.4300
31.6100
31.4700
31.6100
32.1000
31.6600
31.0900
30.7900
30.6700
30.3400
30.1800
29.6200
29.5600
29.0300
29.3200
28.3700
28.4800
25.6000
25.4900
26.1900
27.1000
27.2400
27.4900
26.9900
26.7200
26.3600
26.6600
26.4300
27.4800
27.6900
27.9200
26.9800
27.4400
26.8800
27.7700
28.0500
28.4300
28.5400
28.6300
27.5000
27.3100
26.9300
27.2600
27.3000
27.2400
28.4400
28.6200
27.6200
27.5800
27.8500
27.2800
27.1700
26.6700
26.5700
26.7200
25.8000
25.5500
25.6600
26.0300
25.7900
25.7700
25.7700
25.6000
26.6000
27.0700
26.8600
25.3700
25.1400
24.8500
25.4900
25.4100
25.9700
26.4200
26.9100
26.7700
26.5500
26.5400
26.8300
27.4500
27.8700
26.2600
26.4300
27.2400
27.3600
27.7300
27.7000
27.8500
28.3400
28.1800
28.4800
28.4300
28.1000
28.3800
28.3200
28.6900
28.6000
28.2200
29.0200
29.4000
29.2300
29.1800
29.5900
30.0000
30.1900
29.8000
29.6700
30.0100
30.2600
30.2400
30.3100
30.2900
30.7000
30.9500
31.7700
31.5500
31.1300
30.8900
30.7700
31.1800
32.2000
32.3500
32.7900
32.5700
32.6400
32.7100
32.3000
32.2900
31.7900
31.3600
32.3800
32.9600
33.1500
33.0600
33.2900
32.7700
32.1000
31.4700
31.9800
31.9700
31.9800
31.4000
31.9800
33.9600
34.4500
34.5500
35.1500
35.3500
35.3400
35.7700
35.6100
36.0900
36.0400
35.6200
35.2000
35.1700
35.1100
34.8100
34.8200
34.7300
34.5300
34.4600
35.8500
35.8300
35.1100
35.3800
35.0400
35.2400
35.2000
35.1300
34.9800
35.5200
36.1900
35.8500
35.5800
34.7600
34.7800
34.8800
35.5500
35.8300
35.3800
35.9300
35.7700
37.0000
36.9900