6.1700
6.2200
6.7000
6.7200
6.7300
6.6900
6.7700
6.8800
6.6500
6.7400
6.9500
6.9900
7.0600
7.0000
7.1400
7.0800
7.8500
7.7400
7.6500
7.5700
7.8200
7.9400
8.1100
8.0500
8.1000
8.0500
8.2500
8.3300
8.3900
8.4800
8.4300
8.5000
8.2800
8.2100
8.3300
8.5500
8.5000
8.4100
8.5900
8.6000
8.5300
8.3300
8.1000
8.0800
8.3300
8.5300
8.7300
8.5200
8.5400
9.1400
8.9500
8.8000
8.7300
8.7800
8.8100
8.6800
8.6600
8.8900
8.6600
8.5400
8.5600
8.6800
8.7800
8.7700
8.4700
8.2700
8.1000
8.0200
8.1400
8.3300
8.1300
8.0800
8.3200
8.2600
8.0700
7.9300
8.0300
8.0300
8.4300
8.1800
7.8900
8.0400
8.1900
8.2300
8.0100
7.9000
7.8700
7.8200
7.7400
7.7100
7.7400
7.7200
7.6000
7.5800
7.4900
7.1900
7.3300
6.9800
6.9300
6.8500
6.9000
6.8500
6.7200
6.6500
6.3300
6.3500
6.5100
6.6300
6.5400
6.6000
6.3500
6.4900
6.4600
6.1900
6.4000
6.5100
6.6300
6.6300
6.2000
6.3700
6.1200
6.1300
6.2100
6.0800
6.3700
6.3900
6.5400
6.5500
6.2000
6.2000
6.0900
5.9900
5.8400
5.8500
5.8200
5.7400
5.9500
6.2600
6.1600
6.0700
5.9300
6.0500
7.0400
7.1500
7.0400
6.9000
6.9800
6.9300
7.2900
7.2400
7.5200
7.5900
7.6600
7.7000
7.7400
7.6500
7.7400
7.8100
7.8500
7.7900
7.7000
7.6800
7.5800
7.5900
7.7600
7.6700
7.7200
7.5700
7.7900
7.7700
7.7800
8.0600
7.8700
7.6900
7.8400
7.8000
7.8900
7.8900
7.5200
7.5500
7.5600
7.4300
7.2800
7.2700
7.0400
6.9800
7.1200
6.9100
6.8100
6.8200
6.8300
6.9900
7.1000
6.8300
6.6700
6.6300
6.5700
6.4500
6.5200
6.8200
6.7300
6.5700
6.4600
6.4300
6.4500
6.2900
6.7500
6.8800
6.8500
7.0000
6.7600
6.9700
7.1000
6.8100
6.7000
6.7400
6.6800
6.7000
6.5600
6.4100
6.4100
6.7300
6.6200
6.5800
6.7100
6.6900
6.7100
6.6600
6.7400
6.7400
6.6700
6.7300
6.8700
6.9200
6.9600
7.0500
7.1600
7.0700
6.8700
6.7500
6.7500
6.8600
7.1000
7.0300
7.0000
6.9600
6.8500
6.9100
6.9200
7.0700
7.5500
7.3400
7.3000
7.1800
6.9200
6.9100
7.1100
7.1500
7.2100
7.1900
7.4200
7.4000
7.3300