39.1500
39.6600
39.3400
38.8700
38.9800
39.2400
39.4900
40.3000
40.4900
41.1900
41.6100
41.5700
41.2200
41.3500
41.8200
41.9900
41.2600
41.4600
41.0000
41.8600
41.9000
43.5100
44.2600
44.3900
44.8200
44.8300
45.0700
44.9600
45.2000
45.6000
45.2100
45.9400
46.5000
45.9200
45.4800
46.0100
46.2600
46.8600
47.1100
46.5300
46.4500
46.2300
45.7000
45.2200
45.7700
46.1400
46.7400
46.5700
47.2600
47.3900
47.5300
46.9300
47.0000
47.2500
48.1400
49.0100
48.5500
49.8000
49.6200
48.5400
48.2900
48.0000
48.3800
48.7700
48.6900
48.2500
47.9100
46.5300
47.3700
47.8100
47.6700
47.9100
48.8600
49.2500
49.0400
49.2600
48.3900
48.1700
49.4500
50.2500
50.9600
49.7000
49.6600
50.4300
51.7000
50.2700
50.0300
48.7600
48.4600
48.6700
48.4200
48.0000
48.0500
47.9600
45.8600
45.1100
45.8600
45.4900
45.6200
45.9400
46.4100
47.2800
45.8400
44.3600
42.8900
42.2800
42.4100
42.6900
41.8600
42.8000
41.8700
42.7300
41.9500
42.2900
42.6500
42.8200
43.4900
43.5600
41.8500
41.7200
40.9900
41.0000
40.8300
41.1600
42.5300
43.9500
44.1400
46.1200
45.8200
45.6800
45.4100
45.0000
45.1600
46.0500
45.8100
46.4900
46.7900
47.1400
46.3100
45.6900
44.7100
45.6800
46.0400
47.1200
47.9400
47.5500
46.8200
47.7200
49.1400
49.4600
50.4900
49.6200
49.5500
49.2900
49.4500
48.9100
48.9900
48.8600
49.5100
50.1600
48.0500
48.0400
47.7700
48.8300
47.8400
47.6400
47.7700
47.9000
48.6000
48.4600
48.3300
48.8100
48.5100
48.8400
48.4300
48.7300
49.8000
50.3100
50.2300
49.5800
50.0000
51.7500
51.7400
50.1200
49.3200
49.2700
49.6400
49.2600
49.5500
49.4000
50.2400
50.2300
50.5600
50.3400
49.1000
48.6900
48.6400
48.2600
48.3500
49.6200
48.7500
49.0100
48.6000
48.0500
47.7900
47.7000
48.2700
47.6000
47.8900
47.5700
48.0400
48.3300
48.4000
47.3500
46.4500
46.4800
46.4300
47.3100
46.6000
45.5000
46.2000
48.3100
48.3400
48.1700
48.7400
49.4300
49.1100
50.7900
51.5800
52.1500
51.5500
51.3000
51.2300
51.2900
51.1800
50.6600
50.6400
50.1700
50.2100
50.4200
51.4400
48.3400
48.2300
48.6700
47.2400
47.3700
45.8400
46.4100
45.9000
47.0600
47.4000
44.7100
44.8800
44.6600
44.0700
44.1200
44.3000
44.3800
45.5000
46.4300
46.6100
46.9400
46.9100