24.0200
23.9800
24.0300
23.8900
24.1200
25.2300
25.3700
25.9200
25.4500
25.1000
26.8000
27.2300
27.3900
27.4200
27.6400
28.0600
28.4100
28.3000
28.0500
27.7600
28.4300
28.5300
29.6000
29.5400
29.3600
29.4600
29.4200
29.1800
29.7200
28.6300
28.4500
29.0800
29.3600
28.9800
28.4900
29.3600
28.8000
29.0500
28.9500
28.4900
28.3800
28.1700
27.8400
26.6000
26.6400
26.7700
26.9600
26.7400
27.5000
27.1100
27.2400
27.9600
28.5100
28.3100
27.7900
26.6900
26.8800
27.4100
26.9900
26.8000
26.3400
26.1000
25.9900
25.6300
24.7900
24.8700
24.3300
23.8500
23.8600
24.8500
24.1500
23.9400
24.2900
24.1500
24.3200
24.4100
24.0300
24.4400
24.7800
25.0400
25.0900
24.8600
25.5000
25.3000
24.9100
24.6100
24.5200
23.8800
23.6900
23.3900
23.3000
22.3100
21.9900
21.4700
21.4100
20.9900
21.0800
21.1500
21.2500
20.9400
21.0300
21.4800
20.8000
20.3200
19.9900
19.8400
20.0200
20.6600
20.5100
20.7600
20.3000
20.8400
20.5700
20.7400
21.4100
21.0800
21.6900
21.5300
20.7500
21.1800
20.3300
20.2700
20.7200
20.6800
21.2700
21.5300
22.2800
21.4000
21.3200
21.3200
20.9200
21.6300
21.4300
22.3300
22.1600
22.1100
21.9300
21.9500
21.4900
21.3100
21.1400
21.0000
21.5800
22.3500
22.2100
21.6800
21.7800
20.5600
21.1100
21.6300
22.2400
22.2300
22.2200
22.1900
21.8500
21.7600
21.9500
22.2200
22.5200
22.2200
22.2900
22.2100
21.7800
21.9400
21.8600
21.8200
22.0300
21.2900
21.3800
21.1100
20.9300
21.5100
22.0400
21.8500
22.0400
22.2500
22.9000
23.8900
23.3900
23.3900
23.9100
23.7400
23.5700
23.9000
23.0300
23.0300
23.1200
22.7500
22.8900
22.9700
22.9000
23.1800
22.9400
22.8400
22.4100
22.1400
22.2500
22.1200
22.2800
22.4400
22.9800
23.0800
22.6400
22.7100
22.2400
22.1800
22.8100
22.5100
22.7000
22.9700
22.6100
22.7700
23.1000
21.7500
21.4400
21.8000
21.1400
20.7500
20.7000
20.5000
20.4800
20.8700
20.9700
21.0200
21.1000
20.8800
20.9100
21.2700
21.6400
22.1500
22.4400
23.0000
23.1900
23.1100
23.2000
23.2500
23.3800
23.8100
23.2200
23.2700
23.6800
24.2600
23.9700
24.2000
23.8400
23.9500
23.8600
23.7300
23.4700
23.7900
24.2200
24.0900
24.0100
23.8100
23.9200
23.8500
24.1600
24.1900
24.0100
24.0900
23.8700
23.9700
24.1000