8.4100
8.6000
8.6200
8.5200
8.5900
8.7100
8.8800
8.9700
8.8400
8.9400
9.0200
9.3000
9.4000
9.2800
9.1600
9.5100
9.3800
9.6200
9.3800
9.5800
9.7400
9.7500
10.0400
9.7500
9.6400
9.6300
9.7800
9.6200
9.7200
9.5900
9.5300
9.5900
9.4300
9.1000
9.0200
8.8700
8.6800
8.8200
8.9500
8.9800
8.8800
8.9600
8.7400
8.6000
8.4900
8.5000
8.4800
8.2800
8.4100
8.1800
8.4500
8.3100
8.4100
8.3900
8.3200
8.1900
8.2300
8.3500
8.2300
8.3600
8.4000
8.2400
8.2600
8.2000
8.3800
8.3100
8.2200
7.9100
7.9500
8.1400
7.9400
7.9900
8.0800
7.8900
8.2300
7.9100
7.8800
8.0200
7.9800
8.0900
8.2500
8.2800
8.2800
8.1700
8.2200
8.1000
8.2600
8.2700
8.2000
8.1000
8.0500
8.0800
8.0700
8.2100
8.3500
8.1500
8.3400
8.2700
8.3600
8.7400
8.7600
8.9400
8.8700
9.0300
8.9500
8.6000
8.6600
8.8000
8.8600
9.0600
8.9800
8.9900
9.1900
9.2000
8.9300
9.0300
9.2300
9.3100
9.2100
9.2100
8.7600
8.8700
9.1400
9.2100
9.2200
9.3100
9.2800
9.1500
9.2700
9.2400
9.6300
9.5600
9.3100
9.4400
9.4200
9.3900
9.4200
9.1500
8.8600
8.7100
8.6600
8.4700
8.6800
8.9000
9.1500
9.1900
9.1800
8.9400
9.1300
9.2600
9.0900
9.1000
9.0400
9.0700
9.1200
9.0100
9.0200
9.0700
9.1300
9.4400
9.4600
9.3200
9.3000
9.2100
9.0700
8.9800
8.8900
8.9600
8.9400
8.8500
9.0900
9.2100
9.1900
9.1500
8.9500
9.1800
9.1100
9.0700
9.0500
8.9200
9.0600
8.9400
8.8400
8.8900
8.8400
8.9200
8.8800
8.7700
8.8600
8.9800
9.1400
9.1000
8.9700
8.8600
8.7500
8.7700
8.7100
8.8400
8.8900
8.8800
8.9500
8.9800
8.8800
8.8300
8.7900
8.7500
8.8300
8.7400
8.8200
9.0500
9.0300
9.0400
9.1500
9.0100
9.1800
9.0600
9.0700
9.0300
8.7600
8.8400
8.9300
9.1000
9.1100
9.2300
9.3700
9.4000
9.2900
9.4300
9.5000
9.5300
9.4400
9.6300
9.7900
9.8800
9.8100
9.8400
10.1200
10.0200
10.1400
10.1900
10.3600
10.5000
10.5600
10.5400
10.4600
10.4300
10.3100
10.2600
10.1600
10.2400
10.4700
10.7200
10.8800
10.9100
11.0300
11.0000
11.0700
11.0500
11.0200
11.0800
11.2800
11.4000
11.2600