33.6900
33.9100
34.0400
34.1000
34.2700
34.1200
34.5700
34.9500
34.7200
34.7000
35.4100
35.3800
35.4900
36.1400
35.6400
35.2400
35.0800
35.9900
34.8100
34.9000
35.6700
35.5800
36.9400
37.0100
36.8600
37.2300
37.5600
37.3200
37.1700
37.2100
36.9900
37.8300
37.9100
37.7400
37.3000
37.4800
37.2500
37.2900
37.2200
36.8800
36.9600
35.9500
35.8700
35.4800
35.7300
36.1900
35.7300
35.8500
36.4700
35.8100
35.5700
35.0600
35.3000
35.1300
35.3400
34.5100
34.2800
34.1600
33.7000
33.4300
33.4800
33.2400
33.1900
33.0400
32.9000
32.2800
31.9800
32.1000
32.3500
32.9900
32.4400
32.3800
32.7400
32.4500
32.3500
32.3800
32.5500
30.4400
29.7300
30.1700
30.1400
30.1000
30.1600
29.7400
29.6700
29.3500
29.0100
28.8300
28.9500
28.4400
28.3100
28.1400
27.4500
27.3000
26.6300
26.1300
26.6300
26.2800
26.2300
25.5500
25.8300
26.1100
25.1000
25.0100
24.9800
25.2400
25.4200
26.0100
25.6700
25.8300
24.8600
24.9900
24.9100
24.8600
25.5400
25.6700
26.2100
26.2500
25.5500
25.9300
25.5700
25.7000
26.2600
26.0700
26.5800
26.4800
27.7500
27.5400
27.0500
26.6500
25.9600
26.2900
24.3100
20.3600
20.2100
19.9400
19.9900
19.8200
19.6600
19.2200
16.7700
16.8500
16.8800
17.3300
17.3600
17.4900
17.5100
17.1300
17.9200
18.6000
19.1000
19.3500
19.5600
19.9000
19.5800
19.4300
19.8100
20.3100
20.5100
20.7500
20.7500
19.8700
19.4400
19.4500
19.0100
21.6200
21.0700
21.5300
21.7100
21.1400
21.3200
21.7000
21.6400
21.6700
21.9800
22.3100
22.5300
23.9900
23.7200
23.8400
23.8600
23.7600
23.4400
22.7600
22.3500
22.1900
22.8700
22.2500
21.6600
21.8000
21.1300
21.2300
21.5500
22.1000
21.0700
20.7300
20.7900
20.8800
21.0800
21.5000
21.5900
21.9200
21.6800
21.6500
22.5200
21.3300
21.7300
21.3800
21.2600
22.0600
21.4000
21.4700
21.7800
21.4300
21.5200
21.7200
21.4500
21.8400
22.1200
23.3200
23.1000
24.0400
23.9900
24.2200
25.6100
24.8500
24.5000
24.0900
24.4700
24.3300
24.1000
24.3600
24.2700
25.0300
24.9600
25.5500
25.4500
25.0800
23.4900
23.1800
23.2200
23.8400
23.9000
23.8800
23.5200
23.4800
23.3700
23.3300
23.0100
23.1900
24.1600
25.9700
26.0800
26.0000
25.4500
25.4900
25.5200
25.9600
26.8500
27.1900
27.1200
27.8100
27.9500