32.6800
32.6500
33.9200
34.5600
34.4600
34.8700
34.8400
35.0400
34.4200
34.6800
35.3700
35.8200
35.3800
35.0900
35.2800
34.1900
33.2700
33.8200
34.3200
33.6900
33.9900
35.2300
36.1200
35.7200
35.8700
35.8600
36.2100
35.6800
35.8000
35.5600
34.9700
35.3000
36.2500
36.6900
37.6800
36.9900
37.0600
37.3700
37.8400
37.9700
38.8500
38.3100
38.2400
37.2800
38.4700
39.3000
39.6700
39.5800
39.5700
39.9100
39.7700
39.7300
39.6200
39.7000
40.4700
40.0600
39.8400
40.4400
40.4200
40.0400
39.9300
39.7300
40.2400
40.8900
40.9000
40.8700
39.9800
38.5600
39.3900
40.3300
39.9800
40.0100
40.1800
40.1300
39.6500
39.1000
38.7600
38.8200
39.9400
40.6500
41.1800
41.0200
41.4400
41.2700
41.5500
41.1100
40.2900
39.5100
38.0500
37.8300
37.9800
36.6800
37.0100
37.2900
35.4300
35.2400
36.2800
36.4700
37.0500
38.0200
37.7600
38.9900
38.3000
38.0500
36.8500
36.4200
36.5800
37.3800
36.4900
37.2100
36.3600
36.9200
35.0600
35.8200
36.0600
36.6100
37.1700
36.9900
34.9200
33.7800
33.8200
34.2000
33.1400
33.4500
34.3500
33.8900
33.3600
34.2700
34.0300
34.2000
34.5900
33.1500
32.8300
33.6400
33.9200
34.1900
34.8100
35.4900
35.6000
35.0300
34.4300
34.5400
35.5800
36.5400
36.6600
35.8400
35.0600
36.4000
37.2600
36.8400
37.0000
38.0100
38.1200
38.0000
37.8700
38.2400
38.5400
38.7400
38.9500
38.8400
39.2800
39.3300
38.9200
39.7500
39.6300
40.4200
40.4700
40.3000
40.3100
40.2200
39.8700
40.3500
40.4600
39.9900
39.2700
39.2200
39.2800
39.2400
38.5500
38.5000
39.0400
38.6500
38.3900
37.8100
37.7500
37.7500
37.5100
37.6200
38.5800
38.6800
39.4900
39.6700
39.6100
39.3100
39.6300
39.0000
39.2300
39.4100
39.9100
40.4700
40.8400
40.4600
39.9900
39.9900
39.4600
38.8800
38.6800
38.4800
38.0700
40.5200
40.6100
41.1600
41.3800
40.4500
39.0100
38.9300
38.7000
39.0800
38.9000
39.3400
40.1800
40.9300
40.7700
41.0100
41.7300
39.8600
39.6300
40.3600
38.6200
38.7000
38.1000
38.2700
38.8700
38.9200
39.4100
39.3500
38.8600
38.8600
38.2200
38.0700
38.7100
39.1100
38.7700
37.9100
37.5100
37.5200
37.1300
37.0800
37.3600
39.0200
38.3100
37.4700
37.9400
37.6500
37.0500
36.6900
37.2500
36.8900
37.0800
37.9100
38.4300
38.0700
38.4200