368.3700
356.2500
352.4100
342.9200
345.8200
348.8300
341.4700
343.3000
339.0800
345.9700
352.3800
352.9000
340.6600
339.0600
342.6800
348.7700
347.8300
348.7900
351.9700
355.5700
357.6200
381.5700
390.3200
391.3100
392.9100
394.9100
396.4000
396.1400
396.6500
395.5500
392.9600
393.1500
396.0000
399.5500
406.8300
406.1000
415.6100
421.4000
423.9700
420.0000
420.4300
412.7800
417.6200
408.3400
411.7400
417.2600
419.5200
419.8600
423.2200
421.4200
419.5500
420.1700
425.0900
418.9800
417.9400
416.8400
424.0100
435.6800
430.6600
427.5200
428.2200
420.5400
432.0500
438.0200
430.9400
439.8500
439.2900
424.7300
430.0400
433.9800
440.4600
432.6600
438.4300
436.7000
436.8200
440.4400
430.2600
430.3000
445.0600
453.9800
457.5800
452.2700
455.9000
451.4500
442.4300
439.6900
436.1200
431.6400
422.8300
422.9800
422.4000
414.4400
414.4700
409.3700
398.5800
394.5600
410.5800
413.4400
417.0900
419.8300
413.9600
416.0500
411.5800
406.5100
391.7800
400.2600
408.2000
419.9800
415.7100
416.5500
413.8400
417.7500
409.7500
419.0500
426.6900
425.6200
427.5700
428.8100
421.1700
435.0800
428.5200
432.2200
431.9200
421.3000
430.1100
439.9000
441.7700
444.0500
441.6300
431.2700
420.2500
419.8900
424.2500
429.6000
436.8900
435.6800
436.8200
427.9400
423.1500
415.9800
409.8900
412.3300
423.7700
436.7500
441.1500
436.5700
427.2000
423.4300
424.1300
419.8500
416.4000
424.4500
425.9400
426.0300
425.6300
428.0800
427.0900
428.5200
426.8100
427.2000
423.3100
421.2000
418.3300
422.4500
423.4200
424.6000
425.8200
420.9500
422.9000
424.3800
422.1000
432.6000
436.2000
437.4900
442.8700
446.4100
455.2600
454.1800
453.5000
452.9800
451.8900
454.1800
459.5200
455.2900
451.5200
445.8400
452.1700
451.4800
456.8900
457.6500
473.7600
474.8800
475.2700
471.9300
464.8800
462.0900
472.5700
473.3600
475.8200
479.0100
483.0000
475.8300
470.0600
466.9300
459.8600
454.5400
449.3600
452.9800
460.9300
468.6900
469.4500
465.6500
471.7800
464.7000
461.8000
464.6600
470.0000
471.2200
463.3100
457.1600
464.5900
478.6800
477.5700
479.4300
481.2400
480.0300
478.4900
481.5100
486.2100
488.6800
486.6500
483.4200
478.0000
480.8800
476.0900
479.6000
481.5200
483.4400
484.4300
482.3000
489.3200
492.8800
489.3900
498.5300
493.5700
495.0200
486.2000
487.8700
483.0800
491.2800
510.2700
511.0000
510.9800
519.5300
517.8200
532.3900
527.6500
528.6800
523.5100
522.8000
521.2900
523.3500
521.0000