30.0000
30.4700
31.4700
31.7400
32.1700
32.7000
33.0200
33.8500
33.5300
33.6300
33.9400
34.6600
34.8400
34.8400
34.9400
35.1600
34.6300
34.5700
34.6500
34.4500
35.1300
35.1700
36.1300
36.1500
36.1700
36.2200
36.0500
35.7200
35.9400
35.1300
34.7300
34.8200
34.9300
34.3200
34.4400
34.3000
34.7300
34.9000
35.4100
35.2800
35.7500
35.7500
36.0700
35.7800
35.9000
36.7400
37.5400
37.4800
38.3600
38.3900
38.3800
38.1400
38.0800
37.6400
37.8800
37.7100
37.7200
38.6200
38.5500
38.0500
37.6400
37.8500
38.0400
38.3200
37.6600
37.7800
37.4900
36.4700
37.3400
37.5700
37.3100
37.3100
37.9100
37.8300
39.4500
38.9000
38.5100
38.4000
39.0200
39.7700
39.5300
39.0900
39.6500
39.9900
40.0900
39.2800
39.2900
38.8200
39.1800
39.2400
39.3400
38.6900
39.0400
38.5700
37.0200
36.8300
38.0100
37.8800
38.1100
38.3900
38.6400
39.1400
38.2900
38.7100
36.4900
36.3300
36.7100
37.5500
37.5400
37.8000
36.8600
37.5000
36.9700
37.6500
37.9800
38.3800
39.6200
39.8100
38.6400
38.8000
37.7800
37.8700
38.1600
37.5400
39.2000
39.2500
39.2500
39.5800
39.4000
38.9600
38.1700
38.0300
35.5800
36.2800
36.1200
36.7000
36.7000
37.2900
36.8500
35.8000
35.0300
35.3400
36.0600
36.8900
36.5000
36.4200
36.3500
36.3200
37.5500
37.3500
38.1200
37.2400
37.2900
36.9400
36.9300
36.6600
36.7900
37.8100
38.0500
37.5500
37.2000
37.2400
37.1200
36.9700
37.3600
37.2600
37.6000
37.5400
37.6800
37.6300
37.4000
38.7500
39.3600
38.9700
39.3400
39.5200
40.9800
41.6000
41.1600
41.0700
40.9000
40.7500
40.4300
40.2200
39.1400
39.0100
39.5800
39.1000
38.9700
38.6300
39.0000
38.9400
38.2900
38.7300
38.4500
38.3800
38.1700
38.1600
38.5300
38.8900
38.7900
38.8900
37.5300
37.9400
36.8900
36.4400
36.4700
36.8200
36.4800
36.9600
36.6900
36.6400
36.7700
36.0100
35.2800
35.5400
35.3100
35.1300
34.3800
34.1100
34.4300
35.4500
34.8800
34.8200
35.2400
34.7100
34.6400
35.2100
36.6300
36.2900
35.8900
35.5300
35.2700
35.4600
35.4300
35.5900
35.7900
35.9200
35.6200
36.1100
36.8400
37.4200
37.2200
37.6800
37.4000
37.1200
36.7100
36.8800
36.4800
37.2700
38.7900
39.1000
39.2300
39.0100
38.9000
38.9000
39.0200
38.8800
38.7300
39.1600
38.8300
39.2800
39.2700