10.9800
11.1900
11.5400
11.4000
11.4000
11.4600
11.9900
11.9300
12.0900
12.1000
12.6600
12.8500
12.4100
12.1200
12.2200
12.6000
12.2500
12.3300
12.2500
12.0700
12.4500
12.4400
12.9200
12.9000
12.8000
12.8200
13.0100
12.7200
13.2300
11.6300
11.6700
12.0400
12.1000
11.7700
11.8700
11.9300
11.5700
11.7500
11.9800
11.8800
11.8700
11.5600
11.7400
11.0600
11.5700
11.9800
12.1100
12.0500
12.9000
12.9200
13.5900
13.3800
13.7000
13.6100
14.1000
13.7400
13.5800
13.7800
13.8100
13.6800
13.6400
13.3700
13.2200
13.0800
12.7900
12.7700
12.2700
12.0500
12.2000
12.5700
12.1400
12.2000
12.4900
11.9900
11.9700
12.0000
11.8800
12.2400
12.6400
12.9000
13.4400
13.1800
13.9300
14.5400
14.4200
14.4000
14.5500
14.3200
14.0100
13.9300
13.9700
13.5000
13.2100
13.1600
12.1600
11.8500
12.2600
12.5500
12.7600
12.6900
12.6000
13.0000
12.3600
12.6700
12.0400
11.7300
12.1500
12.8800
12.9900
13.5000
12.8400
13.3400
12.9300
13.3000
13.6000
13.8300
13.9500
13.9900
13.0900
12.7600
12.2600
12.7000
13.2500
13.4800
13.8700
14.1700
13.9700
14.1800
14.1600
14.1100
13.6100
13.4400
13.7100
14.0500
13.7800
13.6900
14.2300
14.3700
14.1500
13.9400
13.6500
12.9200
13.0600
13.3000
13.1200
12.0300
11.9400
12.0000
12.7100
12.5700
12.8800
13.0800
13.1000
12.9700
12.8300
12.9800
13.1900
13.7800
13.8900
13.6600
13.6500
13.8700
13.9300
14.1300
13.8500
13.8400
13.8800
13.7600
14.1600
14.0500
13.4600
13.8000
14.1500
14.1800
14.4100
14.7500
15.3300
15.8000
15.5200
15.6300
15.9000
16.0800
16.2500
15.9400
15.5400
14.9800
15.3100
15.0500
15.3400
15.3700
15.9100
16.0100
15.9700
15.5700
14.6700
14.3200
14.3000
14.3000
14.7800
14.7700
14.9700
15.1600
15.0400
14.8100
15.0500
15.5300
14.9100
14.6000
15.0900
16.1300
15.8900
16.1600
16.3400
16.2900
15.6900
15.2900
15.1100
15.4700
14.8900
14.4100
14.9200
15.4400
16.3100
16.5900
16.9000
16.8600
16.9700
16.8800
17.0800
16.9600
16.6600
16.5800
16.2100
15.7800
15.9900
15.8700
15.7200
16.2600
16.1600
16.1200
16.3900
16.7000
16.3500
16.6500
16.2700
16.4900
16.2500
16.2900
16.0400
16.6600
17.0700
17.3000
17.4700
17.2500
17.2300
17.4300
17.4700
17.6900
17.5000
17.4600
17.3700
17.5000
17.7800