27.7600
28.1800
28.4700
28.1600
28.5300
28.8400
29.0200
28.9000
28.1400
28.2100
28.8100
28.6700
28.5300
28.9000
29.0900
29.5300
29.5500
29.3500
29.5300
31.0000
31.0000
31.0600
31.5300
31.7500
32.0000
31.7500
32.1900
32.1700
32.4000
32.4900
32.3900
32.5900
32.4400
32.0200
32.0100
32.3100
32.1600
32.3300
32.5900
32.4400
32.8200
32.6800
33.0300
32.2300
32.5000
33.0600
33.3900
33.3900
33.5300
33.4200
33.3600
33.0600
33.5300
33.5000
33.3200
33.6400
33.7600
34.3800
34.3800
34.1000
34.0300
33.6600
34.1300
34.2400
33.8800
33.9200
33.6400
33.0000
33.6800
34.3000
34.1300
31.0100
31.8000
32.1100
31.7600
32.0600
31.8100
32.3300
32.8800
33.2400
33.5200
33.6000
33.8000
33.8700
33.5900
32.9800
32.9300
32.5200
32.0900
32.4200
32.4700
31.8700
31.9800
32.0800
31.0700
31.1300
31.2500
31.3600
31.1700
31.0400
31.2600
31.5100
31.1700
31.1300
30.5600
30.5800
30.7800
31.5700
31.5400
31.6900
31.3900
32.1100
31.7600
32.1300
32.4000
32.4200
32.4300
32.4400
32.0200
32.2100
31.6700
31.9400
31.8500
31.8100
32.4400
32.5100
32.7400
32.8200
32.4100
31.8000
31.5800
31.4300
31.0900
31.2300
31.0400
34.0500
34.2300
34.5800
34.3900
34.3400
34.4700
34.5000
34.6400
35.2800
35.4600
35.1700
34.7600
34.5600
35.2200
35.2800
35.3800
35.5900
35.4400
35.6500
35.5900
35.6600
35.5200
35.6700
35.7600
35.7300
35.5400
35.4800
35.3700
35.6500
35.1900
35.0100
35.3600
35.2100
35.1400
34.9700
34.7600
35.6400
35.5000
35.5500
35.5400
35.5400
35.6600
36.1700
36.1400
35.9900
35.2500
36.0000
35.8400
35.7800
35.5700
35.3100
35.5500
35.4700
35.2900
35.4300
35.3500
35.7800
35.9400
35.9500
35.3600
35.1800
35.2500
36.0100
35.4200
37.2000
37.4000
37.7900
37.5000
37.1500
36.7400
36.7900
37.0600
36.8500
36.7800
37.1600
36.4600
36.4800
36.8100
36.2500
35.9000
35.9900
35.8000
35.5000
35.1100
35.1200
35.3100
35.8400
36.1900
36.2700
36.8700
36.7200
36.4400
36.8000
37.0200
37.5100
36.9000
36.7900
36.7100
37.1100
37.0700
37.0700
37.3300
37.1900
36.8500
36.9400
37.2000
37.5300
37.3800
37.3400
36.8900
36.6000
36.2100
36.1400
35.8400
36.6200
36.8000
36.7200
36.4500
36.0200
35.7000
36.8100
37.0000
37.1300
36.8200
37.0300
37.3200
37.7800
38.0300