12.5300
12.1200
12.2200
12.3600
12.1900
12.8800
13.3200
13.2200
12.7800
12.2900
12.6600
12.3500
12.4500
12.1200
12.2900
12.3600
12.0000
12.1800
12.0000
12.3200
12.9700
12.6700
12.4800
12.1400
12.0600
12.1400
12.0100
11.9200
12.0700
11.9400
11.6800
11.6400
11.4100
11.7200
11.4400
11.6000
11.2100
11.3500
10.9200
10.7800
10.3900
10.2300
10.2400
9.8700
9.6500
9.6700
9.6100
9.4200
9.9300
9.7300
10.1400
10.0100
10.0800
9.8600
9.7000
9.3400
9.4900
9.5100
9.4600
10.1900
9.9500
9.8000
10.0900
9.7100
9.5700
9.4800
9.3600
8.8500
9.0700
10.2800
10.1700
10.1100
10.1200
10.0600
10.0100
9.6100
9.4500
9.8100
10.0400
10.1700
10.1300
10.0800
10.4500
10.2600
9.8500
9.6000
9.6000
9.6900
9.6500
9.8200
9.3700
9.3100
9.4600
9.0700
8.6000
8.1100
8.4600
8.4400
8.4900
8.5000
8.4400
8.8500
8.7800
8.9700
8.7600
8.5000
8.9100
9.5400
9.5800
9.5300
9.2400
9.4900
9.5300
9.7900
9.8000
9.9000
10.1100
10.1000
9.9400
10.1400
9.8100
10.1200
10.3500
10.5700
10.8100
10.9100
11.0500
10.9500
10.8900
10.6100
9.6600
9.8400
10.5000
10.4100
10.4800
10.6200
10.6900
10.7100
10.5000
10.1800
9.9700
9.7100
9.6300
9.6300
9.8600
9.5500
9.3100
8.9700
9.2100
8.9700
9.0500
8.7600
10.0600
10.4100
10.3900
10.4100
10.4000
10.7400
10.9300
10.9600
10.9400
10.6100
10.5200
10.5500
10.4200
10.8800
10.9300
10.8800
10.8800
11.0200
10.9300
11.1800
11.3900
11.4800
11.5300
11.6200
11.8500
11.7500
11.5900
11.1800
11.3100
11.1900
11.1600
10.6100
10.3100
10.1900
10.2600
10.1300
10.2500
10.3300
10.4900
10.9000
10.8200
10.6400
10.5500
10.2900
10.5200
10.5500
10.8500
11.0000
11.0000
10.8000
10.2900
10.3200
10.1200
10.1800
10.0800
9.6600
9.9000
9.9700
9.7200
9.7700
9.9100
9.2000
8.6800
8.5700
8.4100
6.8100
6.9200
6.9600
6.9200
7.1400
7.2100
8.0800
8.3600
8.8400
8.5600
8.8400
8.8800
8.9400
8.8500
8.7000
8.6300
8.4500
8.4100
8.4200
8.3600
8.1400
8.5200
7.9500
7.9900
8.0700
8.1300
7.9900
7.8400
7.8000
7.9500
7.7800
7.8000
7.8500
8.1600
8.1400
9.0900
8.6600
8.1600
8.1900
8.5800
8.2600
8.1100
8.3000
8.0300
8.0300
8.0600