98.8400
99.3900
99.8300
100.6000
99.6400
99.7000
99.9300
100.5700
100.3500
100.5500
101.5600
101.2600
101.7400
100.9500
98.7500
99.2300
99.1800
98.6900
98.6900
99.0500
98.4000
98.6200
100.0100
99.4900
100.9100
100.0500
99.9900
99.4700
99.6500
99.5500
98.6100
99.2600
99.9900
100.4900
100.6600
100.8100
100.3200
100.3600
99.7800
99.2800
99.2500
99.5000
99.9400
99.8900
100.1800
96.9600
96.8400
96.6600
96.7800
97.2900
98.0400
97.6600
97.7300
97.6500
96.7200
95.8000
95.5500
96.9700
97.3400
97.0800
97.6400
98.1000
98.3600
99.4000
97.4800
98.6200
98.8800
97.6700
98.5600
97.6400
96.9700
96.5800
97.1100
97.3400
95.2800
95.9400
95.1900
94.5900
95.2200
95.8300
97.3800
97.4500
97.2000
97.5100
97.0400
95.8700
95.5100
93.5500
91.9300
91.8700
91.9000
90.8800
91.0100
91.4300
89.6200
89.8500
91.2700
91.3400
91.4800
91.5300
91.0500
90.9000
90.1100
89.3400
86.7100
86.3200
87.0800
88.6600
88.3800
87.7500
86.5900
87.5100
87.9700
89.7200
90.5000
90.2400
89.6000
88.6500
87.6400
88.3500
88.1200
89.1000
88.3300
88.1800
88.5300
88.0800
88.5800
89.3000
89.6600
89.8000
90.2500
89.5300
91.9300
92.2900
91.6500
91.8900
92.2200
92.7600
91.5800
88.9400
88.0600
88.0400
89.0000
89.1900
89.3300
89.3600
89.4300
89.5900
89.5900
89.6900
89.0100
87.5300
87.1500
88.2000
87.9000
88.1200
87.8100
87.4600
87.3600
88.1700
88.5200
88.5500
88.2500
88.9200
89.5400
89.1400
89.6500
88.7000
89.4900
89.0500
89.0600
90.6700
91.0200
91.3000
91.2000
90.8200
91.5700
91.7000
92.1400
93.0800
92.8300
93.1500
93.7100
93.7100
92.8600
93.2000
93.2700
91.7500
91.9900
90.9300
90.3500
91.0300
91.0000
91.5400
92.1100
92.4000
92.3600
92.5100
93.5000
94.0900
93.6800
92.8600
88.7200
88.4500
87.9600
87.2800
87.3300
86.7100
86.8000
86.8000
86.8600
87.4600
87.9700
86.8600
85.1300
84.7400
84.8800
84.6400
84.6200
84.0500
84.1200
85.0400
85.6800
86.0100
87.0500
86.2400
85.9200
86.5200
86.4900
87.0400
87.0600
87.2000
86.9700
88.0900
88.4800
89.4100
89.6200
89.3100
89.1700
88.8800
89.9100
90.5200
89.7100
90.0400
90.1800
89.2900
88.7400
88.7200
87.5800
88.2100
90.1200
90.6300
89.8500
90.9100
90.9400
90.8100
91.4000
91.7300
91.5300
91.5100
91.1000
91.7600
92.2600