35.7600
35.8200
36.1200
35.6200
35.9800
35.9900
35.8000
35.7500
35.6100
36.1700
38.2200
37.8800
37.3700
37.1700
37.3100
36.7900
37.1300
36.7900
36.8700
36.9000
37.5600
37.6900
38.4200
38.0200
37.3000
37.2800
37.3300
36.6900
36.6500
36.9400
36.7000
37.1300
37.1700
36.6300
36.3000
36.3200
36.3700
36.3400
36.7600
36.0700
36.1400
35.7000
35.1700
35.3300
35.6700
35.8500
36.1300
35.8600
36.5900
36.5400
36.8900
36.4800
36.7400
36.5900
36.8100
36.7000
36.5700
36.9700
36.9200
36.6000
36.7400
37.2000
37.3200
36.7100
36.1500
36.1400
35.4400
35.0700
35.5500
36.1800
35.8100
35.7000
36.3800
36.2200
35.7600
35.2800
34.7000
34.5700
34.9100
35.3600
35.4100
35.3700
35.2300
34.9200
34.6900
33.7900
33.4600
32.7000
32.0000
31.9300
31.9000
31.7000
31.3400
31.3300
30.9900
30.4900
30.8900
30.9500
31.1900
30.8600
30.9300
31.3500
31.3000
31.0200
30.4000
30.5100
30.7900
31.7000
31.7400
32.0100
31.5800
32.2600
31.8600
31.8300
32.4800
32.8600
33.0500
33.2400
32.5200
33.2000
32.1200
32.3700
32.4900
32.2400
33.0800
32.8100
33.0600
33.1000
32.2000
31.7700
31.4200
31.3900
31.0300
31.6300
31.5500
31.6100
32.5700
32.8200
32.3900
31.8000
31.4700
31.9200
32.4700
32.9000
33.3600
33.3800
33.5900
33.4000
34.7000
34.6400
34.8900
34.9300
34.8600
35.0600
35.0000
35.2500
35.3500
35.6100
35.7300
35.0700
35.0200
34.9000
34.5200
34.7300
34.5500
34.7600
34.7400
34.4400
34.7500
34.4200
34.0800
34.9300
34.6700
34.1400
34.0700
33.8100
34.3500
34.3500
34.1900
34.3200
34.2100
34.2300
34.0700
33.7500
32.9400
32.7200
32.9200
32.7400
32.9000
33.3700
33.2300
33.1600
33.2500
32.9900
32.4600
32.0500
32.0500
31.7100
32.2000
32.6300
32.5200
31.7200
31.3500
31.2900
31.6400
31.5100
31.4100
31.7300
31.3400
32.5000
32.1400
32.3900
33.1500
32.1100
31.9100
30.6200
30.3500
30.1300
29.9100
29.6100
29.3700
29.9400
29.6200
29.4100
29.9900
29.7000
29.7400
30.2600
30.1700
30.4200
29.9100
29.8200
29.9300
30.5100
30.8500
30.9900
31.4700
31.7000
31.7500
31.6400
31.8600
32.3200
32.4600
32.6300
32.5900
32.5600
32.5600
32.3200
32.1100
32.5900
33.7500
33.4000
33.2100
33.1700
32.5800
32.9400
33.5500
33.5900
33.1100
33.0200
33.3600
33.6100
33.5300