79.5400
79.0800
77.8200
78.6700
79.7500
79.6800
78.7700
78.1500
77.2400
77.4500
75.9700
75.8900
76.5100
76.5400
76.5500
77.8500
78.5600
79.3100
78.6900
81.7200
82.8000
82.3300
80.8000
82.3000
82.6900
82.8400
82.1900
81.3400
81.6600
81.8600
81.3000
81.0100
82.5700
81.3300
80.9500
81.1000
82.0000
82.1100
82.4800
83.5100
83.9200
82.1700
82.2500
82.2800
83.0100
85.5600
86.4000
86.5400
86.7200
87.3100
87.4700
87.5600
87.2000
87.1100
86.7600
86.1800
86.3800
87.6000
88.3100
88.1800
88.5900
87.7700
88.6700
88.5400
87.8900
87.8300
87.3400
86.7600
87.9000
91.3400
90.4800
89.7700
91.3600
91.2200
90.5700
91.0000
90.6500
90.9800
91.3800
91.2700
91.0500
91.4100
90.4400
90.1700
90.5900
89.5800
89.5900
89.7700
89.4600
89.7100
90.1500
89.4400
88.8800
88.9500
87.9900
87.4500
87.2900
87.2400
86.6400
86.9900
87.6900
87.6200
86.9300
87.2800
86.7000
87.3100
87.5800
88.1300
87.7700
88.4200
87.9900
88.8100
88.6900
89.8400
91.0000
92.0400
92.8100
92.2400
91.4900
91.6700
91.0200
91.8300
92.3100
93.2700
93.7500
95.0300
95.6700
94.5300
93.5200
93.9200
93.3000
93.6000
93.6300
94.8800
94.6200
96.2500
96.6700
96.2500
95.3400
93.8300
92.7700
92.6800
92.2600
91.7400
90.6500
90.7300
89.1200
87.5700
87.4300
87.6700
88.4100
88.3800
88.6000
89.0600
89.0900
88.9000
88.7800
88.6700
86.4200
86.4600
86.6500
86.2600
86.5100
87.1900
87.5900
87.6300
87.9100
86.8100
87.1100
87.2000
88.6500
89.4400
88.5000
87.8400
87.4500
87.0800
87.9500
87.4000
86.6100
86.9500
85.4800
86.2200
86.7200
87.0000
87.6500
87.7900
87.1500
86.0300
85.9100
86.3900
87.2000
89.8700
89.4700
89.1300
89.8500
89.0400
89.0000
89.2800
90.8800
92.4500
91.2600
91.3400
90.2000
90.7100
89.6000
89.5100
93.1600
92.5800
93.3100
94.6000
93.3000
93.3100
93.4800
94.6900
92.5600
92.9400
92.7000
93.2400
92.2700
91.3100
92.0600
92.7100
93.4900
93.2700
94.1100
93.5600
92.7500
92.9600
93.7200
94.4700
94.5800
94.4800
94.3200
94.7400
95.3000
95.6600
97.4300
97.3000
97.8300
98.2500
98.6300
99.6200
97.9700
99.0800
98.0000
97.5900
96.6000
96.4200
95.8900
96.9600
97.6000
98.7400
99.9400
100.0000
100.7900
101.1000
101.6600
101.0800
101.4400
102.3700
102.1300
102.9400
103.9800