35.1600
35.0700
35.6900
35.8300
35.8300
36.3300
35.7800
36.7200
35.9300
35.3200
35.5500
36.5500
36.4700
36.7500
36.8800
38.2600
38.0600
37.6600
37.0500
37.2300
37.6000
37.4600
38.5000
38.6400
38.9800
38.3100
38.3700
38.4400
38.7100
38.6600
38.2400
38.4500
38.5300
38.6400
38.7700
39.1500
38.8800
39.2300
38.6400
38.6100
39.2300
38.9400
38.5400
37.3500
37.3500
38.5300
38.8400
40.0500
41.5000
41.5200
42.0300
42.6000
41.8900
41.5700
41.7500
41.4700
41.6100
42.3200
42.3200
42.0200
41.5200
42.1000
42.3400
42.9700
42.2600
42.3200
41.6000
40.7700
41.8500
42.9100
41.6800
41.6200
42.7300
42.2500
41.2200
41.6100
41.4200
41.6200
41.9700
41.6100
41.5700
40.9500
40.6000
40.1400
39.4800
39.0100
38.7700
38.7500
38.3500
38.3400
38.3600
37.8800
37.8800
37.2500
35.7800
35.5800
36.3400
36.2800
36.5800
37.2500
37.3600
37.6900
36.8400
36.5900
35.3700
35.2600
36.0600
36.7400
36.4500
36.3000
35.6300
36.0900
35.3100
35.0800
35.7100
36.0400
36.4700
36.0500
34.7500
35.0300
34.0900
34.7200
35.4600
35.5500
36.5500
36.5700
37.2100
36.7000
36.4500
36.7900
36.8300
36.8600
36.0000
36.6700
36.2300
36.3600
36.7400
36.9900
36.3100
35.8000
35.7600
36.0500
40.0900
40.9100
40.8000
40.5300
40.3500
39.8400
40.6500
40.2300
40.8400
39.8300
39.6000
39.6100
39.2500
38.9900
39.0300
39.2200
39.7100
38.7300
38.5600
38.5400
38.2800
38.5900
38.5200
38.6000
38.9500
39.0600
39.6000
39.7200
39.8900
41.2500
41.2700
41.6700
42.5000
43.5700
43.7500
43.8200
44.5300
44.7500
45.0400
45.3900
45.8000
45.4400
44.4200
44.0700
44.5000
44.1700
44.2700
44.4300
44.7900
45.2400
44.9200
44.4000
43.9800
44.0000
44.3700
44.3600
45.0700
45.5000
45.9200
46.5800
45.6200
45.4800
44.9100
45.1900
45.7200
47.8900
48.1600
48.9200
48.0200
46.6000
47.0600
46.2700
45.9800
45.8700
46.4200
46.0900
45.7400
46.0500
45.0000
46.2100
46.1400
46.1800
47.3200
47.3700
46.8100
47.3600
48.1300
48.5800
48.9800
48.9700
49.7400
49.4200
49.3600
49.1200
49.1600
49.2500
48.4100
48.1700
49.6700
50.7900
51.5400
51.2300
50.2500
50.1900
50.1500
49.8600
49.4700
50.3200
51.7700
51.9800
52.7700
52.5300
52.8100
53.2700
53.0800
53.2800
53.2400
53.4400
53.0000
53.4500
53.6000