32.6500
32.2300
32.2800
31.5400
31.9300
32.2900
32.5200
31.9700
31.5300
31.2800
31.5300
31.4000
31.9700
32.6100
32.4800
31.8500
31.0700
31.2300
30.7600
31.4900
32.7800
33.0800
34.7600
34.3500
33.8800
34.1500
34.2200
33.7400
34.2100
34.8400
33.7100
34.0600
33.9400
33.9700
33.7700
34.2900
34.1700
33.9100
33.7300
32.9000
33.3400
32.6600
32.8600
32.1600
32.3400
32.5000
33.1900
33.2200
34.0000
33.2000
33.6200
33.7600
33.4600
33.1100
33.3600
33.0200
34.1500
33.8600
33.6400
32.5300
32.4500
32.4600
32.5000
32.4000
32.0000
32.0300
31.3000
30.3300
30.8900
31.1800
31.1100
30.9700
31.1700
30.8300
30.1500
30.2600
29.8200
30.4600
29.3900
28.6500
28.9900
28.8300
28.6400
27.8800
27.6400
27.2000
27.2900
27.7200
27.6800
28.0400
27.8300
28.2100
28.7800
28.9600
29.4100
29.0900
29.8400
29.5600
30.0800
32.9100
30.3800
29.5800
29.6200
29.5900
28.3900
28.2000
28.8500
29.8400
29.5200
30.7500
29.7400
29.9500
29.7300
29.8700
30.6500
30.9300
31.8000
31.3800
31.3500
31.9900
31.6100
31.9600
31.6700
31.9000
31.9400
32.5000
32.3500
31.9200
31.4100
30.9600
30.7000
31.4200
31.6600
32.5200
32.8000
33.4600
33.6200
33.1200
32.9200
31.6200
31.0800
30.9600
31.2500
32.2600
33.0400
33.0400
33.1700
33.0600
33.6800
33.7400
34.8500
34.6800
34.2300
34.3000
34.1800
34.0200
33.4600
33.2100
32.9000
33.4300
33.7500
33.4700
32.7000
32.7100
32.6600
32.5800
32.9700
32.4000
32.5600
33.1800
33.2900
33.8700
34.4300
35.0700
35.3200
35.5400
36.7900
37.2600
36.9600
36.6700
37.1100
36.9500
36.2800
35.9500
35.4900
35.2700
35.5200
35.0000
34.5200
34.7500
35.2600
35.1900
35.3900
35.0000
34.8300
34.6900
34.6100
34.0500
34.2500
34.5600
35.3100
35.2700
34.8200
35.0600
34.4500
34.2700
32.9100
33.6000
33.4700
33.7700
33.2100
33.1700
33.0000
32.3200
31.7000
31.6900
31.2800
30.9300
30.2000
29.9900
29.6800
29.7900
30.5800
30.6700
30.9000
30.6900
30.4800
30.2900
31.1100
31.1800
31.3900
31.3300
32.5000
33.1900
33.7700
34.7900
34.6500
34.5800
34.2700
34.6800
35.1900
34.5700
34.9700
34.6400
34.6500
33.3500
33.1600
33.1200
33.3300
34.4500
34.3500
34.0700
34.4900
33.8000
34.2600
33.8900
34.0600
33.7000
33.8300
33.9400
34.0500
34.4300
33.9900