38.6900
38.3100
38.4900
39.0300
39.3000
39.1000
39.1900
38.8500
38.6500
39.0300
39.1200
39.1400
39.9400
39.5400
39.3300
39.9600
39.4300
39.2800
38.8500
38.5700
39.6200
39.8000
40.2000
40.5600
40.6500
40.4900
39.9300
39.7300
40.4800
39.5300
39.2900
39.5800
39.9400
38.9900
38.2100
37.8800
38.1200
38.3500
38.6000
38.1200
38.0000
37.9100
37.7600
37.5100
37.5200
38.1300
37.6700
37.6000
38.6600
38.6200
39.3700
39.6800
39.4800
39.5200
38.9400
38.8600
38.7000
40.0000
39.5700
39.4400
39.2100
39.1900
39.5400
39.1000
38.2600
38.2000
37.7500
37.3700
37.7200
38.2400
37.5100
37.5500
38.0200
38.0200
37.9200
37.6100
37.1700
37.1200
37.2000
37.1000
37.6900
38.2000
38.4800
38.3800
38.5400
38.1500
38.0800
38.2200
38.0300
38.4200
38.0300
38.0900
38.1500
38.2200
37.0700
36.9600
37.7000
36.9600
36.7900
37.0700
36.8800
37.2800
36.6500
36.8400
36.1100
35.8900
36.1800
36.8200
37.0500
37.3300
37.0300
37.6700
37.1500
37.4900
37.7700
37.9600
38.4100
38.4000
37.8000
38.1600
37.2800
37.3100
37.9100
37.8400
38.7300
39.1700
39.0500
38.4100
37.9600
38.2600
38.0000
38.0200
37.6600
37.5600
37.8500
38.8600
38.9800
38.9600
38.2200
37.7100
37.3500
37.5200
37.5600
39.0300
38.8100
39.4200
39.2700
38.9000
39.8100
39.7400
40.2400
40.4000
40.0000
40.2600
40.2600
40.1700
40.3300
40.4700
40.8400
41.4500
41.1400
40.6800
40.3700
40.5800
40.4600
40.4400
40.8100
40.4800
40.6600
41.2100
40.8500
41.5800
41.6100
41.4600
41.6800
41.6500
42.3000
43.0500
42.8700
42.9600
42.8300
43.1700
43.3500
43.7100
43.3100
43.0700
43.4800
43.1200
43.2700
43.7100
43.5400
44.0200
44.6700
44.2100
43.2100
42.5500
42.8200
43.0500
43.1400
43.8000
43.2900
43.1800
42.0000
42.4900
41.5500
41.6900
41.8800
41.6000
41.5800
42.2500
42.0000
42.2000
42.8100
41.5100
41.0600
41.1600
41.4900
41.3000
40.7700
40.8700
41.1000
41.8100
42.6600
42.7500
43.2700
42.8000
42.4100
42.5900
42.2400
42.1100
41.8700
41.8600
42.0300
42.5000
42.5600
42.6000
42.5600
42.6300
42.1900
41.8600
42.2400
42.8000
42.4400
42.6800
42.0200
41.7000
41.1300
41.3400
40.7500
41.0200
41.8800
42.4700
42.6600
43.1600
43.1100
43.3800
43.8500
44.0700
44.2200
44.1300
43.9400
45.1700
45.6700