32.0400
32.2100
32.9900
32.9000
33.2600
34.5500
35.7900
35.9300
35.2400
34.6500
35.6100
35.8200
36.3500
36.7600
36.9100
35.9500
34.5000
35.5200
35.7100
35.3300
36.1200
36.3800
37.6300
37.6800
37.7000
37.6900
37.2500
36.8900
37.6800
37.3200
37.8900
38.6700
38.8600
38.7300
37.9000
38.2100
37.7600
38.0700
38.2900
38.5500
38.9700
38.4600
38.6700
37.4100
37.8900
38.0900
38.4200
37.6800
39.4600
37.1600
38.4100
38.3800
38.7900
38.7500
38.6300
37.1400
37.6400
38.3100
37.7600
37.6700
37.1400
37.3500
38.0000
37.6800
36.8200
36.4600
35.7400
34.8600
35.3300
36.3400
35.6400
35.4900
36.2900
35.8000
35.3800
34.9600
35.3900
35.5800
35.9700
36.4700
36.3100
36.0300
36.0800
35.8200
35.1600
34.2400
34.5500
34.4400
33.9200
34.6100
34.6900
34.0800
33.2100
31.6300
30.8500
30.2100
30.9100
31.0700
30.9600
30.6500
30.3300
30.6700
29.6100
29.2100
27.8300
27.8200
28.3900
29.5200
29.5200
29.7500
29.4900
29.5200
29.3200
29.1700
29.9600
29.4200
30.8800
30.8300
29.7100
30.0300
29.1500
29.4400
29.7500
29.4900
30.8500
30.6600
31.2100
30.6700
30.5100
30.2300
30.0900
30.6000
29.8900
30.8900
30.3900
30.8400
30.9600
30.7800
29.5300
29.1500
28.6800
28.6400
29.3400
30.4400
30.6500
30.7700
30.4300
31.7000
33.1900
33.4500
34.3100
34.4000
34.6500
34.9700
34.9700
34.9800
34.7900
34.5800
34.7900
34.9900
35.3300
34.8500
34.4500
34.6500
34.4000
34.2700
34.1800
33.9900
34.1300
34.0000
34.0100
34.9600
35.2800
34.9800
35.3600
34.6300
35.4600
36.2500
35.9100
35.1600
34.9600
34.7000
34.8700
35.4200
34.7100
33.9900
34.4900
34.4600
34.3300
34.3300
34.2600
35.0200
35.1600
35.2300
35.1200
34.6700
35.3600
35.0000
34.9500
36.3500
37.0800
37.1100
35.9300
36.1400
34.9800
34.9100
35.6500
35.2200
35.4900
35.4800
34.7000
34.6900
35.0300
32.5900
32.0000
32.0200
32.0400
31.4700
30.9100
31.3400
31.5600
32.0200
32.3800
32.8400
33.2300
33.1300
32.6200
32.9400
33.3500
33.1900
33.3800
33.3200
33.3200
32.9100
32.8900
33.0700
33.2100
33.6100
32.8300
31.8400
32.0300
33.1400
33.2200
33.8000
33.0700
32.8900
32.7900
32.8800
32.2700
32.9400
35.1500
35.1000
35.9500
35.7900
36.0000
36.0500
36.5900
36.3400
36.3000
36.2900
36.3500
36.3600
36.3100