45.6700
45.1600
45.9400
46.0100
46.2600
47.7500
46.3500
46.0200
46.0900
45.3900
46.0400
46.3900
46.2600
46.3600
46.5300
47.3900
46.8500
46.9000
46.3100
46.0000
45.8100
46.0100
46.3900
45.9500
45.9500
45.9500
45.7300
45.5200
45.8900
45.5000
45.5700
46.1400
45.9700
45.6800
45.7300
45.9700
46.0300
46.7000
46.8100
46.5400
46.5600
46.2300
46.3900
45.7500
45.8100
46.3300
46.6000
46.8100
47.2000
46.8300
47.0200
47.5400
47.2500
47.2800
47.1500
46.4100
47.1800
47.3100
47.5100
47.1600
47.5800
48.4700
48.6800
48.8200
48.7500
48.9900
48.6900
47.8500
48.2900
49.0300
48.5700
48.2900
49.0200
49.6100
49.2700
49.5300
49.1000
47.7000
47.9600
48.8100
49.2200
49.1700
49.4000
49.3200
49.2500
48.7000
48.6100
47.6900
47.2200
47.4000
47.2900
46.5700
46.4200
45.8900
44.6100
44.5100
44.6900
44.9800
44.8800
44.7600
44.5400
44.4400
43.8200
43.3800
42.7600
42.8700
42.9800
43.6200
43.7900
43.5200
42.8600
43.4300
42.6300
42.5000
42.5000
43.0300
43.6600
43.5200
42.7700
43.1500
42.4000
43.0700
43.8900
43.5900
45.0000
45.1800
45.6900
45.9800
45.2100
44.7800
44.7000
44.6600
44.5400
46.2100
46.4900
47.2200
47.6700
47.4800
46.9900
46.0600
45.5100
44.9900
46.1400
47.0300
46.9400
46.9600
46.6800
46.8400
48.4200
48.4500
49.4100
49.0800
48.7100
49.1900
49.4800
49.5600
49.0800
49.1200
49.1100
48.8900
48.8500
49.5200
49.5100
49.5700
49.7400
49.9400
50.7900
51.0500
51.2000
51.4800
51.7900
52.8600
52.9100
52.7500
52.9400
53.3400
53.8300
53.5100
53.9100
53.6000
53.6000
54.4100
54.5000
54.6600
54.0600
54.1800
54.8100
54.5900
54.7300
54.8100
54.9300
55.2300
55.8300
55.6100
55.1500
55.1300
55.4700
55.3600
55.8200
56.0900
55.8800
55.8000
56.0900
55.6700
54.7100
54.6900
54.9100
56.0300
55.2800
56.5000
54.4300
52.2400
52.8500
51.9000
51.1100
50.7700
51.2600
51.2700
50.2400
50.1500
50.7300
50.9700
51.3200
51.3500
51.9400
51.8900
51.7700
51.4100
51.7100
53.1100
53.4400
53.2100
53.5100
54.2700
56.5300
56.5600
56.6500
56.0500
54.9400
53.9800
54.5900
54.5200
54.5700
54.9000
54.0400
53.9000
53.7900
53.6100
53.2300
54.6700
55.7200
55.2800
55.1000
55.1800
54.9000
54.7500
54.3000
53.8700
54.5900
54.5200
53.7100
54.0000
54.3400