7.0900
7.5500
7.3600
7.4300
7.4500
7.4700
7.6600
7.6500
7.5800
7.7000
7.7100
7.6000
7.5000
7.4000
7.4900
7.5100
7.5600
7.4900
7.7200
7.7200
7.7900
7.9600
8.1200
7.9500
7.8800
7.8500
8.0900
8.0600
8.1100
8.0400
7.9300
8.0600
8.1200
8.1200
8.0000
8.0300
7.9100
7.8600
7.7600
7.8000
7.7700
7.6500
7.6100
7.4600
7.4600
7.5700
7.5400
7.5400
7.6400
7.5400
7.6100
7.6400
7.6100
7.5900
7.5500
7.6200
7.6300
7.7900
8.0100
7.8200
8.0300
7.6900
7.6300
7.6500
7.6400
7.6000
7.5800
7.4600
7.5800
7.6100
7.5600
7.5200
7.5600
7.5800
7.6000
7.6100
7.5600
7.5900
7.5300
7.5200
7.5400
7.4800
7.3600
7.4300
7.2400
7.1200
7.1900
7.1100
7.0300
7.0500
6.9900
6.9400
6.9200
6.8600
6.8500
6.8000
6.9200
6.9400
6.8900
6.8800
6.9200
6.9200
6.9200
6.8500
6.9400
6.8500
6.8500
6.9500
7.0000
7.0400
6.9300
6.8300
6.8400
6.9100
6.9500
6.8900
6.9300
6.9600
6.8000
6.8000
6.7800
6.7000
6.7900
6.7400
6.7400
6.7300
6.8800
6.7500
6.8500
7.0500
7.3700
7.4400
7.2300
7.1800
7.1300
7.1400
6.9800
7.0500
7.0800
6.8500
6.9000
6.9200
6.8800
7.0000
7.0100
7.0300
7.0700
7.0200
7.1000
6.9800
7.1000
7.3100
7.2600
7.2900
7.2700
7.3200
7.3400
7.3600
7.4500
7.7800
7.6700
7.8200
7.6800
7.7200
8.0700
8.2300
8.3500
8.3800
8.4900
8.4300
8.5400
8.6000
8.6900
8.6300
8.6400
8.6000
8.6400
8.6900
8.6000
8.5000
8.4200
8.3600
8.4400
8.4100
8.3100
8.2900
8.4800
8.3500
8.1500
8.1400
8.1400
8.2000
8.2200
8.2000
8.1000
8.1000
8.0500
8.2000
8.2200
8.2800
8.3400
8.1900
8.2500
8.2300
8.1100
8.2100
8.2300
8.1700
8.3100
8.2700
8.1200
8.1900
8.1700
8.2300
8.0600
8.1900
8.2100
8.0900
8.1900
8.0700
8.0500
8.0700
8.1200
8.1400
8.2100
8.4200
8.5300
8.5100
8.5800
8.6700
8.7200
8.7200
8.6500
8.6000
8.6200
8.5500
8.5700
8.5300
8.3800
8.4700
8.4000
8.4200
8.4200
8.4600
8.4100
8.4400
8.5000
8.3700
8.3900
8.5500
8.7200
8.7400
8.9500
9.4100
9.3700
9.3200
9.4200
10.0900
9.9600
10.0300
9.9900
9.9200
9.7800