50.3200
50.3200
50.3800
50.3800
50.6500
51.1900
51.1100
51.2400
51.2100
51.4000
51.9300
52.0700
51.5100
51.3100
51.0800
51.8600
51.0700
50.4100
50.6200
50.5400
51.0800
51.3500
51.2400
51.1500
50.4900
50.6000
50.6200
50.4500
50.3700
50.3200
50.2100
50.4700
50.7800
50.2200
50.0100
50.1300
50.2800
50.5400
50.3400
50.4500
50.4300
50.8000
50.8200
50.4300
50.6900
50.7800
50.9800
51.3600
51.7800
51.4000
51.6800
51.7300
51.9500
51.7300
51.9300
52.0700
52.1500
53.0200
54.2200
54.2400
54.1000
54.4300
55.0600
54.8900
54.3500
54.4000
53.8700
53.3900
53.8100
54.0100
53.7000
54.0500
54.6300
54.6600
54.9400
55.4100
54.6200
54.8800
55.1100
55.5800
55.9800
55.9100
55.9000
55.8000
55.7200
55.7900
56.2600
56.4700
56.3100
56.8800
56.6000
56.7000
56.8700
57.4000
56.7100
56.4300
56.7800
56.8200
56.6300
56.8200
56.8700
57.3400
56.5700
56.3600
55.2000
55.3200
55.1800
55.8000
55.5200
55.8000
55.8500
56.2300
56.2700
56.6400
57.7600
58.3500
58.8800
58.7100
57.7400
57.8700
57.3200
57.4200
59.0900
59.0600
60.6500
60.9500
61.6900
61.6700
60.9300
60.3300
60.8600
60.8500
60.5600
60.9000
60.3800
60.5100
60.8900
61.2700
60.8800
59.8500
59.8500
59.6400
60.6200
61.2700
61.3700
60.8800
60.5000
60.0500
59.9900
59.8300
59.8000
60.1700
59.9700
60.1600
60.0300
59.7900
59.7700
59.8400
60.1200
60.3700
60.3000
60.3900
60.4900
61.1000
61.3700
61.3500
61.4000
60.9600
61.4400
62.3100
62.4000
63.4100
63.0000
62.9800
63.0000
62.3500
63.2200
62.9900
62.9400
63.6000
63.2900
63.3700
63.1600
63.5200
63.1600
62.8900
61.7500
62.0400
62.5400
62.9600
62.7900
62.7100
62.6400
62.7100
62.1300
61.8700
62.0000
61.7600
61.8400
62.1300
62.7300
62.8400
61.6400
61.6900
61.3900
61.8600
61.9400
61.5100
61.6200
61.2000
61.4800
61.3400
61.9300
61.6000
61.8500
62.0000
62.4200
63.2000
62.7300
63.4600
63.5500
64.5600
65.4100
65.4300
66.3700
65.1100
64.8000
64.5600
64.6000
64.5600
64.6700
64.5500
64.2300
64.0900
64.2000
64.2000
64.4200
64.7700
64.6800
64.4200
65.9800
65.3300
64.5600
64.8000
64.0700
64.2400
63.4600
63.1100
62.6400
63.5300
65.2300
65.0100
65.2500
65.0800
65.0400
65.4700
64.6800
65.0700
65.3000
65.3700
65.4400
66.2900
66.6500