31.8200
31.4600
31.1500
30.7200
30.7900
31.0300
31.1900
31.3700
31.3700
31.3300
31.4900
31.4900
31.6300
31.4000
31.1500
31.5100
31.7700
31.7700
31.6000
31.5900
32.1000
31.9200
32.5300
32.2400
32.6200
32.4300
32.4500
32.0400
32.2500
31.8900
31.2300
31.5000
32.2200
32.2800
31.7600
32.0000
31.7700
31.5500
31.4000
31.2000
32.0200
31.7000
31.8900
31.4700
31.8100
32.2500
32.2500
32.1100
32.7200
32.9600
33.3100
32.9600
32.7300
32.6400
32.8600
32.3600
32.5000
33.0400
32.9200
33.1400
32.7700
32.7900
32.8500
32.6600
32.5200
32.3100
31.8500
31.4100
31.8500
32.0200
31.9200
32.2000
32.8600
32.5900
32.8900
32.3800
31.9400
32.5300
32.9700
33.2600
33.2000
33.4500
34.3500
34.1200
34.3500
34.0900
34.1400
33.9900
33.3600
33.3100
33.0500
32.5100
32.5900
32.3400
31.9600
31.6300
31.9100
32.1400
32.2800
32.4700
32.3000
32.4600
31.8800
31.9800
31.5400
31.5500
31.8300
32.4800
32.1600
31.9800
31.5200
32.1200
31.6700
31.8600
31.7800
31.2000
31.3000
31.3900
30.8000
31.2200
30.8900
30.9700
31.1400
31.5200
32.2300
32.4700
32.4000
32.6800
32.6600
32.4200
32.0600
32.0500
31.8800
32.3500
32.2300
32.4800
32.6000
32.8000
32.3700
32.1100
31.6500
31.8200
32.2800
33.3600
33.7200
33.2100
33.0400
32.9400
33.4100
33.3900
34.1100
33.9700
33.8400
34.0200
33.8600
33.9000
33.9900
34.1600
34.2400
34.1400
33.8300
33.8200
33.7400
34.0500
34.2600
34.0300
34.0300
33.8200
34.1700
34.1100
33.8500
34.3500
34.3200
34.0600
33.9700
34.0400
34.6800
34.9000
34.8000
34.9100
34.5000
34.3700
34.5000
34.3400
33.9100
33.8700
33.8100
33.9300
34.2700
34.4400
34.2200
34.5500
34.7700
34.7300
34.3700
34.3000
34.3800
34.3400
34.5400
34.8500
34.9200
34.9800
34.3500
34.1100
33.5600
33.1900
33.3900
33.7400
34.0300
34.6200
34.2800
34.2500
34.9200
34.5000
34.1400
34.1600
34.1700
34.1000
34.0600
34.2800
34.5400
35.0800
35.4100
35.4600
35.7800
35.5300
35.2500
35.1200
35.2000
35.2200
35.1100
34.9100
35.2000
35.1100
35.1100
34.8800
34.7900
34.7400
34.4400
34.2100
34.4900
34.6000
34.7600
35.2600
35.0300
34.8200
34.6000
34.5400
34.2300
34.4700
35.5200
35.4900
35.3900
35.3100
34.8800
34.8600
35.1300
35.2600
35.1900
35.0700
34.7900
34.9100
34.9400