83.4900
84.1800
83.8000
83.3700
83.8700
84.3000
83.7700
84.2800
83.6000
84.2300
85.0700
85.8000
85.6500
85.6100
85.9300
86.4800
87.5800
87.4600
87.3400
86.7100
87.3500
87.4300
87.7300
87.5600
87.8900
87.9700
88.0200
87.1400
88.0300
87.9900
87.0100
87.6500
87.5600
87.6000
87.7600
87.9000
88.2000
88.0700
87.7700
87.6000
87.4900
87.5200
87.0600
84.9500
85.4700
86.7100
86.8000
87.5400
88.7500
88.8700
90.0000
89.5600
89.7400
89.3500
88.9100
88.5700
88.4600
89.1200
89.1400
88.4500
88.7700
89.2100
89.2300
88.7900
87.8400
87.2700
86.3300
84.5800
85.3500
86.8600
85.6900
86.4000
87.4500
87.1300
86.8000
87.4800
87.1300
88.4900
88.8000
89.3200
89.3600
89.3600
89.6000
89.5200
89.3900
88.6700
88.0100
87.5600
87.2700
87.1300
86.7300
85.8300
85.7800
85.3500
84.3400
83.5100
84.4600
84.1300
84.8000
84.9800
84.7800
85.7300
84.4500
84.4100
82.8500
82.6200
82.5100
84.6300
85.5000
86.0000
85.1800
86.7300
86.1300
86.8600
87.4400
87.3100
87.8200
87.5400
86.7300
86.8300
85.8500
86.1800
87.1600
87.1600
89.6000
89.2800
89.7000
89.5700
88.9900
88.9600
88.2500
87.8500
86.4100
87.5900
88.1000
88.9800
90.8700
90.8300
89.9900
89.3600
88.2400
88.7500
90.5900
91.7100
91.2800
91.2300
91.2000
90.0800
91.7000
91.4100
91.7000
91.6300
91.5900
92.2900
92.4000
92.3000
92.5400
93.7400
94.2400
93.8900
93.2100
92.6800
91.9800
92.8300
92.5900
92.3000
92.4300
91.7600
92.6000
91.6800
91.7500
93.2800
92.8200
90.6700
91.1700
90.8100
92.0600
93.9800
93.7800
93.4300
93.6300
93.5800
93.2100
93.7300
92.8300
92.5900
92.8200
92.4200
93.2900
93.5400
93.7800
94.4300
94.9600
95.3700
93.9400
93.2800
92.8300
92.7500
92.7900
94.2300
94.8100
94.7400
92.9400
92.5300
88.7300
88.3900
87.8100
88.0300
87.6000
89.2500
88.9700
89.6000
90.8600
89.3800
88.5500
88.8100
89.1800
89.0800
87.3100
88.0200
88.5000
89.5700
89.0200
88.9400
90.2800
90.0900
90.3100
90.9300
90.6500
90.9500
90.3000
90.1200
90.7600
90.9500
91.5100
91.8700
93.6800
93.1200
92.5000
92.2800
93.0300
93.8500
93.0200
94.1300
93.1000
93.1900
93.0700
92.6400
91.7800
92.8500
94.7800
94.6700
95.3700
95.4900
95.5000
96.4100
96.8900
96.2800
97.0800
97.2900
97.6000
98.0800
98.7400