28.5600
28.4000
28.8300
28.7200
28.5000
28.9100
28.8400
28.8400
28.9600
28.9000
28.9600
28.6100
28.7000
28.6100
28.2800
28.6700
28.6600
28.1400
28.3900
28.4000
28.4300
28.5400
28.8400
28.6400
28.8200
28.8400
29.3000
29.2100
29.2300
29.2700
29.2500
29.5400
29.6500
29.6200
29.6500
29.7000
29.9900
30.0300
30.0200
30.1000
30.0200
29.9600
30.2600
30.0800
30.1000
30.4600
30.4600
30.4400
30.1000
29.9500
30.0300
30.0300
30.1100
30.1300
30.1500
30.1400
30.4000
30.6600
30.6100
30.5200
30.5900
30.8700
31.1600
31.0900
31.1100
31.3600
31.1600
30.9500
31.2100
31.3100
31.4900
31.3800
31.6100
31.6600
31.7800
31.8900
31.7600
31.7000
31.6900
31.9300
32.1300
32.2100
32.4200
32.3700
32.5500
32.4300
32.2000
32.2600
31.7500
31.7300
31.7900
31.6900
31.7500
31.8600
31.6400
31.6800
31.8500
31.7600
31.7200
32.2600
32.1100
32.1300
32.0200
32.1900
31.6900
31.9300
31.8000
32.5800
32.7500
32.9100
32.9600
33.4300
33.2700
33.6800
33.7700
33.8500
33.9200
33.9100
33.8900
33.8700
33.7200
33.6700
34.0000
34.0300
34.5500
34.9600
34.9900
34.8900
34.9700
35.1600
35.4300
35.3200
35.1200
35.6200
35.5900
35.8100
35.9200
35.9400
35.9100
35.4900
35.5700
35.4000
35.6300
35.9000
36.1600
35.9700
36.0300
35.5600
35.9200
35.7900
34.9500
35.0100
34.7200
34.9600
35.2100
35.4400
35.1300
35.4000
35.4100
35.1800
34.4200
33.9200
33.4500
34.0800
34.2600
34.5100
34.5900
34.4400
33.9600
34.4000
34.2500
34.5900
34.2700
34.4500
34.3900
33.3000
33.8100
32.9400
33.2100
33.2900
33.1500
33.6100
34.0600
34.2100
34.0100
34.1700
33.9000
33.3900
33.6400
33.7300
34.0500
34.0000
34.0000
33.9800
33.5200
33.3400
32.7100
33.1200
33.1700
33.2600
33.5000
33.0900
32.6300
32.9200
32.3500
32.1300
32.1000
31.7600
31.8000
31.9700
31.7000
31.8800
31.9400
31.4000
31.2800
31.4800
31.1000
31.1800
30.7900
30.4900
31.2400
32.5600
32.8500
32.8600
33.4800
33.2100
33.1500
33.4100
33.5700
33.8100
33.6600
33.4900
33.3000
33.1800
33.4700
33.4200
32.9600
33.2500
33.2600
33.1600
32.9900
32.5900
32.3900
32.6600
31.8500
31.6600
31.3200
31.4000
31.0900
31.4400
32.5400
32.5600
32.5400
32.4600
32.1400
31.9000
32.7000
32.9300
32.9900
32.7800
32.7800
32.9900
33.2700