24.3500
24.4300
24.6700
24.8100
25.0400
25.5600
25.7200
25.9600
25.9400
26.0600
26.8100
27.0700
27.0000
27.2200
27.4300
26.5200
26.6200
26.6100
26.3500
26.4400
26.8700
26.7500
27.4600
27.3100
27.2500
27.3600
27.7000
27.3000
27.4100
27.1800
26.9400
27.4400
27.5800
27.4900
27.1800
27.3300
27.4000
27.4100
27.3700
27.1000
27.2700
26.7100
26.7000
26.1800
26.6000
27.0700
27.2900
27.4000
27.9900
27.6800
27.9500
27.8300
27.8300
27.6800
27.8500
27.5600
27.6500
28.2400
28.3800
27.9500
27.9000
28.1200
28.2800
28.0300
27.5200
27.4700
27.1700
26.5500
26.7800
27.2500
26.8800
26.9500
27.4700
27.1200
26.9900
27.0000
26.6000
26.8500
26.8600
27.6500
27.9000
27.5900
27.5100
27.4600
26.8900
26.0900
25.6500
25.5600
25.4600
25.3700
25.3600
24.9400
24.5400
24.1100
23.4800
23.0800
23.5200
23.5800
23.4700
23.2500
23.3100
23.5600
23.1700
23.0700
22.3100
22.1900
22.7300
23.5800
23.7500
24.2800
23.9700
24.3400
24.3000
24.2900
24.7200
24.7800
25.1200
25.0000
23.8600
24.2300
23.6000
23.6200
23.4900
23.2300
23.9400
23.8700
24.3000
24.4600
23.6200
23.5500
22.7800
22.7400
22.7800
23.1000
23.1000
23.1900
24.3700
24.7000
24.2400
23.9700
23.8700
23.9200
24.5300
25.3000
25.1400
25.1200
25.2100
24.8900
25.9900
26.2800
26.7000
25.9000
26.0600
26.2600
26.4700
26.5300
26.6400
27.1600
27.3900
27.3100
27.2800
27.0500
26.9200
27.1400
27.0100
26.9200
26.9500
26.4000
26.5500
26.4800
26.1900
26.9700
27.3600
27.1100
27.2600
27.3500
27.8700
27.9500
28.2000
27.9500
27.7900
27.6600
27.5100
27.2000
26.6900
26.0900
26.3800
26.2800
25.9800
26.2200
26.1000
26.1500
26.1900
26.0400
25.7600
25.7400
25.8900
25.6900
25.7100
26.6000
26.9200
26.8700
26.5700
26.6500
25.8000
25.6700
25.8600
25.7100
25.9600
26.3300
26.0500
26.2700
26.9200
25.9800
25.6100
25.7500
25.6500
25.5600
25.0400
25.2100
25.4600
25.9300
25.9800
26.0600
26.6200
26.4400
26.2900
26.3700
26.4000
26.3800
26.5700
26.4100
26.4500
26.7700
27.0000
27.0500
27.1600
27.1400
26.9600
26.7000
26.9100
27.2800
27.2100
27.6700
27.1300
27.1000
27.0400
27.0700
26.6800
27.3300
28.5400
28.6200
28.6200
28.3200
28.0300
28.5200
28.5000
28.6400
28.3500
28.3200
28.2500
28.4500
28.4900