71.9400
72.6700
76.6800
77.5100
78.5000
79.2000
79.8500
80.2700
79.5900
80.6400
80.9800
80.3500
80.0500
79.8900
80.1100
81.3200
81.1500
80.5300
82.2900
82.0500
83.4100
82.1300
82.1500
79.6500
79.8000
79.1400
78.3300
77.3400
77.9300
76.9400
77.8000
79.0100
79.3400
79.3800
79.7500
77.7800
79.5200
78.8400
79.0100
77.3800
80.1500
80.7300
80.0000
77.6200
77.6600
79.7500
79.2900
78.8400
79.3300
78.4900
79.3000
78.8100
79.9700
79.0900
79.1600
78.3700
78.4400
80.0500
79.8200
79.1500
78.9100
79.7600
81.4800
81.8000
80.5800
79.0200
76.5900
74.4200
76.1200
78.3400
77.0700
76.8700
77.6000
76.7600
76.7900
77.1600
75.7400
75.5700
77.5100
76.9300
77.8400
76.1800
76.3300
75.6300
75.1600
73.6000
72.8300
74.0000
71.9000
71.7100
72.4500
71.5000
72.0800
71.4200
70.1400
69.8900
72.1000
71.3000
71.8200
73.9400
73.5600
74.7500
76.4100
77.2000
76.1700
76.0600
76.8600
79.2000
78.6100
79.4000
78.5600
79.7000
77.7800
78.6900
78.7000
79.6700
80.4500
79.6900
77.7800
78.4500
77.8800
77.8700
80.8900
80.2500
82.7800
83.4800
83.5800
83.0400
82.0900
82.7400
81.8800
82.7700
82.6600
83.8600
85.5000
86.5000
86.5200
86.7800
87.5200
85.4000
85.0600
84.8000
85.6000
86.8800
86.9000
85.6200
86.4100
87.3800
87.0400
88.4600
88.6100
88.0000
88.6200
86.7400
86.9000
86.2000
86.6400
88.3200
87.8700
87.4700
87.6900
88.0600
85.8300
85.3400
86.1300
86.9700
87.7300
87.1700
87.1100
86.6200
87.5500
89.4400
89.3900
89.4200
89.5000
87.9900
89.9000
88.9700
89.0800
89.0600
91.1600
91.0600
90.9200
91.0400
90.4500
89.4900
91.3600
91.0200
90.3900
90.9400
88.5900
90.6400
91.1600
91.6500
90.5100
89.3000
88.4900
88.5700
89.1800
90.4800
89.6300
89.9800
88.6900
88.8700
86.9300
86.4900
86.4900
86.6000
86.0700
86.8500
85.8700
88.0500
88.9500
87.3500
86.3300
86.4300
85.6000
85.1900
83.8400
84.6600
85.2300
88.3300
89.2300
89.3900
90.5800
91.1900
90.8100
91.3100
92.0800
91.5900
89.4300
89.2000
89.6000
89.9700
90.6900
90.5500
91.0700
89.7500
89.5000
89.1300
90.6700
92.1000
91.6800
92.5400
92.5500
92.8000
94.1000
93.9900
93.0800
94.6500
96.1500
95.3400
96.1100
95.9400
98.5000
99.5800
99.4700
100.0800
100.5900
101.4400
101.9000
101.3200
102.4700