38.3000
38.3400
38.7400
38.4700
38.3900
38.5200
38.4100
38.6100
38.3200
38.8200
38.8700
39.2600
39.2000
38.7700
38.7800
38.6800
38.7800
38.5200
38.8900
38.2700
38.6300
38.4400
38.3700
38.4000
38.6300
38.4200
38.1500
37.9100
38.1100
38.2100
38.0200
38.1400
38.5600
38.1300
38.2200
38.5100
38.2000
38.1500
38.3800
38.1700
37.7900
37.9300
38.4500
37.4400
37.3100
37.4000
37.6000
38.1000
38.2800
38.2200
38.0600
38.0300
37.8900
37.7600
37.7000
37.6000
38.0100
38.6600
38.8000
38.3100
38.0100
38.4000
38.5100
38.7200
38.9000
38.8800
38.7300
38.4500
38.4800
38.2700
37.7800
37.9500
38.5100
38.4000
38.3600
38.7300
38.2700
38.2700
38.4300
38.4700
38.4600
39.2400
39.3700
39.2900
39.1700
38.8400
38.5400
38.6300
38.0900
38.3900
38.0300
38.2200
37.7400
38.2300
38.0300
37.8200
37.6000
37.4600
37.3400
37.6000
37.5500
37.5900
37.4000
37.5800
37.1800
37.4600
37.5000
37.9000
38.3300
38.4600
38.4700
38.8500
38.4000
38.7900
38.9400
38.8500
39.2300
39.2100
39.4500
40.1800
39.7900
40.0600
40.5300
40.6800
41.7500
41.8500
41.8100
41.6300
41.5100
42.1300
41.3700
41.2100
42.9100
43.4700
43.3500
44.1900
43.9400
43.9400
43.4100
43.2700
42.6900
42.6200
43.3300
45.1000
44.4800
44.1700
44.2800
43.9100
44.1500
44.4900
44.0000
44.0600
44.2800
44.5700
44.4200
44.4100
44.0600
43.9400
43.3400
43.7500
42.9400
42.9100
42.8000
43.1200
43.0500
42.8300
43.0600
43.1200
43.0500
43.2500
43.4400
44.2400
44.0500
44.2600
44.3300
44.5300
44.6600
43.6200
44.0000
44.0800
44.5100
44.8900
44.9100
45.1400
45.1100
45.0100
45.2300
45.1000
45.2200
45.4700
45.7800
46.1200
46.2800
46.3400
46.1700
45.6000
45.4500
45.6200
46.5900
47.1700
47.3900
47.9600
47.0300
46.4800
45.8900
45.8800
46.3000
46.1500
45.6300
45.9400
46.0000
45.6700
45.9200
44.4600
43.8400
44.0500
44.0200
43.6800
43.0500
42.8000
43.0700
43.3400
43.5600
43.8900
44.2800
44.2000
43.8800
44.6000
44.7100
44.3000
44.4400
44.4000
44.3900
44.5100
44.6300
44.4800
45.1900
45.2600
43.9500
43.5400
43.6300
44.2400
43.6600
42.1600
41.5200
41.4200
41.3400
41.2000
40.6400
40.9400
41.3400
42.3300
41.9700
42.1200
42.1800
42.5900
42.7800
43.2300
43.3400
42.8700
42.5400
42.7500
42.9800