30.9600
31.0300
31.2600
30.6900
30.6400
31.0800
30.5800
30.6500
30.4700
30.9400
31.9000
31.9700
32.0400
32.2300
32.1900
32.5700
31.5400
31.2400
30.9600
31.3900
31.5800
31.4300
32.3000
32.9000
33.1600
32.6900
32.6000
33.1500
33.2400
32.9700
32.6500
33.5900
33.7700
34.5600
34.3900
34.8400
35.0100
35.0300
35.0600
33.8900
34.2600
33.5200
33.4600
32.4200
32.9700
33.5300
33.3400
33.6700
33.9900
33.6700
33.6500
34.6100
34.4900
33.8200
33.2400
32.2200
32.4600
32.5100
32.0400
31.6700
31.7500
31.7000
32.2300
31.6500
30.9400
30.5400
30.1400
29.2500
29.2300
30.3400
29.7000
29.4800
29.5400
29.5100
29.4100
29.4700
29.3900
29.3900
29.2900
29.9000
29.7100
29.3400
30.1900
28.8800
27.6500
26.8000
26.3200
26.1700
26.4400
26.9800
26.1800
25.4500
24.8100
24.5100
24.1600
24.1300
24.5200
24.3300
24.5200
24.8800
25.2900
25.5200
24.8600
24.9100
23.8900
23.8400
23.9900
24.9600
25.0000
25.0300
24.4200
24.7600
24.4700
24.6100
24.8700
24.2100
24.8100
24.6900
23.3200
23.7400
23.6900
24.0000
24.4000
24.6600
25.5700
25.3000
26.0100
25.4700
24.9600
24.5500
24.0900
24.6400
24.2700
24.8700
25.5800
26.0100
26.5800
26.7500
26.5400
25.9500
25.4200
25.3400
26.3000
27.0300
26.9000
26.4700
26.5200
25.7300
26.7200
26.7100
27.4000
27.5800
27.5900
27.9000
27.5500
27.3800
27.4800
27.3600
27.1000
27.1600
27.0200
27.6800
27.7000
27.8400
27.6200
27.9600
27.6700
27.2600
27.8200
27.4500
27.1800
28.2800
28.6100
28.4700
29.2200
29.0600
29.8500
31.0900
30.8000
30.3100
30.4000
30.3900
30.7800
30.3400
30.0300
29.5700
30.0200
29.5700
29.8500
29.8800
29.4100
29.8400
29.5400
29.6000
29.6000
29.5600
29.3000
29.3800
29.8700
30.6400
31.3300
31.2300
30.5900
30.0900
29.5600
29.8600
30.2000
29.9100
30.0600
30.3700
29.9500
30.5100
31.2100
29.9600
29.8600
30.4400
30.2300
30.1600
30.0500
30.5300
30.8600
31.1300
31.5000
31.5000
31.9300
31.0000
31.0400
31.0700
30.6900
30.8500
30.8000
30.0400
30.4700
30.7200
30.9200
30.3600
30.2200
30.5100
30.1900
30.8200
30.7000
31.2800
31.2300
31.4600
31.0500
30.6900
30.4700
30.3200
29.8100
30.6600
31.6500
31.5900
32.0100
31.8500
31.9400
31.6500
32.2800
32.1500
32.0600
31.9300
32.3200
33.1600
33.0800