16.0800
15.9400
16.2800
15.9000
16.2000
16.8900
17.1000
17.1700
16.6300
16.2500
17.3500
18.2800
18.3900
18.2100
18.1400
18.1300
18.2000
18.5600
18.2000
18.6500
19.3900
19.5200
20.3100
20.5100
20.2600
20.4400
20.3400
19.6600
19.5400
19.0500
18.9600
19.1900
19.1600
19.2600
18.7300
18.9700
18.4900
18.7500
18.7100
18.5400
19.1900
18.8700
18.2900
17.3200
17.8800
18.1800
18.3700
18.2000
18.9300
18.6000
19.5100
19.5300
20.0600
20.4100
20.0600
19.5900
20.3300
21.1700
20.7200
20.2400
19.7400
19.6400
19.8100
19.3700
18.6900
18.3900
17.9800
17.3100
17.5100
18.2200
17.2800
17.5000
17.8500
17.6600
18.0700
17.4800
16.9800
17.4000
17.1400
17.2100
16.9500
17.2800
17.4900
16.9500
16.2300
16.0000
16.1500
15.8400
15.4900
15.6000
14.9500
14.3000
14.1400
13.5400
13.4600
13.3500
13.1900
13.3100
13.3700
13.3100
13.2500
13.6400
13.0900
13.3600
12.7300
12.3600
12.8600
13.9400
13.4100
13.7100
13.3700
13.9300
13.6500
13.9300
14.3000
13.8200
14.2600
14.2000
13.9600
14.1400
13.4800
13.5100
13.9100
13.8700
14.5900
14.9400
15.1100
14.5100
14.1400
13.9300
13.7100
13.8100
13.5500
14.0500
14.2500
14.3400
13.9900
13.2500
12.7800
12.6400
12.6200
12.9600
13.0000
13.4900
13.5100
13.6600
13.5100
13.0300
13.7800
14.1400
14.5000
14.5700
14.7100
14.6100
14.5500
14.3900
14.5800
14.5900
14.5900
14.8300
14.8900
14.8600
14.5000
14.5600
14.5300
14.6000
14.8100
14.9000
15.0000
15.5100
15.6800
16.2500
17.0800
16.6100
17.2500
17.4200
17.9000
18.2400
17.8000
17.6300
17.5700
17.2100
17.0800
17.0400
16.6000
16.4300
16.8400
16.7400
16.7900
16.9100
17.0300
17.4700
17.5000
17.4500
17.3500
17.4000
17.8600
17.3100
17.7500
17.8700
18.4900
17.7900
17.5300
17.4500
17.1100
17.1800
17.1000
17.0400
17.3800
17.6100
17.7800
17.7500
18.1900
16.6300
16.5200
16.6100
16.7700
16.5200
16.0900
16.2600
16.1800
16.5200
16.3500
16.2500
16.4300
16.6100
16.6300
16.8800
16.8600
16.8700
16.4700
16.6100
16.9800
16.7400
16.9700
17.0100
17.7500
17.7000
17.8000
18.0500
18.5300
19.1200
19.0900
19.2700
18.9200
18.9500
18.8800
18.7700
18.6200
19.1200
19.6200
19.5800
20.1900
19.8000
19.6500
19.6200
20.3400
20.1700
20.0700
20.4300
20.5400
20.7500
22.3800