26.7700
27.4000
27.6800
28.1100
27.7400
27.8400
27.7200
28.0000
28.2500
28.2600
28.2300
28.1200
29.7100
29.7300
29.3400
29.5600
29.5000
29.2300
29.6100
29.5300
29.8900
29.9500
30.2400
30.2000
30.3500
30.6600
30.7700
30.5000
30.5800
30.2500
30.0500
31.2900
31.2500
31.4400
31.2700
31.3700
31.4800
31.3500
31.8700
31.7400
32.2900
32.0800
31.8000
31.5600
31.8400
32.0100
31.9900
32.0400
32.6700
32.7700
32.8500
32.6000
32.2000
31.9900
31.9100
32.0000
32.0100
32.5900
32.5200
32.1900
32.1200
32.2600
32.2900
31.9400
31.2100
31.5200
31.1000
30.4700
30.3500
30.9800
30.8100
31.0800
31.4400
31.1400
31.0100
32.4200
32.1200
31.9200
32.2000
32.1100
31.9800
32.0200
32.0100
31.8000
31.7600
30.9800
30.6500
30.5000
30.7600
30.7400
31.1600
30.6800
30.2100
29.9000
29.7200
29.2700
29.7500
29.7600
29.1100
29.0700
29.0600
29.5600
29.3400
29.1900
28.4500
28.5500
28.5100
29.3500
29.2300
29.6500
28.9000
29.2900
29.1300
29.3400
30.0200
29.8400
30.7000
30.9300
30.1400
30.7000
29.8700
30.0200
30.1700
29.9100
30.5900
30.5600
30.7600
30.7000
30.1900
30.0000
29.7400
29.3000
28.6300
29.3900
29.4400
29.6600
30.4500
30.6700
30.1200
29.2800
29.1500
28.8300
29.1600
29.7600
29.6400
29.4700
29.4100
29.1900
29.7500
29.9500
30.2600
30.3300
30.5000
30.4200
30.3900
30.1300
30.2000
30.7800
30.9000
30.7400
30.8000
30.5400
30.2600
30.5600
30.6900
30.6300
30.6500
30.3200
30.8200
30.3900
30.3900
31.3500
30.9500
30.7200
30.7900
30.7800
30.9400
31.2100
31.2100
31.1800
31.0500
31.4500
31.1900
30.7800
30.3900
30.1700
30.1600
29.7600
29.4900
29.6600
29.8600
30.0300
29.8500
29.7800
29.2800
28.9800
28.9500
29.2000
29.5100
29.4900
29.5900
29.5000
28.6400
28.0000
28.0500
27.9000
27.8800
28.2100
28.5400
29.5200
29.5000
29.6300
29.8600
29.0800
28.8100
28.8300
28.2200
27.0900
26.8400
26.6600
26.5200
26.7300
26.7100
26.9500
27.7000
27.3900
27.0800
27.3600
26.9500
26.6200
26.4300
26.3700
26.6700
26.7300
26.4600
26.9400
27.3200
27.2400
27.1100
26.8100
27.1000
27.5600
27.3100
27.6800
27.4500
27.0600
26.8600
26.9600
26.5500
26.7100
27.6200
27.2500
26.7400
26.6900
26.5500
26.7000
26.4600
26.8300
26.8900
27.2100
27.0400
27.2500
27.2500