78.0400
78.0300
79.2300
79.4500
79.6300
80.1400
80.6100
81.4500
82.3400
81.0400
81.7200
81.7900
81.7200
82.0300
81.6900
82.0000
80.1400
80.1100
79.8800
79.7400
80.2100
80.5500
82.4500
80.9900
81.3700
81.7100
80.8100
79.8000
80.6600
81.0300
80.9800
81.8700
82.9200
82.6500
80.8600
82.1100
81.7700
82.3300
81.8500
81.6200
81.2300
80.5900
80.1200
78.7200
79.8400
80.6700
81.3500
81.1500
83.7500
83.1600
84.9500
85.6900
86.6300
86.2600
85.4800
84.9900
85.8600
86.6200
85.9700
87.2700
86.5700
86.8800
87.0000
87.0300
86.3300
86.8800
85.2900
83.9500
85.1000
86.3300
84.4300
85.6200
87.3300
87.0900
86.9500
87.3900
85.7900
86.6100
87.1100
87.3600
87.3800
86.2700
86.8500
86.6500
85.9800
85.5600
86.5600
86.2600
84.5400
85.2300
84.8000
83.8400
83.0200
82.5300
81.2300
80.7100
81.5400
81.6000
81.4900
81.2500
81.8200
82.9000
80.9200
81.3200
78.5700
77.3500
76.9800
78.4100
79.1000
79.9300
78.2000
79.4500
78.9400
80.2700
81.0400
80.7600
81.4200
81.7100
79.9900
80.9600
79.4900
79.8100
80.9600
80.8400
82.5700
83.4400
84.4000
83.8300
83.8800
83.6800
82.6300
83.6800
82.3700
83.9800
83.5500
85.7300
86.9200
86.6200
84.9700
84.1900
84.4600
84.4000
85.6200
86.4500
86.1700
85.8400
85.5000
84.5100
87.4200
86.6700
87.0600
86.7600
86.8000
86.6600
86.3600
86.2100
86.6700
86.8400
87.2800
87.6900
87.0300
86.6300
85.5000
85.8700
89.8200
88.4200
88.5200
87.0000
86.9000
87.4400
88.3500
89.8500
90.7400
90.4400
91.7600
92.1100
93.7200
94.8000
94.0800
93.9200
94.2700
94.3400
94.9900
95.3300
94.6600
94.0300
94.4300
95.1600
95.6500
95.6300
96.9000
98.0800
98.5100
97.9800
96.9800
98.6300
98.3900
96.3200
97.4800
97.3900
103.0700
104.8800
103.7000
104.5700
103.8900
104.3800
104.2100
103.4400
104.1000
104.5100
103.5500
103.2200
104.7000
100.9700
100.1800
99.0900
99.9600
98.1200
96.1600
96.4100
97.1000
98.1800
98.4800
98.2900
99.6700
98.9100
98.6500
98.2800
97.2600
97.7300
97.1800
96.1500
96.3200
97.3400
97.6400
97.9900
97.8000
98.1100
98.2500
97.9100
99.8900
101.2300
100.6200
101.1300
99.8600
99.1500
98.8700
98.2600
97.5500
98.4700
101.0300
101.1300
102.8000
102.4600
102.3500
102.8000
103.5400
103.2400
102.7900
103.4500
102.9000
103.3300
103.2900