9.7500
9.9700
9.9100
10.1000
10.3500
10.7600
11.0500
11.0900
11.0100
11.3600
11.6400
11.9300
12.2000
12.3100
12.4400
12.9400
12.5600
13.6000
13.3500
13.4400
14.5300
15.0600
15.6600
15.7100
15.8400
16.3800
16.6400
16.2100
16.7100
16.3900
16.0300
16.6000
16.6300
16.4600
16.0500
16.1300
16.1300
16.2500
16.2800
15.7400
15.7600
15.3100
14.6000
13.7300
13.9900
14.5600
14.7200
14.3600
15.5300
15.6400
15.8400
15.7200
15.3600
15.0600
14.9200
14.1900
14.4500
14.5900
14.1900
13.8800
14.0000
13.8600
14.0800
13.9100
13.4700
13.4500
13.2500
12.7200
12.8700
14.2800
13.9400
13.7200
14.2300
14.7200
14.6000
14.6800
14.0800
14.3900
14.2600
14.0700
14.6500
13.8500
14.1100
14.4000
14.3400
12.8800
12.7200
12.4800
12.4000
12.2500
12.2700
11.4500
11.0700
10.4600
9.7600
9.7200
10.6400
10.7400
10.9800
10.7400
10.7200
11.4900
10.6600
10.4000
9.9800
9.9000
10.5500
11.1500
11.1000
10.8900
10.0300
10.5300
10.0700
10.3500
10.8000
10.7900
11.1900
11.2100
10.4400
10.4800
10.1900
10.3100
10.6700
11.0100
11.7000
11.2300
11.6500
11.5300
10.9300
11.0200
10.2400
10.1700
10.5800
11.0000
10.8800
10.9900
11.1200
11.0300
10.6700
10.3100
10.1100
10.1800
11.4100
12.0800
11.7900
12.0000
12.0000
11.5800
12.1900
12.4600
12.4200
12.7900
13.0100
13.0000
12.7500
12.6400
12.5500
12.9700
13.3000
13.1700
13.1000
13.0900
12.7100
12.5400
12.5700
12.8100
12.9300
12.6900
12.8800
13.3100
13.0000
13.7500
14.3000
14.0000
14.0700
14.4200
14.8000
14.8300
14.4900
14.1700
14.7500
14.3900
14.2500
14.1400
13.0900
13.0100
13.5300
13.3400
13.3400
13.5500
13.3500
13.8300
14.1300
14.1200
13.5200
13.3900
13.4300
13.3000
13.5600
13.5700
14.4400
14.3700
15.2600
14.2800
14.1800
14.0300
13.8600
13.8600
14.2500
14.8500
14.6900
14.3200
14.5500
13.9500
13.2800
13.5000
13.7400
13.7200
13.5500
13.1700
13.2600
14.0400
14.1700
14.4500
14.5000
14.7800
14.6700
14.7000
14.9300
15.0000
14.9000
15.0800
14.9200
14.7500
14.9300
15.3800
15.4200
15.6800
15.2600
15.5600
15.7300
15.8100
15.6700
15.8200
15.5100
15.3700
15.7100
15.3900
15.2200
15.6800
16.6500
16.6300
16.7400
16.7600
16.5800
16.4000
16.3500
16.4500
16.2200
16.1400
16.1300
16.3800
16.6600