6.7600
6.9900
7.1600
7.2000
7.2900
7.2500
7.2200
7.2700
7.2300
7.1600
7.6500
7.8800
7.7600
7.8700
7.9500
7.8600
7.5500
7.4300
7.5600
7.6000
7.7000
7.7200
7.9500
7.7300
7.8800
8.1700
8.1600
7.9100
7.8500
8.3400
8.2800
8.4600
8.4300
8.2100
8.0400
7.8200
7.9500
8.5600
8.8800
8.5500
8.7100
8.6500
8.2000
8.0000
8.0900
8.1600
8.3300
8.0800
8.4900
8.5800
8.8300
8.8200
8.6300
8.5700
8.7400
8.7100
8.4000
8.2500
8.5800
8.6400
8.4200
8.1000
8.1000
7.9900
7.6600
7.5900
7.3500
7.1500
7.1700
7.1500
6.9600
7.1200
7.2400
7.0700
7.0100
6.6400
6.6300
6.5100
6.5200
6.6000
6.5700
6.5900
6.6800
6.8200
6.4700
6.5500
6.5000
6.2400
6.3600
6.2900
6.3600
6.2100
6.0200
6.1500
5.9500
5.6300
5.7800
5.7100
5.7500
5.7400
5.9600
6.1200
5.9900
5.8400
5.4500
5.3900
5.6000
5.7500
5.6700
5.8800
5.7100
5.9200
5.8600
5.7600
5.8900
5.9400
6.1000
6.1200
5.6500
5.7400
5.5900
5.6300
5.7200
5.9700
6.3100
6.5500
6.8900
6.8100
6.7200
6.4900
6.1600
6.2100
6.1300
6.1300
6.0000
5.7700
5.8400
5.7800
5.8300
5.6200
5.7300
5.8400
5.9600
6.2800
6.1100
6.2100
6.2700
6.1600
6.3300
6.5700
6.8200
6.8900
6.8100
6.7600
6.7200
6.5500
6.4900
6.6100
6.5700
6.4900
6.4600
6.3200
6.2600
6.3000
6.2300
6.2000
6.2000
6.1800
6.2100
6.0900
6.1900
6.6800
6.4200
6.4100
6.3600
6.4700
6.6000
6.7000
6.5700
6.4800
6.6500
6.4500
6.3600
6.2600
6.1100
5.9400
6.0200
5.9800
5.7700
5.8400
5.8400
5.8800
5.8900
5.8500
5.7600
5.7600
5.7500
5.6700
5.7200
5.7800
5.7800
5.6500
5.4500
5.4400
5.4100
5.1700
5.6900
5.4700
5.4300
5.7900
5.7100
5.8400
6.0900
5.9100
5.6900
5.6200
5.5700
5.7400
5.5600
5.4700
5.4700
5.5400
5.5600
5.5200
5.6800
5.7000
5.6800
5.7700
5.9100
5.9700
5.9300
6.0400
6.1800
6.4100
6.4400
6.6700
6.7700
6.7100
6.6600
6.8500
6.6100
6.7000
6.8200
6.7900
6.3200
6.2300
6.1800
6.2200
6.1300
6.3400
6.6300
6.9000
6.9600
7.1800
7.2300
7.3100
7.4200
7.5400
7.6000
7.6000
7.6700
7.8100
7.8900