58.1100
57.4900
56.8900
56.7100
56.7400
59.2000
58.9500
58.6000
58.7500
59.0100
60.7500
60.3900
60.5200
60.9800
59.7200
60.6500
61.9100
61.4200
59.7900
59.6000
59.3300
59.4400
61.2600
61.7400
61.9100
61.2000
61.3700
60.4600
60.9300
61.7500
62.6400
62.6300
62.6900
62.7900
62.7200
64.1200
64.7600
64.3400
64.7400
63.9400
64.3700
62.1900
61.0100
59.6600
59.7600
60.5100
60.3900
58.3300
59.0900
57.8600
58.2700
58.6700
59.8400
57.9400
57.7700
55.8200
57.1700
57.4100
56.6400
55.8700
55.9400
56.2700
57.1200
55.6100
54.6000
53.8100
53.1700
51.9800
51.9200
53.4500
52.7600
52.0100
53.4400
53.3600
54.0000
53.5600
52.9400
52.9100
53.5800
54.6200
54.4500
54.9700
55.9100
55.2900
51.8200
50.8600
50.5200
50.1600
49.3600
49.2200
48.3500
46.9900
46.6300
46.7200
46.2900
46.2900
47.3600
46.8100
47.1300
47.3000
47.6700
48.5900
47.1000
46.6200
45.2000
45.0100
45.5500
46.9200
45.9200
45.8000
44.6400
45.3100
44.3200
44.5500
45.6700
44.9700
45.6000
45.6000
43.6500
44.5700
43.9600
44.1900
46.4000
48.2600
50.2900
50.3600
51.5900
50.7300
50.2200
49.9400
48.8000
49.9200
49.1800
49.7700
50.4600
50.6500
51.1700
51.8300
51.7700
51.9000
50.9100
51.5300
52.7900
54.3000
54.5100
53.6600
54.4000
54.0000
55.2100
54.6300
55.2300
55.2800
55.1100
54.9600
54.2100
54.0600
54.2900
54.7800
54.8000
54.6400
55.0000
53.8200
52.6400
52.7200
52.5200
52.8200
52.1200
51.0900
51.3300
51.2300
50.0300
51.4000
52.3200
52.6500
52.8700
52.8700
54.9400
56.2400
55.6300
54.8400
54.1100
54.4400
55.6300
55.1200
54.3600
53.0400
54.0400
53.6900
55.0000
55.9000
58.2100
58.4300
58.4500
58.0500
57.8700
57.1100
58.3900
58.7000
59.0000
63.7400
62.7000
63.2100
62.2000
62.3900
60.5400
60.1700
59.8500
59.8100
60.0000
60.0000
59.3500
59.8300
60.7100
59.0200
58.0200
58.3700
58.5600
57.2300
54.9700
55.2200
56.2300
57.7000
57.6700
57.5300
58.4100
57.8800
57.0500
57.5800
57.0900
56.7400
56.1400
55.6000
56.1600
56.0300
56.0100
56.6100
57.2600
58.5900
59.0600
59.3600
60.0300
61.4600
60.4400
61.4400
60.3900
59.9200
59.7100
59.4700
58.4800
59.5500
60.5800
60.8100
60.9300
60.2100
60.1200
59.9800
60.6900
61.1800
61.3400
61.7600
61.6800
61.7900
61.3300