30.4200
30.1500
29.8400
29.4300
29.6500
29.9500
30.2300
30.6100
30.9500
31.7400
31.2200
31.9000
31.6100
31.1800
31.3600
30.7300
30.4800
30.1800
29.7700
29.4400
29.8600
29.8800
30.6900
30.0200
29.8000
29.8500
30.2100
29.7800
30.0100
30.0300
30.1200
30.5900
30.7000
30.5300
30.3700
30.5200
30.5100
30.6100
30.3800
30.2800
30.6000
30.8800
30.7600
30.5300
30.6500
30.8400
30.8700
30.6900
31.5400
31.2300
31.3300
31.2400
30.9500
30.8700
30.8800
30.5100
30.7800
31.3200
31.6000
31.5100
31.4600
31.5900
31.6000
31.3800
31.3200
31.3200
30.9700
30.1300
30.4400
31.2200
31.0300
31.1500
31.2700
31.0600
31.4300
31.9800
31.5100
31.5600
32.2900
31.7600
31.8200
31.8200
28.9900
28.6600
28.6300
28.2900
28.2500
27.9700
27.6100
27.8600
27.8600
27.8500
27.9000
27.4400
27.0300
26.8300
27.7500
27.3800
27.8300
27.9700
27.7300
28.1800
27.5300
27.5000
26.3400
26.5600
26.7400
27.3400
27.4700
27.9900
27.4800
28.0300
27.6200
27.8600
28.2100
28.3900
28.5400
28.3700
27.7700
28.1800
27.9500
28.1200
27.8900
27.9600
28.7500
28.5000
28.8300
28.6500
28.2200
28.0900
28.3900
28.5600
28.4300
28.5700
28.4300
28.6400
29.0600
29.2100
29.0700
28.6000
27.9200
28.2700
28.3700
28.7000
28.3400
28.4000
27.7800
27.2900
27.7900
27.7400
27.9700
27.5700
27.8900
28.1800
28.2300
28.1900
28.2400
28.7300
28.7600
28.6900
28.6200
28.8300
28.5300
28.7400
28.6700
28.6100
28.8900
28.6400
28.7600
28.7100
28.8000
29.2900
29.6300
29.5000
29.5500
29.8800
30.4600
30.8100
30.2900
30.3000
30.3000
30.5500
30.7000
30.8600
30.5500
30.5400
30.6600
30.6000
30.8900
30.8800
31.1500
31.2000
30.4500
30.3400
30.1400
30.0600
30.0900
30.0800
30.1500
30.5800
30.6700
30.8900
30.3700
30.3900
29.8200
29.6000
29.5900
29.6100
29.6900
30.3800
29.9200
30.0300
30.2600
29.9000
29.5100
29.5200
29.5800
29.4200
28.8700
28.2800
28.6600
29.2700
28.9000
29.0300
29.4200
29.3800
30.1100
30.4500
30.7100
30.9100
30.6600
30.5500
30.3400
30.4900
30.6900
30.8200
30.9900
30.6500
30.3000
30.2900
30.8100
31.1500
31.1100
31.6900
31.4800
31.5600
31.6900
31.6800
31.3800
31.8700
32.5200
32.8100
33.2100
32.9900
32.7700
32.8000
32.6100
33.0600
32.7500
32.7200
32.4200
32.5800
32.4900