8.2800
8.2500
8.3200
8.3500
8.5700
8.6100
8.5600
8.4700
8.2100
7.9900
8.5600
8.7100
9.0000
8.7400
8.8100
8.9800
7.1500
7.3500
7.3600
7.2000
7.2200
7.2200
7.3000
7.2600
7.3200
7.2800
7.3800
7.2200
7.0100
6.6700
6.8400
7.0400
6.9900
6.9900
6.8600
6.9000
6.8100
6.6400
6.7300
6.9400
8.0100
7.4000
7.5200
8.3200
8.3300
8.6100
9.1100
8.9500
9.4100
9.3100
9.4400
9.5400
9.6500
9.4000
9.3000
9.4900
10.2200
10.1200
9.8400
9.8000
9.7400
9.7500
9.8300
9.6500
9.4000
9.3800
9.2700
8.9000
8.8900
9.0200
8.7000
8.6200
8.8700
8.7300
8.5000
8.2600
8.1100
8.1200
8.1600
8.9500
9.0700
8.6300
8.3900
8.3200
8.0000
7.7900
7.7500
7.8700
7.8400
7.8400
9.3300
8.8100
8.6900
8.6500
8.5200
8.4500
8.9800
8.7500
8.8700
8.6800
8.6400
8.7100
8.6600
8.6000
8.0200
7.9100
7.8700
8.1900
8.1900
8.2600
8.0900
8.2900
8.1300
8.2600
8.7000
8.7300
9.0200
8.9100
8.6100
8.5800
8.0500
8.1100
8.2700
8.0900
8.3100
8.3000
8.4300
8.5500
8.3700
8.1000
8.3900
8.0200
7.6600
7.6300
7.3300
7.3000
7.6100
7.5200
7.2400
7.1600
6.9900
7.0500
7.0200
7.3100
7.0900
7.2500
7.1100
6.1000
6.1900
6.3800
6.5700
6.6200
6.6900
6.6600
6.7800
6.5900
6.8900
7.1000
7.2500
7.2400
7.1700
7.2100
7.0600
7.0000
7.0000
7.0100
7.0000
6.8800
6.9700
7.1000
7.5500
7.9000
7.4000
8.1500
7.9100
8.7500
8.5000
8.2400
8.3900
8.2800
8.1800
8.0000
8.0000
7.6500
7.2100
7.2200
7.3200
7.3300
7.6300
7.3800
7.8700
8.0500
7.3000
8.0600
7.6300
7.4600
7.6200
7.5600
7.5500
7.6000
7.6800
7.5000
7.1200
7.1600
7.2400
6.5200
6.4400
6.2100
6.2200
6.2500
6.0700
6.1300
6.1900
5.7100
6.2900
6.5000
6.3500
6.2400
5.9300
5.4700
5.4000
5.4700
5.6400
5.5500
5.6200
5.6000
5.4700
5.4100
5.4600
5.4400
5.4400
5.6300
5.5600
5.7300
5.6000
5.5200
5.7200
5.7700
5.7800
5.6900
5.7900
6.2400
6.0500
5.9100
5.8600
5.8600
5.6900
5.5900
5.3700
5.6200
5.9200
5.9800
5.9700
5.8900
5.8100
5.8300
5.9900
5.9500
5.7700
5.8500
5.8300
5.8400
5.8700