22.1500
21.7400
21.4900
21.4700
21.7100
22.1900
22.3100
22.2800
21.7100
21.5700
21.8400
21.8700
21.5600
21.5200
20.8400
21.2100
21.2000
21.0400
20.9800
20.7500
21.9700
21.7600
22.4400
22.3300
22.5300
22.8900
22.9600
22.8000
22.9600
23.2400
23.1600
23.6000
23.4200
22.7000
23.4400
23.6900
23.4800
23.1900
23.1900
23.4400
23.6400
23.1600
22.6500
22.2100
22.3700
22.5800
22.9700
22.7900
23.1300
22.6600
22.9700
22.8900
22.8700
22.7400
23.0600
23.0700
22.9800
23.3200
23.3500
23.1500
23.2000
23.4500
23.5100
23.5400
23.1600
22.5900
21.9800
21.5300
21.9000
22.3900
22.0700
22.1000
22.6700
22.5100
22.0900
21.8400
21.5600
21.9400
22.2000
22.1300
22.0800
21.6900
21.7100
21.4200
21.2300
21.0000
21.0500
21.0000
20.6400
21.0800
21.5200
21.4200
21.2200
21.2800
21.1600
20.8100
21.2100
21.2700
20.8900
21.2800
21.6300
21.8900
21.5300
21.6700
20.9800
20.9000
20.9900
21.3700
21.3900
21.5500
21.1100
21.0100
20.8600
21.0300
21.2000
21.0700
21.3400
21.5300
21.1200
21.2300
20.8000
20.6700
20.9500
20.8200
21.3700
21.7400
22.0700
21.7700
21.5900
21.8200
21.5900
21.6500
21.5800
22.0600
22.0900
22.5000
22.5500
22.6100
22.3000
22.0000
21.5400
21.6900
22.7500
23.2700
23.3400
23.0300
22.9500
22.7400
23.1300
23.2500
23.2500
23.1800
23.3000
23.4600
23.4900
23.4000
23.6200
23.7400
23.6300
23.8800
23.8300
23.7600
23.5600
23.7900
23.5900
23.4300
23.6100
23.4800
23.5700
23.6400
23.7900
24.0700
24.0600
23.9500
24.0100
23.9600
24.2600
24.3000
24.2000
24.3500
24.4100
24.4900
24.5500
24.2000
24.2200
24.0500
24.5000
24.3700
24.3300
24.3500
24.5300
24.6700
24.6300
24.5500
24.0700
23.9400
23.9600
23.7800
23.9600
24.0400
24.2800
24.1300
23.6500
23.6800
23.4400
23.9400
25.0000
25.2200
25.3400
25.8900
25.6800
25.8400
26.0200
25.8200
25.6500
25.8700
26.0400
26.1500
25.6000
25.5000
25.5400
25.9400
26.0300
26.4900
27.1100
26.9900
27.2000
27.1900
27.2900
27.1800
27.3600
27.3900
27.2700
27.3100
27.2600
28.0200
27.8500
27.8400
27.9700
27.9700
28.1900
28.3000
27.7400
27.7700
27.8100
27.9500
27.4500
27.3500
26.9200
27.4500
27.7000
27.6200
28.2000
27.9100
27.7800
28.0300
28.2500
27.8400
27.5400
27.9800
28.0700
28.0400
28.0000