97.7600
98.5800
97.5000
96.7200
98.3300
98.7300
97.4900
95.2300
95.9100
95.8600
97.3900
97.4900
96.3200
102.2100
100.4600
102.1100
100.0900
100.5000
101.2300
100.6700
101.8200
102.2700
102.9600
103.7700
103.6700
104.3600
103.5300
101.1500
103.7500
103.9900
103.3100
103.6600
104.0100
103.1800
103.4800
104.4800
104.5700
102.6600
102.4800
97.6500
95.9300
94.4800
96.5500
94.7500
95.4000
95.4500
96.5300
96.0700
97.5500
98.2200
99.0600
99.6900
100.1400
98.7000
99.2700
95.2900
96.3600
99.0500
98.4600
97.8400
98.1700
97.7800
100.2600
98.9100
97.1000
96.5100
95.7500
93.1600
92.4500
94.8200
94.4600
93.7100
94.7500
93.9000
93.7300
93.6300
93.8400
93.9800
95.7300
99.2700
100.0500
99.3200
99.8900
98.4700
96.9100
95.0300
94.0200
91.7300
90.1300
90.1700
89.1900
86.8600
85.0000
83.8200
82.4600
81.8500
84.7600
84.5000
84.7100
84.3500
83.9400
86.2100
84.0400
84.4600
80.9500
81.3200
82.4900
85.4500
84.6300
84.8800
83.1900
84.1600
82.4200
82.9800
84.2400
82.8200
84.3300
82.6500
79.3900
79.7500
77.5900
78.5100
80.6800
81.2600
84.8200
84.1200
88.1000
86.2500
85.1000
84.8800
83.0600
84.8700
83.4500
84.8000
85.4900
85.4700
86.1900
88.5000
88.1200
85.9600
84.2300
84.9100
86.9900
89.5500
89.1000
87.4300
88.5200
86.1500
87.7000
87.3700
89.0000
89.8900
89.8000
90.9100
90.0500
89.5500
89.4100
90.7000
89.8800
88.6500
87.9500
88.4600
86.6000
87.2700
87.0600
87.3100
87.2600
86.9900
87.9000
86.7300
86.2000
89.3700
91.5000
93.1100
93.9400
93.8300
95.7000
96.7700
95.0500
94.3000
93.3800
93.2200
93.2700
92.7500
91.9400
91.1800
93.1100
92.7100
92.2300
93.8800
92.7900
92.8500
93.3800
94.3000
94.3700
94.1100
93.2900
93.7800
93.7700
94.6900
96.1400
96.5000
94.2400
94.2700
91.5100
90.1800
92.8700
94.4500
95.0100
95.4000
95.0000
95.6800
96.7100
95.0000
94.7300
95.0100
95.0000
95.0000
94.5000
92.5800
91.8800
93.8300
94.8000
95.3100
96.5500
96.6500
96.1900
96.9600
97.8000
97.7500
96.2700
95.9500
96.0400
99.3300
101.4500
100.4000
101.0800
101.8200
99.3000
100.0200
100.6000
102.8100
101.7100
102.7000
102.5700
101.6400
100.9600
100.6900
98.9100
101.7400
103.2500
103.2400
104.9000
105.0900
104.0600
103.8400
104.5900
105.5700
105.4300
105.3100
105.7500
106.9700
106.6200