19.0200
18.7400
18.7700
18.9000
19.2300
19.7000
18.7300
18.0800
17.4400
16.6500
17.2900
16.8800
17.0100
17.1800
17.3700
17.8400
17.4800
17.9300
18.5600
18.6200
18.7100
19.1900
19.4400
19.6900
19.7300
19.5400
19.5200
18.9800
19.1600
18.8600
19.4500
20.2400
20.8000
20.3600
21.7800
22.0000
22.3100
21.9300
21.9600
21.7800
22.0100
21.5500
20.6200
19.8500
19.7700
20.2700
20.1100
19.5100
20.3300
20.0700
20.4700
20.8200
20.8400
20.0600
19.4100
18.5200
19.2700
18.7800
17.7900
17.4600
17.1600
17.4900
17.6000
17.1900
16.7100
16.6000
16.3900
15.9700
16.1500
16.9800
16.1600
15.4900
15.9300
15.8000
15.8400
15.7100
15.7200
15.9500
16.9600
16.6200
16.3000
16.6500
17.3200
16.7900
16.2600
15.4900
15.5100
15.4200
15.2500
15.5000
15.0900
14.6300
13.8400
13.6800
13.4000
13.0600
14.2900
14.1200
14.2800
13.8500
13.8200
14.3200
13.7600
13.5500
13.0100
12.8900
13.1900
13.7300
13.6100
13.3700
12.8300
13.0000
12.6500
12.7000
13.0700
12.9600
13.7100
13.8800
12.9500
13.1900
12.8100
12.7900
13.5100
13.8400
14.4000
14.2300
14.8000
14.5700
13.9900
13.6800
13.0100
13.2400
13.0000
13.2800
13.2000
14.0700
14.4500
14.4200
14.2900
14.1500
14.0200
13.4000
13.9200
14.3500
14.5800
13.8400
13.7500
13.4000
13.9400
14.4500
14.7300
15.2100
15.6300
15.2300
15.6900
16.0300
16.0100
16.2100
16.1700
16.2900
16.2000
16.0700
15.6100
15.5000
15.1900
14.9600
14.8300
14.7100
14.7700
14.5800
14.6900
15.1400
15.5300
15.3500
15.6500
15.5100
16.1200
16.6900
16.2500
15.9700
15.6500
15.4800
15.3000
15.0800
14.2600
13.9600
14.1200
14.0300
14.0500
14.0100
13.6800
14.2700
14.1100
14.0400
14.6700
14.2400
14.6700
14.5300
14.4000
14.8200
15.3200
15.4000
14.8900
14.5200
14.2500
13.9800
14.1500
13.6800
13.4900
13.9500
13.5500
13.8800
14.0900
13.4700
13.1600
13.1300
13.4700
13.4100
13.2900
13.2800
13.1600
13.6900
13.5400
13.6800
14.0200
13.8600
13.8000
14.2000
14.4000
14.7000
14.5300
14.5600
14.6700
14.6300
14.6400
14.6500
14.6200
14.5300
13.8500
13.7100
13.7300
14.5100
14.7100
14.9900
14.6000
14.2900
14.3200
14.2000
14.0000
14.4500
14.8000
15.0000
15.4100
15.2900
15.0200
14.8900
14.5900
14.6500
14.5000
14.8000
14.6800
15.0700
15.6700