24.9600
24.6200
24.6600
24.4300
24.3300
25.1700
25.0500
24.9600
24.8000
24.5200
24.7800
25.1400
25.3400
25.4600
25.6600
25.9000
25.8300
25.9900
25.3000
24.7600
24.7700
24.6600
25.0700
25.3500
25.7000
26.2400
25.8800
26.0000
26.3600
26.3600
26.2100
26.7500
26.8100
26.6000
26.2200
26.2600
26.6900
26.7900
26.6300
26.3400
26.3100
26.1100
26.1500
25.4700
25.6400
25.9500
26.1300
25.8400
26.7200
26.4900
26.7500
26.6100
26.8000
26.7200
26.8500
26.8800
26.6400
27.1800
26.6100
26.4200
25.8200
25.9000
25.9300
25.7300
25.2200
25.5200
25.3500
24.5900
24.7300
24.9500
24.5700
24.4300
24.7800
24.7100
24.7000
25.0400
25.0200
25.3300
25.1200
25.0700
25.1400
24.5700
24.4400
24.0900
23.6700
23.6700
23.4400
23.6500
24.0600
23.7300
23.3600
23.5600
23.6800
23.1200
23.0000
21.9900
22.7800
22.3200
21.8100
21.8000
22.0600
22.2200
21.8100
21.8800
21.3800
21.3900
21.8600
22.2400
22.1100
22.1200
21.4400
21.7200
21.3300
21.2700
21.4800
21.6800
22.1500
22.2400
21.5500
21.7700
21.2400
21.2900
21.6200
21.8600
22.6700
22.8900
22.7600
22.5500
22.2200
21.8500
21.6600
22.1000
22.0400
22.5600
22.5100
22.7600
22.9000
22.8100
22.3700
22.1500
21.8300
22.8700
23.2100
23.2500
23.1600
22.7000
22.7900
22.6300
22.9600
23.1500
23.3900
23.2800
23.2900
23.3600
23.3800
23.1800
23.3000
23.4200
23.5900
23.5400
23.7200
23.1900
22.8700
22.7700
22.9000
23.0900
23.0000
22.7900
22.8700
23.2500
23.2800
23.7300
23.7300
23.5900
23.6600
23.8100
24.2100
24.4700
24.1100
23.6400
24.0000
23.7000
23.7900
23.7200
23.1700
22.9100
23.4200
23.2900
23.5300
23.3200
23.2500
23.7000
23.5900
23.5400
23.3100
23.5600
23.5000
23.2600
23.6900
24.0800
24.4700
24.5700
24.2700
24.1300
24.1300
23.5800
23.8700
23.7700
23.7800
24.1600
24.0200
24.2800
24.4100
23.7900
23.5600
23.5900
23.4800
23.1600
22.8100
23.0700
22.9500
23.3000
23.1200
23.2300
23.7800
23.5400
23.6100
23.9500
24.2600
24.2300
23.8900
24.1600
23.6700
23.6900
23.7100
23.4800
23.5600
24.3100
24.3300
24.2000
24.6800
25.2100
25.2200
26.1100
25.4900
25.2200
25.1600
25.0500
24.8900
24.9900
25.7600
26.3800
26.4800
26.2700
26.1000
26.3700
26.6300
26.5800
26.7200
26.7900
26.8500
27.0700
27.1300