62.0800
61.8900
62.1000
61.9700
61.4800
62.6500
63.3400
64.0400
63.3900
60.9400
60.3500
59.6000
59.2700
59.2600
57.4800
60.2500
60.4500
61.5100
61.2200
61.4800
61.1200
62.2900
61.0100
60.8900
60.8600
60.7000
60.6400
59.6200
59.4100
58.7700
59.6000
60.4300
59.4500
61.5400
62.7800
63.8000
62.5100
61.5200
62.0000
59.4300
59.6700
58.9600
57.9000
57.1700
56.6800
56.9500
56.8800
55.7500
54.8600
54.3000
53.8400
53.7500
53.5300
53.6800
53.1700
52.4100
53.3200
53.4500
52.4900
51.5000
51.3400
51.2700
52.1100
50.3400
48.5300
47.7300
48.0000
48.9700
48.0000
49.5500
48.6800
48.1700
48.3300
47.8900
47.8100
47.2500
46.3000
46.3700
47.4700
47.7300
47.8600
47.6500
48.0500
47.1000
45.5900
46.1600
46.1400
44.7600
46.5400
46.2000
45.3600
44.6700
43.3900
43.5100
45.2600
45.5800
47.3700
47.1900
48.5700
48.6300
48.8200
48.1800
47.8400
47.1600
50.3000
51.5500
51.3500
51.7000
50.6900
50.2800
49.4800
50.5200
50.7200
50.6900
50.2800
50.8500
50.7000
50.3600
47.8000
47.9600
48.7900
47.9400
48.1500
47.1200
48.5100
48.4900
49.7300
49.0400
47.9100
47.7200
46.4200
45.9800
45.4600
46.1600
45.5000
45.0700
44.6600
45.1500
45.1500
44.5000
44.3300
45.8000
46.0900
44.5300
45.2600
44.4700
44.4100
43.6200
44.6700
46.1200
46.6300
46.9200
47.2000
47.4800
46.9200
46.3400
46.6300
47.5900
47.1600
47.9300
48.2500
49.3000
49.0400
49.2300
49.0400
48.8400
48.4700
48.5500
50.6800
49.4700
49.6200
50.9000
51.6900
51.3600
52.0000
52.5600
55.4500
57.2000
56.9600
56.7700
56.8500
56.6200
56.3100
55.2600
55.0600
55.2600
56.5400
56.0200
55.7000
55.6700
55.4700
56.2400
55.8500
55.7600
54.5000
54.8500
55.3500
54.9400
54.6000
55.8800
56.0600
54.9700
54.9000
55.4900
53.8300
52.5800
53.5600
53.3100
54.5800
53.2200
48.7400
48.3900
48.5000
48.7400
48.8100
48.0700
47.7100
47.1900
45.7900
45.5300
46.1200
46.7900
46.6200
47.0800
47.6900
47.3700
47.0000
47.3100
47.0500
47.0900
45.6800
45.0900
43.9600
44.2900
44.4200
45.1100
45.2300
45.5000
44.1700
44.2900
44.6600
44.3600
43.7500
44.1000
44.5800
44.2300
45.0800
45.4700
45.0300
46.4400
46.9000
45.6200
45.9400
45.0100
45.5600
44.9000
45.9500
45.7600
45.3000
45.1900
44.7500
44.4400
44.8900