23.3500
23.1400
23.0900
23.0000
22.8700
22.8000
22.4700
22.5300
23.1600
23.4700
23.4400
22.8200
22.8400
23.0200
22.8400
23.1200
23.3700
22.9000
22.7600
22.7300
23.4500
22.8600
23.0100
22.9700
23.3000
23.5400
23.1800
23.0600
22.9400
22.8700
22.8100
23.1000
23.7900
23.7200
23.5200
23.5600
23.6800
23.5500
23.6300
24.0000
23.8800
23.6900
23.7400
23.6000
23.6100
23.9000
24.1100
24.3700
24.3100
23.9500
23.9000
23.6100
23.5900
23.5000
23.7100
23.9400
24.0200
24.2200
24.0600
23.9400
24.2500
24.3500
24.4800
24.5200
24.2700
24.5000
24.2800
23.6700
23.7300
23.9000
23.9200
24.1600
24.3600
24.3200
24.0700
24.4100
24.3000
24.3300
24.6000
24.4500
24.4900
24.6500
25.3300
25.0400
24.7700
24.9200
24.8200
24.8500
24.9400
25.2600
25.2500
25.1200
25.0900
25.0300
24.6600
24.4300
24.8100
24.7700
24.7400
24.9600
25.0400
25.2600
25.0400
25.0900
24.7200
24.7300
24.7600
24.9700
25.1100
25.2500
25.1200
25.4200
25.2700
25.3200
25.3400
25.3400
25.0700
24.8900
24.0700
24.3100
24.2900
24.2600
24.4300
24.5200
24.7500
24.8200
24.8100
24.5600
24.7500
24.4100
24.4500
24.5400
24.6800
25.1500
24.9800
25.2700
25.2900
25.3400
25.6400
25.3100
25.1100
25.1200
25.4600
25.6000
25.6300
25.5900
25.3800
25.0300
25.2800
25.3100
25.1900
25.2800
25.2400
25.1700
24.9200
25.0500
24.9900
24.8200
24.7000
24.6400
24.3400
24.2600
24.0000
24.1400
24.2700
24.4300
24.3700
24.3200
24.3400
24.7000
24.9200
25.4400
25.3000
25.1900
25.2700
25.3500
25.6100
25.6100
25.5000
25.5000
25.5200
25.5900
25.5000
25.7100
25.5100
25.4700
25.5100
25.4800
25.4300
25.5700
25.6000
25.8300
25.7300
25.6400
25.6700
25.5500
25.4500
25.3200
25.4600
25.4200
25.7000
25.6900
25.4200
25.2700
25.0800
25.1600
25.5400
25.4600
25.4700
25.4500
25.2200
24.7900
24.9400
24.5200
24.4800
24.3000
24.0200
24.0100
23.6400
23.4000
23.8900
23.8200
23.9300
23.9300
24.0200
23.8700
23.6600
23.8200
23.9300
24.1700
24.3400
24.1900
24.5700
24.5400
24.4400
24.4900
24.1800
24.3800
24.1800
24.1500
24.4200
24.6500
24.6900
25.0200
24.9700
24.9100
24.7100
24.7200
24.6300
24.8900
25.2500
25.2200
25.4000
25.1500
24.9500
25.1900
25.5000
25.7600
25.8800
25.9000
25.8800
26.0300
26.2400