48.4050
49.1100
49.0800
48.9950
49.1750
49.2350
49.0700
49.5500
49.1500
49.6200
50.4300
50.7900
50.8800
50.7800
51.1050
51.6050
51.1500
51.0550
51.6950
51.9950
51.8750
51.4100
51.7500
51.7300
52.1150
52.9650
52.8800
52.7050
52.6100
53.3150
53.3000
53.0800
53.3400
52.4750
52.8650
53.0700
53.1450
53.5850
53.7150
53.9600
54.2700
54.3700
54.6200
53.6700
53.7900
53.9500
54.9900
54.7250
55.3800
55.1500
55.3650
55.6100
56.0650
55.8700
55.2200
55.4950
53.7100
54.2750
53.9400
53.6150
53.9250
54.2200
54.5100
54.9350
54.7450
55.1950
55.3450
53.2300
54.1250
54.3250
54.4000
54.7000
54.9150
55.2800
54.8050
55.3850
54.8750
53.3750
54.5150
55.1750
55.3200
55.9350
55.6500
57.1400
57.2000
55.9050
55.7100
54.3650
54.0750
53.7800
54.1300
53.7350
53.6100
53.5000
52.1700
52.7200
53.6150
54.2250
53.7600
53.7400
54.3950
55.4600
54.3050
54.0900
52.3000
52.3500
52.7550
53.5350
53.6800
54.3200
53.7300
53.8000
51.1100
50.0100
50.8750
50.7000
50.7700
50.6000
49.3300
49.7000
48.7300
49.2250
49.0550
48.4450
43.8900
44.4250
45.2400
46.1000
45.6900
45.1400
45.6450
46.1300
45.9100
46.9850
46.5100
46.3800
47.3150
47.6300
46.5400
46.4250
46.4800
46.7550
48.2900
48.5150
47.9250
46.6750
46.5000
46.2700
47.2850
47.7600
48.0850
47.9500
47.5300
47.2500
47.9250
47.4550
47.1100
47.3900
48.1300
47.8850
47.9250
47.8850
47.7250
48.4300
48.2150
49.4350
49.3450
48.8750
48.6800
48.6300
48.6750
49.7300
49.6450
50.0200
49.8400
50.4200
49.6000
48.3200
48.9850
48.8600
48.8300
48.3600
48.2600
47.6600
47.5400
47.7450
48.0000
47.4550
47.7750
47.4750
46.9000
47.9450
47.6100
47.4950
47.2400
47.1100
47.4500
47.2100
47.8050
48.6200
48.7850
48.7850
48.2250
47.2400
46.4100
46.4450
45.6550
45.5750
45.6900
47.6750
47.2700
47.6300
48.0650
47.3250
45.9300
46.1550
46.1450
45.7350
45.3000
45.4150
46.2950
48.1600
47.8050
47.8000
48.3750
48.8300
48.5050
49.5650
49.4850
48.7400
48.7800
48.8350
48.8400
49.2100
49.2950
49.0400
49.7050
49.6000
48.6650
48.4550
48.9950
49.4600
48.8900
49.5000
52.5500
52.8000
51.3300
51.7600
50.9900
51.6000
51.8400
52.3700
52.8800
52.9600
52.4000
52.4500
52.5500
53.1000
53.1900
53.6400
53.7300
53.4800
53.2900