58.6600
58.6300
58.1500
57.9000
57.9100
58.6200
58.5100
59.7500
58.8400
59.6300
60.1700
61.3100
61.3900
60.4900
60.0000
59.5900
59.3200
58.7100
58.2000
58.0500
59.2500
58.3000
58.3100
58.8000
59.8400
60.5000
60.2100
59.8100
60.3000
60.2100
59.6500
59.6800
60.0800
59.8600
60.0500
59.6200
59.9200
60.0500
59.8900
59.8100
60.2100
59.7600
59.9300
59.6700
59.9600
60.3700
60.1800
60.6500
61.5400
62.0600
61.9700
61.9900
61.8700
61.0700
60.8300
60.9700
60.5700
61.5300
61.1300
60.8500
60.8900
61.0800
61.8200
61.5100
61.4500
60.8500
60.0300
59.7300
60.1900
61.2900
60.8100
61.0400
61.7700
61.9200
61.0200
61.8100
61.5800
62.7300
63.0100
63.4400
63.7500
63.2800
63.4600
63.3500
62.8400
61.9000
61.7800
61.3700
60.6800
60.7000
59.9100
60.1100
59.8000
59.5700
58.5000
58.0800
58.9900
59.1000
58.6400
58.8100
58.5000
58.9800
58.8500
58.7500
57.4200
57.1100
57.2900
58.5900
59.3500
59.7700
59.2800
59.9300
59.7500
60.5300
61.1800
61.5200
62.2400
62.2900
61.8400
62.1100
61.4800
61.0800
62.1300
61.7300
63.7900
63.5400
63.9400
63.9300
63.4700
63.6100
63.0800
62.8200
62.1600
63.7900
63.4900
64.1300
65.1200
65.1200
64.7600
63.7600
64.1800
63.9100
64.8000
65.8000
66.7600
66.2000
65.8400
65.6100
66.3700
66.3100
67.2000
67.8500
68.4000
68.5000
68.6700
68.3600
68.2800
68.7900
69.3200
69.7500
69.5200
68.3400
66.9200
67.4000
67.1100
66.9100
67.2500
66.5600
66.8900
66.7500
66.5200
67.6900
67.3700
67.0500
67.4200
67.9300
67.0100
66.3300
66.4800
66.8900
66.9000
66.9400
66.8900
66.5600
65.7900
66.1900
66.4700
66.4300
67.5800
67.8600
68.0800
68.7900
69.4100
69.0900
69.0000
68.2100
68.6400
68.8200
69.4600
70.3600
70.6000
71.1300
70.2700
70.2000
69.6600
69.3300
69.0400
68.0200
68.6900
68.9200
68.9800
68.9600
69.8800
66.7000
65.4200
65.6000
65.4000
65.3700
63.5900
63.2300
63.5700
64.7200
65.0800
64.9300
65.3600
64.9900
65.3300
66.0600
66.6500
66.7000
65.7900
66.6500
66.7600
67.2700
67.5300
68.0400
67.9500
68.1500
67.3700
66.8000
67.1300
68.5100
68.7000
69.0000
68.6300
68.6900
68.0200
67.7400
66.7600
67.5800
68.1700
67.9400
68.7600
68.6700
67.3400
67.0400
67.4000
67.0700
67.2200
67.4800
66.8500
67.1400
67.4900