70.8700
70.9400
70.7500
70.8100
71.5500
73.8900
73.6400
73.3000
73.1100
74.1200
75.4700
75.8000
74.8000
75.9800
75.9800
77.2000
75.9900
77.4000
75.4500
73.9800
74.6800
77.0800
82.1400
83.6500
82.1100
81.7700
82.4600
82.6600
82.6000
83.9300
82.8600
84.5500
83.8000
84.5800
87.1800
86.2300
86.0400
85.2300
84.5300
82.5300
84.0900
82.2400
79.9400
77.5400
79.9900
81.5000
81.3800
80.0800
81.8600
80.1700
80.2300
83.5600
82.9300
81.8600
80.4700
78.9400
80.5800
80.0800
78.2100
78.5300
78.6600
79.4700
80.2700
80.6700
79.2400
79.7200
78.2100
76.0000
76.9700
80.4600
78.5200
77.9100
79.5200
79.0300
78.1400
77.6800
77.2900
78.0200
76.8300
76.7400
75.5900
75.7600
75.4100
74.3000
72.7400
71.1300
70.3100
69.2400
67.7600
68.3900
68.4300
67.1000
65.1600
63.6200
63.6500
63.4200
67.1700
66.7300
67.9500
67.8500
68.1000
69.9800
67.1900
66.7500
65.0000
64.1200
65.6900
68.0700
67.4200
66.5900
65.6400
66.9200
66.1800
66.8100
67.8500
66.8700
66.6900
67.0500
64.2800
63.0900
60.0000
60.9000
62.0900
62.1400
64.4400
64.4000
67.6500
66.9100
66.6600
66.9900
66.0700
66.8800
66.8400
67.6600
68.6000
68.1400
69.0100
70.4700
69.2100
68.5700
67.7700
67.3300
73.3100
73.6600
74.0400
72.3000
73.7000
72.7400
75.3600
75.5400
76.7500
76.3400
76.9800
77.3600
76.4700
76.2600
76.6200
78.2100
78.5100
77.8000
78.1600
78.1500
77.3200
77.0300
78.1200
77.2100
77.1500
76.2000
78.8000
78.0700
78.5700
79.6600
81.9200
81.0200
83.1300
83.5600
84.3900
84.8300
83.8000
82.7600
82.0300
80.6000
81.7200
80.9300
80.1900
78.3800
80.1400
80.1100
80.5500
80.7300
79.4900
80.3400
79.9200
80.4200
80.0900
78.2900
78.9700
78.2200
78.6200
79.6500
81.2100
82.0300
80.7000
80.9300
78.7400
76.7700
74.8800
74.5700
73.7000
73.1100
71.6500
71.6300
72.9800
71.1000
69.4800
68.9700
70.7900
70.7300
69.5500
70.4400
70.6100
73.2900
71.6300
71.6000
72.6000
71.1300
70.0200
70.1800
70.3500
68.3000
67.9600
68.7900
68.6100
68.0600
68.2800
67.8900
67.9900
66.4800
65.5800
64.8700
66.3000
68.7100
68.6900
69.5400
68.3300
67.8200
66.7800
66.9700
65.8800
68.3500
70.0400
69.6700
71.7500
71.3500
69.4000
69.8600
70.4100
70.8900
70.3400
70.2400
70.4200
71.7300
72.7600