73.7900
75.0500
75.7600
75.3100
76.4400
77.7200
78.0000
78.2400
76.5000
76.3100
76.3300
77.9400
77.2600
75.9500
75.4800
75.1700
74.8700
73.9400
73.1800
72.2000
72.6800
72.3800
73.6100
72.1400
72.3400
72.5500
72.3300
71.5300
71.0500
70.4000
67.8400
68.4400
68.8100
68.7200
68.4500
69.3100
70.0300
70.5900
69.5700
68.9000
68.9700
68.1000
67.6800
65.9500
65.2700
66.7700
66.4800
66.0900
67.0500
64.9500
68.5300
68.9800
68.3000
66.9500
67.2000
64.7000
64.4500
66.1300
66.3000
65.9000
66.1700
65.8300
67.0200
66.2800
66.9800
67.8300
66.7100
65.3200
66.1700
67.9100
67.4400
68.2400
69.0500
69.6700
68.7000
69.5300
69.4000
70.2200
72.9100
73.2300
73.3700
72.9300
74.4100
73.7200
72.9700
71.6300
71.9900
70.2300
68.3900
68.1700
68.4400
68.0100
67.8900
67.9400
66.2100
65.3400
67.4100
67.2800
68.0900
67.4400
66.4300
66.5000
65.3400
65.5200
64.2900
63.6900
63.6700
65.5500
66.0000
66.4400
65.9200
67.1900
67.1700
68.2000
68.9700
71.0700
71.3100
71.6900
71.1400
70.0000
68.7400
69.3100
69.7600
70.0700
71.7700
71.4200
71.9100
71.9100
72.2000
72.0700
70.9900
71.2700
71.8400
73.6900
73.7500
73.8900
73.8000
74.1800
72.9900
72.1900
71.9600
71.7000
73.0000
74.6900
74.1800
74.0500
73.3100
73.4000
74.9400
74.7200
74.9700
74.8100
73.6900
74.5600
74.2800
74.0900
74.7200
74.6900
75.1000
74.8300
74.8800
74.6700
73.5800
73.6000
73.3700
73.6600
73.6600
72.6400
72.4600
71.0600
70.0800
72.0200
71.9200
72.4000
73.5200
74.0200
74.5300
74.6900
74.2300
73.9300
72.6900
66.1100
65.0000
66.2800
65.0700
64.5700
64.1800
63.6300
64.4500
65.0200
65.6000
66.1800
66.9000
67.2800
66.9500
66.4000
65.9600
67.2800
67.6100
67.7100
67.2100
66.7000
65.6400
66.8300
66.0100
61.0900
62.5700
62.7700
61.3500
61.7700
61.1300
60.9900
61.5000
59.9800
59.1400
58.0000
58.0600
58.5100
57.5100
57.0200
56.3400
58.0300
56.9100
57.0300
57.7600
58.2500
58.9400
59.7100
60.4800
60.3800
59.4300
60.2100
61.5900
61.3800
61.5100
62.0800
61.5500
61.5300
61.2400
61.3600
61.6200
62.4400
62.1500
62.9700
62.5500
61.9900
61.6000
61.2200
61.0700
61.8400
63.2900
63.4600
65.3700
64.8300
63.9900
64.7500
64.6700
64.0400
64.8700
65.4600
65.4500
65.9500
66.7000