36.7800
35.6400
34.6700
35.3300
35.0400
35.1300
34.7500
34.4300
33.9800
33.7300
34.6500
37.5100
36.8500
37.2400
37.6600
37.8000
37.5600
37.2800
37.4300
37.7400
39.4000
39.4300
40.3500
39.9300
39.4100
39.7800
41.1100
39.6900
38.9800
39.1200
39.8800
42.7400
42.2000
43.0000
42.6300
43.2800
43.0800
43.2600
43.5800
43.0000
43.3100
43.5500
42.3200
40.9500
41.5800
41.8400
42.9400
42.5300
43.5100
42.8700
43.3300
43.3900
44.0600
45.3100
46.0200
45.1900
45.6200
46.3300
46.0600
45.2900
44.6700
44.7700
45.0500
45.4700
44.7100
43.7200
42.7700
42.0200
40.8700
40.9400
40.1300
39.7900
40.4400
40.1100
39.6700
38.7400
38.6800
38.6800
39.2600
39.4100
39.0300
38.8300
40.6800
39.2900
38.4800
38.4200
37.9900
37.8100
37.7800
35.7000
36.0800
35.7900
35.1700
34.6400
34.2700
33.0600
33.5200
33.2600
32.8600
28.8200
28.6100
29.7100
29.6000
29.7600
29.4400
29.9000
31.1400
32.0700
31.3100
30.3300
29.6500
30.2600
30.1800
30.0900
30.7300
30.7800
30.9000
30.9700
29.5500
30.1600
30.0200
29.6600
30.5900
29.8900
31.8200
30.9500
31.1000
31.1200
29.7600
29.1400
28.8300
28.7600
28.3700
28.6000
28.6200
28.5400
30.2600
31.1200
31.1900
30.6000
31.2400
31.4700
32.0900
32.9100
32.4900
32.6700
32.0900
31.6100
32.3400
32.0600
33.4500
32.9800
32.1300
32.5800
31.8100
31.4200
31.7500
32.9700
33.4600
33.0800
33.1400
33.3900
33.4000
34.7800
34.9100
34.6800
34.9300
34.1300
34.5200
34.6200
34.5500
35.5600
35.8000
35.0800
35.1800
35.2000
35.2800
35.8100
35.4100
35.4600
35.7400
35.5100
36.2600
35.4000
34.4200
32.9700
33.2300
32.8800
32.9400
32.4500
31.3700
31.0400
30.5900
30.5200
30.2100
29.3100
29.1900
28.9300
29.1900
29.7700
29.9000
30.2700
29.9500
29.9000
28.7700
28.1800
28.1300
27.8800
26.9100
28.1000
27.7400
27.9800
28.1400
27.7300
27.3100
27.3400
26.8200
26.3300
27.1200
30.2000
30.2600
30.8900
30.6100
30.4500
31.1500
31.3600
31.3100
31.3600
31.8800
31.7100
32.1400
32.0500
32.8100
32.9200
33.4300
33.5700
33.8500
33.2500
33.0400
32.9900
33.1800
34.2600
34.3100
34.0700
33.8200
33.7000
33.5500
33.4200
32.8200
33.5500
34.3000
34.1700
34.0800
33.2400
32.5000
32.2100
32.4200
33.0600
33.2400
33.4800
34.2300
34.4700
34.3600