40.6600
40.6100
40.9600
41.0100
41.4100
42.0000
42.2600
42.5200
42.1700
41.9300
41.2200
42.1200
43.0700
43.1700
42.7900
42.2600
41.0800
41.6700
41.3600
41.1700
42.1500
42.4000
44.0900
44.1500
44.1700
44.1900
44.0600
43.6300
43.6500
43.4100
43.1800
43.8500
43.8800
43.7300
43.0200
43.8800
43.8600
44.4300
44.3900
44.4100
44.9600
44.9300
44.3300
43.4900
43.6400
43.9700
44.2800
44.6200
45.5700
45.9400
47.2000
47.2700
47.6200
47.6100
47.4000
46.9500
47.2600
47.9000
47.4800
47.5300
47.1000
47.4500
47.8300
47.9000
47.0400
47.1000
46.2200
45.3000
46.0200
46.7900
45.7000
46.1600
46.8700
46.5500
46.4600
46.3200
45.8100
46.4200
46.9100
47.1700
47.5800
47.5600
47.8200
47.1200
47.0400
46.6100
46.7300
46.2300
45.1600
45.3700
45.1200
44.1900
44.3700
43.9700
43.5700
43.1700
43.3100
43.3700
43.5200
43.6600
43.4900
43.9400
42.8500
43.1800
41.7200
41.5900
41.4700
42.3900
42.7600
43.2700
42.8200
43.6900
43.0300
43.6400
44.3500
43.9900
44.6400
44.5300
43.2900
43.9400
43.4600
43.7300
43.9500
44.0100
46.0200
46.3500
46.6200
47.0500
46.4900
46.4400
45.8000
46.6600
45.8200
47.0500
47.0300
47.0700
46.2400
46.0000
45.3000
45.0600
44.8100
44.5700
45.4400
46.2500
45.7100
45.4000
45.0500
44.0900
45.4800
45.3000
46.0100
46.0800
46.1700
46.2200
46.2300
46.3300
46.4900
47.1800
47.2400
47.1000
46.9500
46.8800
46.1800
46.4700
46.2700
46.3100
46.3800
46.1700
46.4400
46.7500
46.7400
47.9100
47.9900
47.1000
47.4400
47.9400
48.8800
49.1300
48.6400
48.5200
47.8300
47.7500
47.8400
47.7600
46.9600
46.4100
46.5500
46.4200
46.8800
47.2000
47.4700
47.7100
47.3500
47.1100
46.7500
46.8000
47.0500
46.2900
46.6600
47.5300
48.2100
48.3200
47.1000
47.1900
46.9300
47.0900
47.3300
47.1700
47.8000
48.3000
47.8000
48.6100
48.7600
47.0100
46.5400
46.6400
46.9800
46.6600
46.0900
46.5200
46.8500
47.3500
47.6700
47.8100
48.2900
48.2000
47.8800
47.9500
48.1300
48.0200
48.0600
47.5700
47.4400
47.6500
47.8500
47.7300
47.9500
47.7200
47.5500
47.1200
48.7000
49.4900
49.6000
50.2100
50.1600
50.1700
49.9000
49.9400
49.9500
50.1600
51.8100
51.7900
53.4200
53.0900
52.1400
52.1500
52.4100
52.5700
52.5200
52.8100
49.7800
50.0500
50.2500