35.7000
35.0700
35.0500
35.0000
34.5100
34.4700
34.2400
34.2600
34.2300
34.2100
34.1200
33.5300
34.3600
34.4300
34.5500
34.9100
35.2700
34.7300
34.5400
34.7500
35.1600
35.1100
35.3000
35.2700
35.4900
35.6200
35.4600
35.2000
34.9900
34.9000
35.5200
36.1600
36.1000
35.9900
35.9400
35.7400
35.8600
35.6700
35.3700
35.9000
36.0400
36.0800
36.5100
35.9100
36.2400
36.6800
36.8400
37.1100
37.5500
36.7400
36.7100
36.4300
36.3500
36.5300
36.3700
36.3800
36.7400
37.1400
37.1800
36.8900
37.2100
37.1200
37.0500
37.3400
37.0300
36.8900
36.7900
35.9100
35.7200
35.7200
35.8000
36.2000
36.3100
36.1900
35.9200
36.4600
36.0800
36.4100
36.5700
36.7000
36.8200
36.7700
37.0900
37.0300
35.8200
36.0600
35.8900
36.2300
36.1800
36.4600
36.5700
36.2000
35.7800
35.5500
35.1000
34.9400
35.7300
36.2500
36.2700
36.3200
36.3600
36.7500
35.9500
36.0100
36.4200
36.2200
36.2100
37.0000
37.1000
37.3900
37.3200
37.4000
37.5800
38.1000
38.4800
38.7100
38.5700
38.0300
37.5700
37.7600
37.5900
38.0100
38.3300
38.3400
38.8100
39.1000
39.2600
38.7600
38.6900
38.5600
38.7200
38.8300
39.0800
39.8800
39.5800
40.0300
40.2600
40.4800
40.2600
39.7800
39.3300
39.4800
40.0500
39.9600
40.5700
39.8800
39.1000
39.2500
39.5700
39.5700
39.4800
39.4500
39.2000
39.5900
39.2900
39.1500
39.0200
38.7700
38.5400
38.6800
38.2100
38.1700
37.7400
37.9700
37.9600
38.0200
37.8000
37.7100
37.6700
38.0100
37.6800
38.1600
38.2400
38.1200
37.9400
37.5900
38.3200
37.7500
37.2800
36.9400
37.0100
37.1700
37.4300
38.0800
38.0400
38.1000
37.9200
38.2300
38.6500
38.7700
38.8400
38.8000
39.1400
39.1000
39.4300
39.0400
38.8700
38.6800
39.1000
39.1000
39.5000
39.8000
39.7100
39.5600
39.0500
38.8300
39.0100
38.9600
39.3000
39.2400
39.4100
39.0300
39.1800
38.3700
38.2200
38.1400
37.9600
38.2300
37.9900
37.8600
38.3200
38.1700
38.0900
37.8900
37.7300
38.1100
38.3900
38.0900
38.1600
38.7400
38.5600
38.4600
39.2900
39.2500
39.2700
39.1400
39.5300
39.7100
39.3400
38.6900
39.2700
39.6800
39.4500
39.4500
39.2300
39.1500
38.7700
38.7800
38.4400
39.0800
39.8200
39.6000
39.6400
39.2100
39.0000
39.1200
39.3100
39.1900
39.0400
38.9800
38.6700
38.7000
39.2100