40.5200
40.8800
40.9500
41.1700
41.0800
41.5800
42.1100
42.2700
41.8600
41.9900
42.6200
42.9000
42.8700
42.9000
43.2000
43.7400
44.1300
44.5000
44.6000
44.4900
44.8200
44.5600
45.4100
45.1300
45.3300
45.3100
45.4000
44.4700
43.9200
43.3700
43.1600
44.1400
43.9100
44.3600
43.5700
43.6300
43.8600
44.1500
44.0300
43.5300
43.8300
43.5700
42.5200
41.3100
41.4500
41.6500
42.2500
42.3200
43.6000
43.9100
43.4500
44.2300
44.8000
43.8300
43.5800
42.8900
43.1500
43.7600
43.4700
42.5500
42.8100
42.9500
43.4900
42.8200
42.1000
41.6900
41.1200
40.7000
41.1500
42.2500
41.5700
41.6800
42.3200
42.2000
40.0900
39.6700
38.9200
38.9000
39.3400
39.5000
39.3300
39.2100
39.4400
38.9900
38.5800
37.8300
37.5500
37.3500
37.2600
37.0500
36.8900
36.7200
35.7900
35.0700
34.7900
34.3900
35.1000
35.3900
35.8900
35.7300
36.1100
36.6100
35.9100
35.7600
35.7700
35.6700
35.7100
36.7700
37.3000
37.2200
36.1300
36.1100
36.0600
36.5300
37.6100
37.5400
38.4300
38.2300
37.3600
36.9200
36.0600
36.5000
36.6700
37.0900
37.9000
37.8700
38.9000
38.8600
38.3500
38.2600
37.7000
37.7900
37.7000
38.4200
38.0300
38.2800
38.7100
38.2300
37.9600
37.8500
37.1200
36.8200
37.3000
38.4800
38.5000
39.2000
39.0100
38.4800
39.4400
40.2200
40.6700
40.5600
40.6800
40.7600
40.1400
39.6800
39.5600
39.9600
39.9700
40.2200
40.3400
40.5500
39.1400
38.7000
38.5000
38.3000
38.2400
37.7000
37.6500
37.1100
37.0000
38.0900
39.4000
39.1300
39.2800
39.0000
40.4700
40.7500
39.8500
39.8300
39.5800
39.7100
39.4900
39.5500
38.4000
38.0900
38.3500
38.2600
38.2700
37.8200
37.9800
38.6600
38.5800
39.3300
39.5000
38.8600
39.0100
38.5800
39.0500
39.8700
40.4100
41.0000
40.5300
41.1200
40.3700
40.4900
40.2300
40.2200
40.1300
41.5300
40.6400
40.9500
41.4800
40.5600
40.0400
40.5400
40.4000
40.1300
39.5500
39.3600
39.4300
40.5100
40.3300
40.6800
41.1400
41.0600
40.4700
40.7300
41.0400
41.1800
40.2800
40.7400
40.8100
40.6800
40.7200
40.7800
41.7500
41.2200
41.1900
42.2800
42.7600
43.6400
43.4500
43.9700
43.5200
43.5300
43.7400
43.1500
42.4400
43.1600
44.7800
44.6900
45.2800
45.4800
45.0100
45.2500
45.4700
45.4300
45.5300
46.0600
45.9100
46.6400
47.5200