14.0400
14.2000
14.7100
14.5400
14.5400
14.4800
14.1900
14.1000
13.7300
13.5200
13.9800
14.3500
14.2200
14.6100
14.9400
14.8500
14.7100
14.9100
14.8000
14.7700
14.9300
15.4900
15.8200
15.7000
15.7400
16.3100
16.3000
15.9000
16.1500
16.2400
16.1700
16.4500
15.8500
15.9300
15.8200
15.9100
15.7900
15.4700
15.3300
15.1500
15.2500
15.3800
14.8600
14.7200
14.8100
14.8600
14.8200
14.5900
14.7900
14.3700
14.5800
14.6000
14.6400
14.4000
14.4600
14.4400
14.5500
14.7200
14.8200
15.1600
15.2300
15.4000
15.3300
15.0800
14.6500
14.6300
14.4400
14.1600
14.3400
14.6800
14.1600
13.9900
14.0200
13.8700
13.6600
13.3900
13.2300
12.8200
13.0800
13.0900
12.9800
13.0000
13.2300
12.8500
12.6300
12.2600
12.4700
12.4600
12.5100
12.4200
13.2100
13.1300
13.0000
12.7400
12.6500
12.0800
12.2900
12.1400
12.4400
12.1100
12.4000
12.7200
12.5700
12.4300
11.9800
11.7300
12.0700
12.3900
11.8900
12.1200
12.2600
12.5100
12.1800
12.0300
12.2900
12.4000
13.2400
13.4500
12.8400
13.0000
12.5900
12.7300
13.1400
13.2400
13.8200
13.4500
13.8000
13.6600
13.4000
13.2200
12.8200
12.6100
12.4000
12.5600
12.6000
12.3700
13.0600
13.1900
12.8100
12.9800
12.8400
13.0900
13.1500
13.4800
13.3300
13.5400
13.3900
13.4400
13.7200
14.0100
14.1500
14.2300
14.7100
14.6200
14.8100
14.5900
14.4800
14.7800
14.6500
14.6500
14.6100
14.6400
14.3100
14.6000
14.3500
14.2900
14.3200
14.0500
14.0300
13.2800
13.3200
13.7300
13.4000
13.2800
13.4400
13.5900
13.6800
13.8400
13.4600
13.5500
13.7100
13.6100
13.6700
13.6600
13.4100
13.1800
13.2800
13.3400
13.1200
13.1700
13.0400
13.6200
13.3000
13.1700
12.8900
12.6700
12.7400
12.6300
12.7900
13.1600
13.0600
12.8600
12.1100
11.9700
12.3300
12.1700
12.1800
12.0500
11.9800
12.5500
12.4900
13.0200
13.0100
12.6100
12.6800
12.1900
11.9200
11.8300
11.5400
11.5900
11.3800
11.7000
11.4900
11.8200
11.9000
12.1100
12.1600
12.2600
12.0400
11.9700
11.7500
12.1000
11.9600
11.9800
11.9600
12.3600
12.6500
12.5200
12.5300
12.5900
12.5400
12.5600
12.6500
12.6400
12.3500
12.2500
12.2400
12.1600
12.1000
12.2600
12.7200
12.7300
13.1500
12.7700
12.4900
12.2100
12.2300
12.2100
12.2000
11.9800
12.0900
12.2500
12.1700