16.2300
16.2700
16.6600
17.0000
17.1800
17.1900
17.3600
17.4300
17.1900
16.9400
17.1900
17.4600
17.3000
17.1900
17.0700
17.3300
17.4300
18.8200
18.6000
18.4700
18.5500
18.3900
18.7200
18.9000
19.1700
19.0300
19.3000
18.8800
18.9700
18.9100
18.7200
19.1000
19.2600
18.9900
18.8200
18.5100
18.3800
18.3500
18.2900
18.3000
18.5100
18.1700
18.0200
17.2800
17.4800
17.9500
17.9200
17.6700
18.4600
18.6500
18.7200
18.4700
18.3000
18.1600
18.1300
17.9600
18.1200
18.2600
18.0700
17.9100
17.8800
17.8100
17.8700
17.9700
17.4900
17.4600
17.1100
16.7900
16.8900
17.2400
17.1300
17.1900
17.4400
17.3400
17.3600
17.4000
17.2100
17.4800
17.8500
17.9600
18.5700
18.2000
18.2700
18.6000
18.6500
18.5600
18.6400
18.3600
18.2700
18.4300
18.3200
18.2600
18.0100
18.1000
17.6000
17.6900
17.9500
17.9600
18.2300
18.3900
18.9400
19.0300
18.4900
18.4000
17.6600
17.6400
17.5700
18.0400
18.0500
17.9900
18.1200
18.4800
18.2800
18.4100
18.4900
18.5700
18.4500
18.4000
18.0200
18.0100
17.6100
17.4300
17.4000
17.4700
18.1400
18.1600
18.1200
18.6400
18.2900
18.0300
17.7000
17.4200
17.4000
17.7000
17.5100
17.7600
17.9900
18.3300
18.1200
17.5600
17.4300
17.4300
17.7000
18.0900
17.7800
17.6500
17.2800
16.6700
17.0700
17.1700
17.4200
17.4200
17.2500
16.9800
17.0400
16.8900
16.8800
17.2100
17.6000
17.6500
17.6600
17.5100
17.5500
17.6500
17.2900
17.3600
17.5200
17.7200
17.9300
17.9700
18.0800
18.5900
18.7600
18.7500
18.8000
18.9600
19.0200
19.7100
19.3900
19.5700
19.5300
19.2800
19.3100
19.2600
19.0800
19.1400
19.1000
19.0900
18.8700
18.8700
19.0600
19.3600
19.4800
19.5900
19.4800
19.5900
19.6100
19.7500
20.2100
20.4600
20.7100
20.9300
20.6000
20.4600
20.4600
20.2600
20.0900
20.5900
20.6400
21.0800
21.0400
21.1100
21.2900
21.0500
20.3500
20.3400
20.4900
20.4900
20.5000
20.6000
20.9400
21.3500
21.3200
21.1500
21.3500
21.2900
21.3600
21.4900
21.7500
21.8100
21.7400
21.6600
21.7100
21.7800
21.9100
22.2500
21.9200
22.1700
21.9000
21.9700
21.9300
21.9100
21.6700
21.7300
21.8200
21.9400
21.8200
21.9700
21.8200
22.2700
22.6100
22.4600
22.5500
22.1400
22.2100
22.2600
21.9500
21.8000
22.0600
22.3500
22.4700
22.9300
23.1200