18.3500
18.2200
18.4900
18.3000
18.3500
18.6500
18.8000
18.8900
18.6100
19.0200
19.2800
19.7300
19.1900
19.2100
19.0700
18.7800
18.8200
18.8800
19.0900
18.8300
19.2200
18.9400
19.2800
19.5600
19.5000
19.6200
19.2100
19.1800
19.4100
19.1500
18.8400
19.0100
19.6000
19.5400
19.3000
19.6500
19.5600
19.4900
19.8100
19.8700
19.9700
19.8100
19.4900
19.1100
19.4300
19.6100
19.8300
19.4600
19.9600
20.0200
20.1900
20.0100
20.1200
19.8800
19.9700
19.7200
19.7900
20.1900
20.2500
19.7400
19.4400
19.7100
19.9200
19.9400
19.4200
19.4900
19.0300
18.6600
18.8500
19.3500
19.1500
19.1200
19.3900
19.2700
18.8900
19.0100
18.9800
19.2300
19.2700
19.6100
19.5800
19.6100
19.7900
19.8900
19.7100
19.1800
19.4000
19.3300
19.3800
20.3200
20.2200
20.1400
19.9300
19.7300
19.4600
19.2700
19.5000
19.5400
19.1800
19.3800
19.4300
19.6900
19.4000
19.2000
18.5500
18.5900
18.6100
19.4000
19.2900
19.4400
19.1400
19.7000
19.5700
19.8600
20.0700
20.0900
20.2400
20.4800
20.1600
20.3600
20.0900
21.7600
22.3100
21.9900
22.2900
22.8500
22.7300
22.4400
22.1300
21.9200
21.8600
21.6900
21.5600
21.9500
21.8500
22.2900
22.3700
22.4000
21.9900
21.8200
21.7500
22.0800
22.5900
23.3800
23.2700
23.0200
23.0100
23.1400
23.4700
23.6000
23.8600
23.7200
23.6700
23.3900
23.2700
23.3000
23.4000
23.5100
23.2600
23.0600
23.3300
23.5300
23.3100
23.3100
23.3800
23.2800
23.3900
23.1300
23.3900
23.5300
23.7500
24.5000
24.4700
24.1500
24.3500
24.1500
24.3600
24.6700
24.6000
24.4800
24.8800
25.0200
24.9600
24.8200
24.4500
24.3400
24.6500
24.5100
24.5500
24.6400
24.7600
25.0400
25.1900
25.1300
24.6200
24.3400
24.2100
24.1100
24.3600
24.7700
25.2000
25.4200
24.9100
24.7300
24.1000
24.4300
24.0900
23.7900
23.9300
24.2600
23.8900
23.9200
24.2800
24.6700
24.3600
24.4200
24.2900
24.1400
23.5400
23.1200
23.2900
23.9700
24.0100
23.8200
24.3000
24.1300
23.9300
24.3700
24.7200
24.6400
24.5300
24.5100
24.2500
24.6000
24.8700
24.8600
24.9300
24.7900
24.6600
24.4400
25.0600
25.4900
25.2300
25.4200
24.9500
25.1500
24.9100
24.8900
24.6100
25.5100
26.6100
26.2600
26.5000
26.2000
26.1300
26.3900
26.9700
26.9300
26.8000
27.0400
26.9900
27.4700
27.2600