7.7700
7.7000
7.7500
7.7800
7.7200
7.7700
7.7800
7.9800
8.0800
7.9500
8.0500
7.9100
7.7000
7.7500
7.9500
7.9700
7.9900
7.9000
7.5900
7.4500
7.6700
7.5900
7.7400
7.5400
7.4900
7.3700
7.4800
7.2600
7.4000
7.2900
7.0400
7.1500
7.2900
7.0200
7.0700
7.3100
7.1300
7.0000
6.8200
6.5900
6.7100
6.5500
6.7300
6.5500
6.5200
6.6100
6.6600
6.5000
6.5900
6.5800
6.7900
6.8000
6.8700
6.9200
6.8200
6.6400
6.8600
7.0400
6.8900
6.7700
6.7500
6.7900
6.7700
6.6700
6.6200
6.5800
6.4000
6.2800
6.3200
6.4200
6.3000
6.2000
6.3400
6.1100
6.3800
6.3400
6.4000
6.3200
6.4700
6.3400
6.3400
6.3100
6.2600
6.1800
6.0600
5.9800
6.0100
6.1400
6.3400
6.5100
6.4300
6.4200
6.3900
6.3600
6.3200
6.1900
6.2600
6.1600
6.3100
6.5400
6.5500
6.8600
6.6900
6.6500
6.3600
6.3100
6.5000
6.7100
6.6100
6.7200
6.4400
6.5500
6.4000
6.5500
6.6700
6.8200
6.9700
6.9500
6.8400
6.8900
6.6600
6.8600
7.4100
7.6600
7.8000
7.9600
7.9800
7.7900
7.6800
7.7000
7.5300
7.4600
7.4100
7.4700
7.4600
7.4600
7.5700
7.4800
7.4100
7.1400
7.0500
7.0500
7.8000
7.9100
7.8100
7.7500
7.6300
7.6100
7.7800
7.9600
8.0800
8.5700
8.8300
8.9000
9.0600
9.0900
9.2200
9.3900
9.4000
9.3600
9.2600
9.2000
9.0700
9.2200
9.1100
9.1800
9.2700
9.1600
9.1900
9.3400
9.2800
9.5300
9.5800
9.5000
9.5500
9.5300
9.6600
9.8000
9.7100
9.5000
9.5000
9.5200
9.5800
9.5900
9.6000
9.6000
9.9100
9.7600
9.7200
9.7300
9.6700
10.0100
10.2700
10.0600
10.0500
9.9800
10.3500
10.3800
10.8800
10.7100
10.8700
10.8300
10.6700
10.8600
10.5600
10.6500
8.3100
8.1900
8.1800
8.8000
8.7800
8.4800
8.6900
8.1600
8.2100
8.4100
8.2000
8.2900
7.9700
7.8600
8.0600
8.0700
8.0800
8.1300
8.1800
8.1100
8.0400
8.2400
8.3700
8.1100
8.1200
8.0600
8.1300
8.2800
8.3700
8.4000
8.4300
8.2800
8.2600
8.3000
8.4100
8.6800
8.8300
8.7900
8.6300
8.4800
8.3300
8.2700
8.2400
8.5300
8.7200
8.8500
8.6800
8.6400
8.6100
8.6400
8.6500
8.5000
8.4300
8.3100
8.3100
8.6000
8.6000