27.2200
27.2200
27.1200
26.9700
26.5700
27.7900
27.7700
27.6100
26.7500
26.4800
26.9000
27.2100
27.4500
27.4300
27.2400
27.4600
27.3900
27.5700
27.0400
26.5600
26.4300
26.9400
27.4900
27.7200
27.8200
28.0400
27.6900
28.9400
29.3600
29.4600
29.1700
29.2900
29.4600
29.4700
30.2700
30.3700
30.8400
30.8900
30.5400
29.7700
29.6700
29.7200
29.4500
28.5400
28.5800
29.0400
29.2700
29.4500
29.8400
29.3600
29.7300
29.6100
29.7700
30.3100
30.2100
29.8100
29.5700
30.4400
29.9500
29.4300
29.5400
30.0100
30.0800
29.6200
28.6700
28.3100
28.0000
27.4800
27.5000
27.8400
27.4900
27.3400
27.4700
27.0200
26.7400
26.8600
26.6600
26.6900
26.9800
27.0400
27.0700
25.7500
25.6100
25.3800
25.2700
25.5700
25.4100
25.4500
25.5500
25.5600
25.4000
25.2800
25.1200
24.7500
24.5300
24.6100
25.2600
24.8200
24.8300
24.5000
24.4700
25.0000
24.4100
24.3100
23.7200
23.4100
24.0500
24.7800
24.7700
24.6000
24.1300
24.5700
24.1100
24.2500
24.3300
24.5200
25.0400
25.2000
24.7100
25.1100
24.5400
24.6900
24.8700
25.1700
25.5800
25.7000
25.8800
25.3700
25.2600
25.1200
25.1200
25.4300
25.2300
25.8600
25.8700
26.1600
26.1700
25.8400
25.6300
25.3800
25.3100
25.3800
25.8600
26.3100
25.9400
25.4800
24.9300
24.5800
24.9100
24.5600
24.9400
24.9700
24.9800
24.9100
25.0200
25.2000
25.1700
25.6400
25.8200
26.1100
26.0600
25.8600
25.4000
25.2400
25.1000
25.0300
25.1200
24.8000
25.0500
25.4400
25.3900
25.9600
26.3500
25.9300
26.0200
25.7200
26.2700
26.8700
26.6900
26.0500
26.1100
25.8500
25.7000
25.2900
24.8500
24.6400
24.7700
24.6500
24.7000
24.6100
24.5900
24.9900
25.1200
24.9500
24.7000
24.3500
24.2600
23.8000
24.0400
24.4700
24.6600
24.7900
24.4100
24.8600
24.6900
24.8900
24.7600
24.8400
24.7600
25.1200
25.2900
25.6100
24.2700
23.4300
23.1700
22.9500
23.2600
23.2800
22.2800
22.5400
22.5500
22.7300
22.7300
22.7200
22.8800
22.9000
22.6700
22.9500
23.2000
23.3500
23.2100
23.0800
23.3500
23.4800
23.5300
23.5000
23.3700
23.4400
23.1800
23.4500
23.6600
23.8400
24.0500
32.2500
32.2500
31.8900
31.9200
31.6900
31.6300
31.5400
31.8700
32.2600
32.7400
32.3400
32.3100
32.3900
32.4500
32.7300
32.7400
32.5900
32.4700
33.0100
33.3300