2.2100
2.1800
2.1500
2.1200
2.1300
2.1800
2.3500
2.3600
2.2800
2.2900
2.4800
2.5600
2.6000
2.6600
2.7700
2.8600
2.8500
2.9400
2.7800
2.7300
2.8500
2.8900
3.0600
3.0400
3.0100
3.0500
3.1500
2.9900
3.0800
3.1000
3.0500
3.1000
3.2600
3.1300
3.0000
3.1100
2.9400
3.0200
3.5900
3.3000
3.3500
3.2500
3.1800
3.0900
3.1600
3.1900
3.2600
3.2000
3.4100
3.3900
3.4900
3.5200
3.5700
3.6200
3.6200
3.6200
3.5400
3.7900
3.7300
3.6100
3.6500
3.4500
3.4100
3.4000
3.3100
3.2500
3.1700
3.0000
3.1200
3.2700
3.0600
3.1100
3.3100
3.1700
3.1500
3.0300
2.9800
3.0400
3.0800
3.1300
3.2000
3.0400
2.8500
2.6700
2.5600
2.4500
2.4700
2.3600
2.3400
2.3400
2.3000
2.3400
2.2900
2.2300
2.1300
2.0700
2.2400
2.2600
2.2600
2.2400
2.2100
2.2200
2.1800
2.1500
2.0500
2.0500
2.0200
2.1100
2.0800
2.0800
2.0200
2.0800
2.0100
2.0600
2.0500
2.0900
2.2100
2.2400
2.2100
2.2400
2.0700
2.0700
2.1000
2.0500
2.1600
2.2200
2.2400
2.2000
2.1900
2.1900
2.1600
2.0300
1.9900
2.0000
1.9300
1.9000
1.9200
1.9800
1.9400
1.9000
1.8500
1.7900
1.7500
1.7800
1.7200
1.7800
1.6600
1.7000
1.7800
1.7400
1.6500
1.6300
1.6100
1.6400
1.5800
1.6000
1.5500
1.6100
1.6900
1.5900
1.5800
1.5500
1.5200
1.5300
1.5100
1.5300
1.5300
1.5100
1.5300
1.6100
1.9200
1.8600
1.8800
1.8400
1.8900
2.2900
2.3600
2.4700
2.6000
2.5900
2.6900
2.6100
2.6500
2.6200
2.5800
2.5700
2.5800
2.5600
2.4700
2.3200
2.2700
2.4600
2.2800
2.3200
2.3100
2.2600
2.3700
2.3400
2.3600
2.3500
2.3300
2.4300
2.4100
2.5800
2.5300
2.4700
2.4500
2.3900
2.4800
2.5200
2.5200
2.5100
2.9900
2.8800
2.7600
2.8600
2.9000
2.9700
2.8700
2.9600
2.7900
3.0000
2.9800
3.0300
3.0500
3.1200
3.2500
3.2700
3.3500
3.3600
3.3100
3.2900
3.2800
3.3100
3.3000
3.4100
3.4200
3.3700
3.4400
3.4200
3.4900
3.5400
3.5600
3.3800
3.4700
3.3700
3.3300
3.2100
3.2700
3.2800
3.4600
3.6000
3.6600
3.6400
3.6200
3.5800
3.6500
3.7600
3.8000
3.8700
4.0300
4.2300
4.6500