20.2400
20.7100
20.6800
21.3000
21.2100
21.6500
21.6300
22.3300
21.9900
21.7800
22.8300
23.3700
23.3400
23.2500
23.1400
23.2200
24.4100
24.6700
24.4300
24.0500
24.2900
24.2600
24.6400
24.7300
24.7100
24.7200
24.8300
24.2800
24.2900
24.0100
23.8500
24.1200
24.0500
24.5900
24.2600
24.2300
24.5000
24.5200
24.1600
23.9000
24.2600
23.7400
23.5700
22.8100
22.6900
23.6800
24.1000
23.8000
24.5600
24.2000
24.4500
24.2100
24.5500
24.0800
24.1100
23.4100
23.3500
23.8500
23.9600
23.5600
23.4700
23.3400
23.3700
23.1800
23.0100
22.5700
22.4300
22.0100
23.5200
23.8000
23.7000
24.2100
24.4900
24.2600
23.9000
23.9900
23.8200
23.8400
24.5000
23.7700
23.4500
23.2500
23.4100
23.0500
22.6900
22.0500
22.0000
22.0800
22.1300
21.8400
21.7300
21.2800
20.7400
20.1600
19.6000
19.4300
19.8700
19.6500
19.5500
19.7600
19.6100
20.2200
19.4700
19.5400
18.5000
18.1600
18.4800
19.1400
19.4600
19.3800
18.5200
18.8900
18.5500
18.7500
19.0900
18.9300
19.2400
19.3400
18.7700
18.7000
18.2700
18.2300
18.4200
18.4100
19.1700
19.1400
19.7000
19.8200
19.1500
19.0100
18.9600
18.8300
18.6300
19.2200
18.7600
19.1300
19.0700
20.0500
19.6400
19.2200
18.7400
18.6200
17.5800
17.9700
18.2100
18.4500
17.9500
17.5700
18.1100
18.3400
18.2200
18.2400
18.5800
18.4600
18.3500
18.2800
18.3500
18.7500
18.7800
18.8600
18.6200
18.5700
18.3600
18.1400
17.9800
17.7900
17.7100
17.6000
17.4800
17.0700
17.2500
18.7800
19.6600
19.6200
19.7600
19.3300
19.7400
19.9700
19.3100
19.4000
19.4500
19.2800
19.0700
19.0800
18.8400
18.8800
18.9300
18.7600
19.1500
19.0700
18.9600
19.3600
20.2100
19.9900
20.0800
19.6100
19.7600
19.7000
20.1600
20.6100
20.6200
20.6000
20.1100
19.9100
19.7600
19.4100
19.9300
19.5600
19.4900
19.9800
19.6600
19.5600
19.6600
19.2900
19.2900
19.1900
19.0300
19.0100
18.5700
18.6800
18.7900
19.3800
19.1700
19.5000
19.7900
19.6200
19.3100
19.7700
19.9900
20.0300
19.3400
19.2600
19.2400
19.1900
19.8100
20.0200
20.2300
19.9400
19.7200
20.0800
20.5000
20.7700
20.9700
21.3700
20.9200
21.0400
21.0300
20.9900
20.7700
21.2700
21.8200
22.2500
22.5400
22.3700
22.0800
22.0600
22.2300
22.1000
22.2400
22.3600
22.1800
22.6900
22.8700