45.0000
44.7400
44.1500
44.0400
44.2500
45.3000
45.0500
45.8700
46.4600
46.5900
47.0900
47.6900
46.7100
46.1700
46.1800
46.6700
46.7400
46.5200
46.2600
45.6100
46.7100
46.1700
47.1900
47.3800
47.4700
47.4600
47.9100
47.5600
48.0200
48.0000
47.4200
48.0900
48.4200
48.7300
48.4000
48.7900
48.6100
48.6000
48.8600
49.4400
48.7600
48.3500
48.4000
47.7000
47.8900
48.8900
48.4900
48.5800
49.1400
49.1000
49.8300
50.0100
50.0800
49.8800
49.9000
50.1600
50.1800
51.0000
50.9300
50.4100
50.2700
50.6500
49.9100
49.8900
49.1300
49.4000
48.4200
47.5100
48.2000
49.4900
48.7300
49.1900
48.6400
49.0000
49.3900
50.0500
49.4700
49.7900
50.2500
51.0600
51.5400
51.3100
51.5600
51.8400
52.0500
51.2000
51.5200
51.1200
50.6500
50.5200
51.1300
50.4500
50.4500
50.3600
49.6000
48.4800
49.8600
49.9500
49.8300
50.1000
49.7800
49.7600
48.5100
47.6800
46.3700
46.3800
46.5600
47.2400
47.7300
48.0600
47.6900
47.8500
47.0400
47.1200
47.7100
47.6800
48.1100
48.3200
47.5000
46.9800
46.2600
46.0800
46.5800
46.9600
48.6000
49.1500
48.9600
48.7500
48.2200
47.5500
47.6100
47.5700
47.8400
48.5500
49.1400
49.7500
50.2900
50.0100
49.2800
48.4900
48.2900
48.5700
49.6000
50.4000
50.6200
50.1800
49.5700
49.3900
50.9500
50.7700
51.0500
51.4500
51.6300
51.9300
51.6600
51.4500
51.4300
51.6200
52.3900
52.2800
51.7900
51.5900
50.8900
51.3600
51.2000
51.1000
51.3200
50.8000
51.3700
51.6300
51.6700
52.8400
53.0700
53.3200
53.5300
53.5400
54.0000
53.9400
53.8000
53.7700
54.2300
53.2000
53.7400
53.6400
52.7800
51.7200
52.3600
51.5600
51.6800
51.9600
52.0300
52.4400
52.4900
52.5100
52.4400
51.7500
52.0200
51.7300
52.4600
50.7300
49.8700
49.6500
48.9100
48.9100
48.2300
48.0900
48.2200
48.1100
47.9100
49.1700
48.1800
48.2600
48.6600
48.2400
46.9500
47.0100
47.0200
46.6500
46.0100
45.6200
45.9300
46.8200
46.6000
46.2800
47.4600
47.4900
47.8000
48.5600
49.1500
49.7400
49.4200
49.6700
49.7700
49.6400
49.8200
49.4100
49.5700
49.5100
49.2400
49.2000
49.7700
50.5300
50.6100
50.7800
50.2100
50.0000
49.2100
49.4100
49.1600
49.9600
51.4600
51.6300
51.4700
51.2100
51.4100
51.4500
52.0500
52.2800
52.6900
52.9100
52.7300
53.1800
53.2300