25.8700
26.0100
26.5900
26.9300
27.0300
26.9700
26.8900
27.1700
27.3400
27.6600
28.3400
28.5600
28.7100
28.3900
28.5100
28.5100
28.2900
28.4200
28.6000
28.2100
28.8800
28.8100
29.1100
29.0000
28.9500
28.7300
28.8900
28.5000
28.4300
28.2400
27.9800
28.9500
28.7900
28.7400
28.5500
28.8100
29.2500
29.2600
29.3900
29.2600
29.8300
29.9600
30.2400
29.9500
30.2200
30.0700
30.1300
29.7100
30.1300
29.8400
30.0600
29.7400
29.7600
30.1000
29.4100
28.6300
28.5500
29.1600
29.3500
29.3600
29.3000
29.1600
29.5300
29.3900
29.1600
29.5600
29.0100
28.3500
28.1400
28.7000
28.5000
28.6400
29.2800
29.1300
29.0100
28.8800
28.4800
28.6900
28.8700
29.0200
29.2400
29.4000
29.5700
29.7100
29.3800
28.4100
27.9200
27.9300
27.7800
27.0200
27.0000
26.9600
27.0600
26.7200
26.2500
25.6100
26.2600
26.3600
26.6800
26.1200
26.1400
26.4600
26.1700
26.4700
26.0000
26.2000
26.7100
27.5300
27.1800
27.1600
26.8100
27.0300
27.0200
26.9100
27.7000
27.1200
27.9600
28.4900
27.8100
28.0000
27.6200
27.8300
28.1700
28.1700
29.7000
29.8000
29.9700
29.7200
29.1800
29.1000
29.0500
29.2300
28.8200
29.5800
29.5200
29.9200
30.5000
30.8700
30.1200
29.6500
29.3200
29.2600
30.0000
30.7700
30.5800
30.2000
30.3200
29.9200
30.7200
31.0000
31.5000
31.1600
31.3700
31.6100
31.3600
31.3500
31.5500
32.0300
32.2000
32.0400
31.7500
31.7000
31.5900
31.9500
31.8300
31.5800
31.4900
31.1700
31.6500
31.5700
32.0700
32.6300
32.6000
32.3100
32.3200
32.2600
32.6200
32.9500
33.1000
33.0200
32.7800
32.2600
32.4700
32.2200
31.3000
30.7300
31.2200
31.4600
31.6700
31.6500
31.8200
31.9000
31.3900
31.1800
30.6500
30.5800
30.7200
31.0000
31.3000
31.8700
31.2300
31.1200
30.4800
30.8000
30.5900
30.6000
30.8600
30.9900
31.0800
31.4800
31.2100
31.2500
31.6300
30.7900
30.4200
30.3500
30.3000
30.0200
29.5800
29.9500
30.0000
30.1400
30.2000
30.4000
30.9200
30.9600
31.2200
31.8000
31.8400
32.1800
32.3100
32.3800
32.0000
32.0300
31.9200
32.0700
32.3400
31.9400
31.6100
31.9600
32.3200
32.8800
34.0900
33.9400
33.7600
33.6100
33.6100
33.2700
33.0200
33.3200
34.6900
34.3100
34.6100
34.4300
34.4400
34.4600
34.9100
34.8600
34.9600
34.7000
34.6400
34.6200
35.1100