78.1500
79.3400
80.4100
79.8600
80.4000
80.9000
81.3800
81.8200
81.6000
82.3000
83.6800
84.7800
82.2800
81.2600
81.8100
82.5700
81.9900
82.5600
82.3500
81.5100
81.9800
81.5400
82.8300
82.3600
83.8500
83.4400
84.3400
83.4500
83.2300
84.0000
83.4500
84.5100
84.5500
84.4600
84.7700
86.4000
85.6700
85.6900
87.3400
86.5000
88.0800
88.3300
89.8500
89.3500
90.1000
89.9200
90.4200
90.0600
90.0700
90.2100
90.2100
89.0400
89.5100
89.8500
89.7700
90.3600
90.0400
91.5100
91.2700
90.6900
90.5600
91.3500
92.8600
93.6500
92.8600
92.6500
93.0300
91.4700
93.8200
94.2800
94.3500
94.7600
95.5400
96.9200
95.9900
96.4500
95.3500
95.0000
96.6200
102.6400
105.9800
105.5000
105.6000
106.7100
105.8900
104.3000
104.1200
102.2900
102.3900
103.1300
103.8400
100.8900
101.0300
101.9500
94.3200
93.3000
95.7600
95.3200
96.7300
96.2800
96.3000
97.0800
95.7200
95.7900
93.0500
94.0100
95.1800
98.4600
97.2100
98.0900
97.0700
99.9800
97.5900
98.3400
99.0500
101.4800
101.1100
100.2000
97.1500
97.3500
95.2300
96.4400
82.6100
81.3400
83.7700
85.1000
84.3600
86.5800
86.7400
86.7300
87.2200
88.0200
91.2100
91.7000
90.5900
92.5300
94.5600
94.1500
91.3100
90.3000
88.8800
90.1000
86.9700
87.1700
86.0500
85.7400
85.0700
84.5600
85.7200
86.1000
87.2100
86.7000
85.0000
84.6200
84.9500
84.6400
84.9500
87.2100
87.9900
86.4900
85.7800
85.4200
86.4600
86.8700
86.7200
86.6000
85.9700
84.9500
84.9500
83.4200
83.9800
83.6600
83.2500
85.0600
85.6400
85.6400
81.5300
80.3700
80.4800
81.1700
82.4800
84.0800
83.8900
84.2400
84.4500
84.2400
84.1900
83.6200
83.8400
83.9900
83.4700
86.0100
86.2600
85.6400
85.6200
84.6700
84.3400
83.3000
82.5100
81.6200
80.4400
79.9200
80.5800
80.3200
82.6400
81.7000
84.4600
84.5800
85.8500
88.0500
88.3500
88.0200
89.7100
88.3700
88.9300
89.2700
88.1900
89.6100
88.5100
89.7700
89.9700
91.4800
91.3700
91.5500
92.6300
92.4600
92.0000
93.0100
92.8500
94.0800
93.3200
92.9000
91.3800
90.6800
90.7300
90.2400
91.8900
92.8200
90.7900
89.4800
90.5900
91.9900
91.3900
91.8000
89.9900
90.0000
88.8400
88.7100
88.1000
89.4200
89.8700
90.2100
91.6500
90.0500
89.2000
88.3900
87.7400
88.0100
88.5500
89.7200
88.1700
87.7900
88.9100