96.6300
96.9200
96.1500
95.7700
96.9300
97.8800
96.5800
97.8200
97.6200
99.3000
100.9300
99.8600
100.3700
102.0600
100.9200
103.4600
100.1900
100.2500
99.6200
99.7700
99.3000
98.4800
102.6300
104.0000
104.8400
103.8000
104.2300
102.7000
104.0600
104.0000
103.7600
104.3300
103.9200
104.4100
103.2600
104.6700
103.8600
104.4900
105.4600
104.3700
104.8700
104.3600
103.5200
101.0300
99.8900
100.8600
100.7000
98.4400
99.9800
98.9200
98.9000
100.5800
101.5000
97.9600
97.7300
95.7500
97.6200
99.1700
98.4100
94.8500
94.4300
95.2300
97.4800
96.4700
94.4200
93.2900
91.3800
89.6100
88.8100
91.1200
88.5700
87.2600
88.7300
87.9700
88.2200
88.6100
87.9200
88.2200
90.1100
91.9000
91.7400
91.2200
92.8900
92.3800
89.8200
87.8800
87.7000
86.9300
84.2800
85.0200
83.7600
81.6600
79.9000
79.2300
78.6700
79.6500
80.8700
80.8400
81.1100
81.3800
81.0200
82.8900
80.2900
79.2700
78.5700
80.1600
81.1800
84.5700
84.9400
85.0500
83.1600
83.5800
83.2700
83.4800
85.2400
83.8100
84.0100
84.4100
79.2700
79.4900
77.3300
79.0300
80.2900
80.9400
85.7700
85.9400
88.0400
86.4700
85.2500
85.1900
83.2400
84.5700
83.9400
85.3300
85.4800
86.5500
86.9400
87.1700
87.2000
84.9600
83.7400
83.5200
87.3200
88.6200
89.2300
87.0300
87.8200
85.6500
88.5700
88.2600
90.7400
91.1400
90.5100
91.4000
90.0500
89.8900
89.0300
89.2600
88.7100
88.6200
88.1300
88.8300
87.2600
87.9000
87.5000
87.4500
86.2300
84.2800
85.0100
83.1100
82.6500
84.3000
87.1500
86.3200
86.4400
86.8600
90.4600
91.9500
90.0600
89.2500
87.4700
87.6000
87.3900
86.8100
85.3300
85.0100
86.2600
86.0600
86.3800
85.1500
83.6800
85.3900
85.0100
84.2000
83.4100
82.2200
82.6200
81.9300
81.7000
83.1700
84.6000
85.5200
84.3500
82.8100
81.2800
80.6800
82.5200
80.4400
78.9600
79.0600
78.3300
77.8300
79.5800
77.4500
76.4100
76.6500
76.5300
74.8600
73.9700
73.9200
73.8100
75.4600
74.8700
75.1100
76.1700
75.2400
75.4800
76.2000
76.2600
75.2100
73.5800
73.6900
74.4900
74.5200
75.3700
75.3500
76.0100
76.4200
75.4300
76.1700
76.5200
78.4700
78.2400
79.0200
78.1400
77.5200
76.8900
76.9400
75.3800
76.6100
78.1600
78.4700
79.8400
79.8800
81.7200
82.1100
83.0100
83.0800
82.6700
82.4900
82.2900
82.3900
82.5800