30.4300
30.2300
30.7600
30.7900
31.1300
31.1000
31.1200
31.1200
30.9900
31.2000
31.6700
32.3300
32.3100
32.2500
32.3400
32.4600
32.5600
32.1900
31.5700
31.5100
31.8100
31.6000
31.9500
31.7300
31.7000
31.6500
31.6800
31.3100
31.3100
31.2200
31.1800
31.6000
31.4800
31.3100
31.2700
31.3200
31.4200
31.2300
31.4200
31.3000
31.5900
31.3000
31.4300
31.0300
31.1200
31.3000
31.4900
31.5500
31.8900
31.7500
31.7700
31.8300
31.8700
31.8200
31.9500
31.9800
31.7400
32.1300
32.1000
31.9800
31.3500
30.9900
31.7600
32.0200
31.5200
31.5500
31.0500
30.6300
30.9600
31.2100
30.8300
30.9400
31.1800
30.9700
30.7700
30.7600
30.5800
30.4900
30.9000
31.1100
31.1400
30.9800
30.9000
30.7400
30.6300
29.9200
29.8100
30.0900
29.9100
29.8600
29.9100
29.8900
30.0600
30.2600
29.9100
29.4100
29.7700
29.9000
30.1900
30.4200
30.2900
30.4300
30.1000
29.9700
29.2800
29.3800
29.5100
30.3700
30.6600
31.0100
30.8200
31.0700
31.0600
31.7200
32.0300
32.3300
32.5800
32.5300
32.1100
32.2600
31.7300
31.7600
31.9300
30.9800
31.4100
31.3800
31.4000
31.7400
31.1500
31.4400
31.3300
31.6500
31.5000
31.8700
32.0300
32.4900
33.1900
32.7300
32.4300
32.1700
31.9800
31.9900
32.5400
33.0800
32.8800
32.6900
32.3800
32.0600
32.6100
32.4300
32.5600
32.9200
32.9200
33.1800
33.1400
32.9700
32.8400
33.2800
33.2400
32.7700
32.9000
32.8600
32.9800
33.1900
33.2300
33.2300
33.2400
33.2000
33.2600
33.4700
33.5000
34.2200
34.2200
34.1300
34.1100
33.7200
34.1400
34.4600
34.2400
34.3000
34.4800
34.4700
34.5500
34.3800
33.4100
33.1700
33.2000
33.2900
32.7100
33.0100
33.2700
33.3700
33.5700
33.3500
32.9700
32.7600
32.7000
32.6300
32.8400
32.9700
33.0700
32.9600
32.5500
32.6400
32.7600
32.7700
32.8100
32.9300
32.4200
33.3000
32.9400
32.7500
33.0200
32.6500
32.2200
32.1600
32.2200
32.1200
31.5500
31.5700
31.7400
31.9300
32.0100
32.1300
32.4400
32.2400
32.0800
32.2400
32.4400
32.5400
32.4800
32.7900
32.9700
33.1300
33.1900
33.2600
33.9000
33.8200
33.7100
33.7100
33.9200
33.1600
33.0500
32.3900
31.4000
31.5000
31.1500
31.1100
30.8800
31.1000
31.8500
31.9000
32.1700
32.0200
31.9500
31.9600
31.8500
31.7800
32.2700
32.0800
31.9500
32.0200
32.3800