12.9500
13.1600
13.2100
13.4200
13.4100
13.4400
13.4100
13.5300
13.6600
13.5700
13.4000
13.3900
12.9000
12.9000
12.7700
12.7400
12.6300
12.7200
12.4800
12.3300
12.2500
12.2800
12.5900
12.5000
12.4900
12.5400
12.5200
12.5000
12.5600
12.5800
12.6100
12.7000
12.7800
12.7600
12.3900
12.5300
12.4600
12.6000
12.6200
12.5900
12.7200
12.7200
12.5400
12.3400
12.4600
12.4500
12.5400
12.5600
12.8500
12.9600
13.2800
13.3000
13.4600
13.4100
13.2500
13.2000
13.2900
13.3900
13.3200
13.3500
13.1600
13.2300
13.3000
13.4800
13.2100
13.1100
12.8400
12.5000
12.5900
12.7400
12.4900
12.7300
12.8600
12.7900
12.4300
12.4100
12.3000
12.4000
12.4500
12.5200
12.3600
12.3300
12.3600
12.3900
12.3000
12.1900
12.2400
12.1900
12.0100
12.0700
12.0300
11.9200
11.8800
11.8100
11.7000
11.6500
11.7800
11.9000
11.9600
11.9300
11.9300
11.9500
11.6100
11.6300
11.3900
11.3600
11.3500
11.4000
11.5500
11.7100
11.4100
11.4800
11.5000
11.6000
11.7300
11.7000
11.8200
11.7600
11.6000
11.7300
11.4100
11.3400
11.4700
11.4600
11.6100
11.8200
11.8600
11.8300
11.8900
11.7500
11.6400
11.8400
11.7700
12.0500
12.0900
12.2100
12.0400
11.9800
11.5100
11.3700
11.5100
11.4700
11.5000
11.6200
11.4700
11.4600
11.3700
11.3500
11.5500
11.6500
11.8600
11.9400
11.9600
11.9400
11.9500
11.9100
12.0400
12.1400
12.1600
12.1600
12.0500
12.0700
12.0000
12.0700
11.9700
11.9400
12.0500
11.9800
11.9700
11.9700
11.9700
12.1600
12.1900
12.0400
12.0400
12.1400
12.4400
12.4500
12.1700
12.0800
12.1300
12.0900
12.0000
12.1600
12.1100
12.0600
12.1600
12.1400
12.0400
12.1200
12.2400
12.4400
12.4800
12.3900
12.2800
12.1800
12.2200
12.0400
12.0800
11.9500
11.9800
12.0400
12.2900
12.4200
12.2300
12.1400
12.2400
12.1500
12.0300
12.1700
12.0200
11.9400
12.1200
11.9000
11.7200
11.6000
11.6300
11.4900
11.3900
11.6300
11.6700
11.7900
11.7500
11.6900
11.9000
12.0300
12.1100
12.0600
12.0800
12.1900
12.1000
12.1000
12.1900
12.1400
12.0600
12.1600
12.2800
12.2600
12.1700
12.1600
12.3100
12.4000
12.3200
12.3400
12.1400
12.1300
12.0700
12.0700
11.9700
12.0900
12.4400
12.4800
12.6000
12.5600
12.5600
12.5700
12.6100
12.5900
12.6600
12.6600
12.6400
12.7100
12.3900