18.7200
18.8100
18.9800
18.9800
19.0200
19.1800
19.3300
19.2800
19.2300
19.3200
19.5200
19.4900
19.3900
19.4000
19.3700
19.4000
19.3900
19.3900
19.2100
18.9700
19.1600
19.1200
19.2900
19.2200
19.4900
19.5000
19.5400
18.5000
18.4800
18.5100
18.0800
17.7000
17.8000
17.9700
17.7900
17.8000
18.0000
18.0800
18.0600
18.1300
18.2100
18.0100
17.9400
17.6100
17.5400
17.5700
17.8600
18.3900
18.5500
18.3400
18.3800
18.1500
18.1600
18.0600
18.2300
18.1300
17.9900
18.2100
18.0500
17.9300
17.7700
17.5800
17.7400
17.6600
17.4600
17.1500
17.2100
16.5300
16.7700
17.0700
16.6800
16.6400
17.2300
17.0600
16.9300
17.2400
16.8700
16.9500
16.7900
16.9600
17.1800
17.1300
17.7700
17.2000
17.3500
17.1000
16.7900
16.0200
15.2500
15.1700
14.9300
14.2400
13.4500
13.5100
13.3100
12.9500
13.7700
13.5700
13.8400
13.8200
13.9300
14.0100
13.4200
13.6400
13.5000
13.2400
13.4200
14.0600
14.0000
14.2800
14.0600
14.0800
14.0400
14.6400
15.0400
14.8500
14.8800
15.0400
14.6700
14.9000
14.4700
14.4600
14.8000
15.0500
14.9700
14.6900
14.6100
14.5100
14.4700
14.2500
14.2500
14.3300
13.8400
13.9000
13.9300
13.6000
13.4500
13.4800
13.4600
13.3700
13.3000
13.1800
13.0600
13.0300
13.2400
13.3600
13.2500
12.9400
13.8600
14.0100
14.2500
13.9400
13.6800
13.5800
13.5500
13.4600
13.3600
13.4500
13.5300
13.6800
13.6500
13.5300
13.6100
13.6100
13.3400
13.3500
13.3500
13.3200
13.3600
13.1900
13.3500
13.7600
13.9700
14.1600
14.4200
14.6600
14.7300
15.2700
14.8800
14.6100
14.4500
14.3700
14.2900
14.2500
13.9600
13.9400
14.0200
13.8200
13.7800
13.6000
13.6900
13.7300
13.8100
13.6900
13.5700
13.4000
13.5300
13.3600
13.4300
13.9600
14.1000
14.4900
14.2700
14.1700
13.9800
14.0600
14.3500
14.3300
14.3600
14.6400
12.7300
12.7000
12.7500
12.2000
12.0200
11.9000
11.9200
11.6700
10.8500
10.9900
11.0200
11.1000
11.0000
10.9100
11.1700
11.1100
11.0000
11.2200
11.0900
11.1900
11.6400
11.0300
10.8800
10.8900
10.9300
10.9400
11.0100
10.8200
10.7900
10.6800
10.8600
11.1600
10.9500
11.0900
10.7800
10.6900
10.5700
10.5200
10.4100
10.6400
10.7900
11.0900
11.3700
11.6500
11.7800
11.8800
11.9000
11.9100
11.7400
11.7000
11.7100
11.7300
11.6200