38.8000
38.6500
40.3600
40.1400
40.6200
42.0500
42.1900
42.3100
42.4400
42.9000
43.0100
43.9100
43.9000
44.2900
45.0000
45.5500
44.5500
44.5900
44.1800
44.2000
44.1000
43.2400
44.2500
43.8100
43.8700
43.7900
43.7600
43.2700
44.0400
43.4200
44.3400
46.5100
46.1800
46.2000
45.7600
45.8900
45.8400
46.2600
46.5100
46.0100
46.0300
44.9100
45.0100
44.1400
44.6300
45.2700
45.8500
45.8900
47.1200
47.3500
47.7500
47.3700
47.3400
46.9000
46.8000
46.2200
46.4500
47.5300
47.3500
46.6100
46.8500
46.8300
47.1400
46.6500
45.9100
45.9600
44.5800
43.6300
42.4500
43.2900
42.7500
43.0600
43.5400
42.6900
42.5100
42.2200
41.9500
42.2300
42.5800
43.1200
43.7300
42.9500
42.4500
43.0600
41.9900
41.0800
41.0500
41.1100
40.4800
39.4500
39.3600
39.3900
38.9500
38.8700
37.9000
37.5900
38.5100
38.6300
38.9000
38.5000
38.3500
39.0500
37.8400
37.5700
36.4900
35.9300
36.6200
37.8400
37.7800
38.6200
37.9800
39.4400
38.6700
39.0100
39.4000
39.4200
40.2900
40.0000
38.3900
38.4500
37.4800
37.6300
37.6700
37.6500
39.1900
38.3100
38.8100
38.3700
37.7600
37.4100
36.2800
35.9100
36.1200
37.2200
36.7000
36.5800
37.6100
37.7400
37.2200
37.7700
37.9800
37.6800
38.6300
40.8000
40.4500
40.0100
39.8900
38.5700
39.7200
40.0400
40.5400
40.5400
40.8100
41.3400
41.2300
41.1000
41.0900
41.7200
41.8800
41.2400
41.1700
40.5200
40.0300
40.2700
39.8400
39.6300
39.6900
39.3800
39.9100
39.1500
39.2200
41.0100
41.7100
41.5300
41.7100
41.4400
41.8200
43.0500
42.5800
42.1300
42.2800
41.9600
41.4800
41.4200
40.5500
39.9000
40.1500
40.0200
40.6000
40.8100
41.0000
41.6300
41.3900
41.4200
40.8900
39.9800
39.9000
40.1500
40.2800
40.8400
40.9100
40.8400
40.4100
41.1000
40.5100
39.5700
42.7800
43.3400
43.3700
45.3200
45.0100
45.0500
45.1200
43.6100
43.2100
43.0100
43.0400
42.7900
41.5700
41.7800
41.8400
42.3300
42.3600
42.5500
43.0500
43.2700
43.1700
44.1400
44.1800
43.9400
43.4800
43.4300
44.0400
43.2900
43.8400
44.5100
45.2500
44.6400
43.9000
43.9100
44.3100
44.9800
44.9400
44.9800
44.8400
44.6700
44.7700
44.6200
44.4300
45.2100
46.5400
46.3300
46.8000
46.2900
45.8900
45.6300
46.0100
46.0300
46.1900
46.1000
45.7400
46.4500
46.3700