40.8200
40.8500
41.0500
41.0600
41.0500
41.1300
41.6500
41.9100
41.2800
41.7400
41.4400
41.2000
40.3600
40.6400
40.1600
41.0900
41.2600
40.8300
40.4000
40.6600
41.1600
41.0700
41.4100
41.1500
41.2700
41.7300
41.2700
41.2400
41.3300
41.5400
41.4500
42.3000
42.3400
42.3000
41.9100
41.6600
41.7500
41.6000
41.6700
41.6800
41.9500
42.0800
41.9500
41.8500
42.0000
42.2700
42.8400
43.2600
43.5100
43.0900
43.2500
43.2900
43.1500
43.6900
43.6200
43.3300
43.3900
43.6000
43.7200
42.8600
42.9900
43.4100
43.4900
43.1900
43.2800
42.8800
42.5500
42.0400
42.1900
42.6500
42.2600
43.0100
43.0800
42.9000
42.7900
43.2000
43.0900
43.4800
43.5400
43.6500
43.8800
44.1800
44.1900
44.1100
44.3700
44.4300
44.3100
44.4300
44.1100
44.2700
44.1800
44.0800
43.7600
43.8300
43.5500
43.4400
43.6400
44.1300
44.0500
43.8600
43.7400
43.8500
43.4000
43.7000
43.6100
43.8000
43.3800
44.4300
44.6100
45.0900
45.0600
44.9100
45.0000
45.2400
45.2800
45.1900
45.1200
44.6600
44.0400
43.8400
43.8900
44.4500
45.1900
44.9200
45.2700
45.5200
45.2400
45.0400
45.0100
45.0900
44.9300
45.4200
45.3500
45.3700
44.8100
44.9900
45.2500
45.3000
45.4800
44.9000
44.4400
44.9000
45.6700
46.1100
46.5000
46.1600
45.9400
45.7400
46.5000
46.5100
45.7800
45.1300
45.3900
45.2400
45.1900
45.2800
44.9100
44.3000
44.5700
44.8900
44.3300
44.2800
43.7900
44.0700
43.9800
44.0200
43.8800
43.5600
43.4100
43.4400
42.9800
43.1900
43.4700
43.4500
43.3200
43.0900
43.3300
43.2500
42.5300
42.5600
42.5400
42.6500
42.5900
42.8100
42.6500
43.0000
42.4100
42.6700
42.2400
42.2700
42.5100
42.8600
42.6700
43.4800
43.0500
43.1300
43.0700
42.5000
42.6300
42.6300
43.4300
43.2100
42.7800
42.4700
42.1800
41.9200
42.0400
42.0000
42.5200
42.0900
42.0000
41.5100
41.9100
41.1400
40.9200
40.8900
40.5300
40.8500
40.3900
40.1700
40.4400
40.5200
40.2200
40.0900
40.1700
40.7500
40.5400
40.4000
40.5300
40.9500
40.5600
40.3500
40.6900
40.6600
40.7700
40.8800
40.8700
40.7500
40.5700
40.5100
40.9800
41.4800
41.5100
41.9200
41.4900
40.9000
40.2600
40.0200
39.7100
40.1800
40.8500
40.7600
41.1700
40.4700
40.6700
40.7700
40.8700
40.9500
40.8900
41.0000
40.6800
40.8200
41.0100