36.8600
36.6400
37.3900
37.4700
37.5100
37.8900
38.4900
38.7900
38.8100
38.8200
39.3200
39.8600
39.8000
39.6700
39.7300
40.0300
40.3600
40.4700
40.0800
38.7800
38.9400
39.0400
39.6800
39.8800
39.5100
39.5600
39.3500
39.1800
39.6600
39.4700
38.4800
38.8500
38.9000
38.6000
38.4500
38.9200
39.0500
39.2000
39.1500
39.1600
39.4400
39.6200
39.7800
39.4600
39.5200
39.7900
40.2000
40.5500
41.3000
41.3400
41.4400
41.4300
41.5600
41.5200
41.4200
41.3600
41.2000
41.5100
41.4500
41.6800
41.5200
41.5600
41.9400
41.6400
41.4900
41.5500
41.0700
40.4000
40.8100
41.4300
40.8400
41.1000
41.4300
41.1600
41.0300
41.3800
40.7900
41.4800
41.7400
41.9000
41.8900
42.0400
39.9700
39.2300
39.1200
38.7500
39.1700
39.0000
38.8100
38.6700
38.6400
38.3400
38.2500
37.6500
36.6500
36.3900
36.9600
36.9500
37.2600
37.0200
36.7100
37.1000
36.2900
36.5000
36.0000
35.7800
36.3600
37.0600
36.9600
37.3600
36.8300
37.2500
37.1800
37.4000
37.6200
37.8700
38.5500
38.6000
38.0400
38.2300
37.8000
37.9400
38.6000
38.8800
39.7000
39.9200
40.3400
39.8000
40.0000
40.0300
39.5200
39.9200
39.9800
40.5600
40.7600
41.2000
40.7900
40.4600
39.9600
39.9900
39.4500
39.5000
39.9400
40.5200
40.6300
40.5900
40.4100
40.2500
40.6200
40.2900
40.4100
40.3300
40.1500
40.2700
40.4000
40.6400
40.2000
40.4000
40.5500
40.6200
40.6300
40.6100
40.3400
40.5300
40.7800
40.7200
40.8500
40.7000
40.9300
41.1000
40.9800
41.2200
41.2300
41.1300
41.0100
41.7700
42.6500
43.6800
43.6700
43.7400
43.9700
44.2900
44.7600
44.6600
44.3400
44.0700
44.1600
43.8400
42.9900
42.9400
42.5100
42.3900
42.6000
42.6200
42.4400
42.3100
42.4600
42.9400
43.5400
43.8800
44.1500
44.5100
44.0800
44.2300
43.9400
44.1900
44.0100
43.8100
43.9000
42.7900
43.1100
43.0700
43.6200
43.3200
42.8500
42.6200
42.6800
42.6700
41.2000
40.8500
41.3100
41.6400
41.9400
41.8200
42.0400
42.0300
41.7400
42.1900
42.3900
42.8500
42.5200
42.3900
42.2900
42.5700
43.2000
42.7500
42.8000
42.9400
42.8500
42.5400
43.4800
44.3300
44.2300
44.8200
44.2500
44.5400
44.2900
44.3900
43.8600
44.3700
45.4000
45.5100
45.9900
45.9800
45.9400
46.2700
46.6000
46.3900
46.6700
47.0100
46.7400
47.0400
47.3200