168.8600
168.9400
168.9200
169.6300
170.5400
175.1600
173.7600
172.4300
170.5000
173.3500
174.5900
177.3100
177.1600
175.7300
174.0900
176.2800
166.3400
166.5200
164.6800
163.6800
166.4500
166.9000
171.9100
169.7300
169.7100
171.7200
170.3200
168.4000
170.9300
170.2600
168.3400
166.9400
167.5100
167.5300
167.5700
167.1100
168.7700
167.9400
167.7200
167.4300
168.2300
167.3300
167.1400
165.2600
164.9900
171.5500
174.4700
172.1500
175.8000
175.7300
175.4100
175.5300
175.5400
173.0100
172.7000
170.8100
172.3000
176.2400
174.9900
173.3600
171.8300
172.9000
174.5800
172.6900
171.7800
170.1900
167.6200
163.4700
168.2000
171.2400
169.9500
170.0200
173.0500
173.1000
172.0800
173.9000
171.2600
172.4800
174.8000
175.5200
177.4300
176.3700
176.8800
178.9200
176.9700
173.0800
172.3900
172.3200
169.2400
168.8900
169.4800
168.9000
166.7600
165.6600
166.5400
167.4800
171.9100
170.0800
169.0600
168.2700
165.7000
167.4900
166.6200
166.2100
161.6100
159.5600
158.4200
161.6500
164.0800
163.9800
163.6500
167.5800
165.3700
166.7100
166.9600
169.0900
169.6700
167.6000
165.0800
164.9700
163.9200
162.6400
162.7400
161.5800
164.4900
165.8400
167.5100
165.6500
163.3000
162.8000
163.1900
159.4400
158.8200
162.9200
162.7400
164.2400
167.6000
168.3400
165.0200
162.1800
160.9300
160.0200
156.9500
158.1900
156.0800
155.5600
152.2100
154.1100
156.2500
156.5600
159.5700
159.4300
161.4700
161.6100
160.4600
159.8700
160.1900
161.9100
164.7400
164.7500
164.6500
163.5000
161.6600
164.8500
163.4200
163.1900
163.3600
161.2600
161.0800
160.4500
158.4000
163.8200
162.7200
159.0900
159.3900
158.7200
160.7500
161.3900
158.3900
159.3500
159.4700
161.2000
163.4100
161.3000
160.9100
161.0600
162.7500
163.3400
164.9600
163.0800
163.0200
163.8000
163.5600
163.6200
162.2000
161.1100
162.9600
162.4100
166.4900
167.7700
167.7500
168.6200
165.6800
165.1100
161.7100
161.9300
167.1800
170.1900
173.0700
173.8100
172.9400
175.3800
177.7000
173.3700
170.2100
171.3300
179.6900
177.5500
173.3000
174.2800
174.0500
176.5300
176.7600
176.9200
179.3400
178.4500
179.0500
181.4800
183.1100
183.3900
181.7500
181.7500
184.0900
182.9500
183.5500
184.6600
184.6500
184.5100
183.0400
184.2000
186.5000
188.3900
187.5600
188.8200
188.1600
188.0600
187.2100
187.9300
185.8000
189.4200
192.9800
191.9900
191.5200
189.4500
186.7700
188.2300
190.0100
187.8000
187.9900
189.1400
183.7900
186.2700
185.3600