9.3900
8.7900
8.0100
8.0200
8.2000
8.3000
8.4300
8.5600
8.3500
8.3900
8.6800
8.9300
8.7200
8.7400
8.5600
8.8200
8.7800
8.7400
8.7900
8.8400
9.1200
9.2200
9.4400
9.6100
9.5500
9.5900
9.6500
9.8100
9.9600
9.9900
10.0300
10.3500
10.3400
10.3100
10.2800
11.7000
12.0100
11.8300
11.0200
10.3000
10.8700
10.5600
9.9600
9.6500
9.8500
9.9700
10.1700
9.8300
9.9900
9.7800
9.9400
10.1000
10.0000
9.9200
9.8100
9.7500
9.6000
9.7800
9.3300
9.3600
9.2400
9.0200
9.1100
9.2100
8.9400
8.8500
8.5200
8.3000
8.5700
8.6200
8.4000
8.2900
8.2800
7.9900
8.1400
8.0400
7.9400
7.9600
7.9400
7.0800
7.0100
7.3000
7.1300
7.0500
6.9000
6.6500
6.6800
6.5600
7.5000
7.0600
7.0400
6.7300
6.4500
6.5300
6.3700
6.3900
6.4100
6.4200
6.4300
6.4400
6.5200
6.5600
6.3300
6.4000
6.1900
6.0800
6.1600
6.2100
6.2300
6.1500
6.0000
6.0500
5.9000
5.8000
5.9800
5.7700
5.9100
5.9800
5.9400
5.9000
5.7900
5.5900
5.6700
5.7100
6.0500
6.3600
6.5700
6.4300
6.4100
6.3200
6.4800
6.5500
6.2300
6.3000
6.3600
6.5700
6.5500
6.5500
6.4100
6.2400
6.5900
6.2800
8.5900
9.0400
8.9000
8.7600
8.8100
8.6200
8.6600
8.7900
8.6700
8.7300
8.7800
9.0300
9.0800
9.1800
9.7900
9.5400
10.0300
9.9100
10.1500
9.7100
9.7200
9.8200
9.7500
9.6700
9.7400
9.6500
9.7300
9.8800
9.8400
10.0600
9.9700
9.7700
10.0600
10.3100
10.4800
10.6300
10.6600
10.7400
11.3000
11.1900
11.6300
11.7800
11.5400
11.2500
11.9500
11.7100
11.5200
13.5700
12.2400
12.6900
12.6500
12.5400
12.5100
12.0400
11.6400
11.8800
11.3300
11.0200
10.9500
11.1500
10.9700
11.1300
10.8000
10.7800
10.7200
10.5900
10.2100
10.4100
10.1900
10.0600
10.1900
9.8300
9.9800
10.1600
10.0500
10.1600
10.1700
10.4500
10.7600
11.0000
10.5300
10.5600
10.6700
10.5400
10.5400
10.3900
10.1400
10.6500
10.7700
9.9600
10.1000
10.3700
10.5200
10.2400
10.1500
9.9200
9.9900
10.0500
9.9900
9.9600
9.9600
9.9800
9.9100
9.7900
9.8300
9.8800
9.8100
9.9400
9.7000
9.6300
9.7300
9.5600
9.3300
9.3900
9.7300
9.5400
9.5100
9.5800
9.3300
9.4100
9.4000