30.0000
29.4900
29.3300
29.5800
29.6000
29.6700
30.4300
31.0000
30.2600
30.4800
30.3700
31.0800
31.3600
31.6100
31.9700
32.1000
32.0900
32.1300
31.9200
32.1900
32.5500
32.3100
32.6400
32.3600
32.3400
32.2200
32.0900
31.8200
32.0000
32.4400
32.5700
33.2300
33.0400
33.0400
32.8000
32.1900
32.1400
32.0600
32.2600
31.9200
31.4300
31.0300
30.8100
30.5800
30.5400
30.9600
31.0400
31.0000
31.4900
32.0500
32.2700
32.3600
32.3400
32.0700
32.0000
31.8000
31.7500
32.5400
32.6100
33.0100
32.9400
33.4000
33.4800
33.2900
32.9700
33.0100
32.5200
32.1800
32.5300
33.0800
32.8900
32.6100
33.1500
33.2100
32.8400
32.9400
32.4100
32.5200
32.9100
33.2200
33.9900
34.0900
34.5200
34.4600
34.2900
33.5500
33.5000
33.8200
33.6900
33.5200
33.5100
33.2300
33.4600
33.5300
32.7900
32.2500
32.6700
32.6500
32.6700
33.4500
34.0400
34.3400
33.7400
33.2400
32.6000
32.3900
32.7600
32.9900
32.9100
33.1900
32.8100
33.0400
32.7700
32.7400
33.0200
33.8400
34.2600
34.2200
33.6000
34.0500
33.2900
33.0800
33.6500
33.6100
34.4700
34.8900
35.1700
35.2600
34.8600
34.8700
34.6900
34.8600
34.2500
34.5100
34.3700
34.8700
35.0200
35.0500
34.7700
34.0600
33.4500
33.9700
34.3200
35.2400
35.0800
34.1000
33.9100
33.7000
34.4400
34.6700
34.8300
34.7800
34.4900
35.3700
35.3600
35.3700
35.7600
35.9100
36.1300
36.1700
36.1200
35.9100
34.1500
34.0600
34.1500
34.0600
34.3600
34.0300
33.9700
33.9000
33.9300
34.4100
34.2400
34.1800
34.3400
34.4600
34.5500
34.3900
34.3300
34.4000
34.1900
34.8200
35.0700
35.1100
34.8800
34.4200
34.6100
34.2400
34.2700
34.2700
34.5800
35.2200
35.3900
35.6600
34.6900
34.4400
34.6800
34.3500
34.5900
34.6900
34.4000
33.9200
33.4900
33.5800
33.2900
33.4700
33.6800
33.4900
33.4000
34.0000
33.8800
34.3800
34.8600
34.4300
34.1100
34.2400
34.2100
34.3500
34.0600
34.5700
35.2500
36.0200
32.9900
33.5000
33.8300
33.6300
33.6400
33.6800
33.6000
34.1000
34.0100
33.3500
33.2500
33.2200
33.2600
33.3500
33.3900
33.5900
33.2800
33.2900
33.7000
33.9900
33.9600
34.1900
34.1500
34.1500
33.9400
33.9100
33.8500
34.2300
34.7000
34.7400
34.7100
35.1400
35.1600
35.5100
35.6000
35.4900
35.6100
34.8000
34.8100
35.1700
35.4600