31.8100
31.6600
32.0000
31.8700
31.6400
31.5700
31.1500
31.1700
30.9000
30.6900
30.5100
30.2500
30.2000
30.8100
30.3600
30.9300
31.1300
30.3300
30.2100
30.3400
30.3500
30.0000
30.2700
30.2300
30.6100
30.8700
30.3800
30.5100
30.6700
30.7800
30.6600
31.3500
31.3300
30.9200
30.9600
30.5000
30.4300
30.6800
30.6500
30.7800
30.8000
31.0300
30.9600
30.6200
30.2400
30.5200
30.2900
30.5000
30.4900
30.1000
30.1300
30.1200
29.9800
29.7800
29.7800
29.8100
29.6700
29.9800
30.2400
30.1100
30.2500
30.6100
30.6200
30.3900
30.2100
29.7100
29.5300
29.0900
29.3600
29.4100
29.6900
30.0200
30.3200
30.1000
30.0800
30.4100
30.3500
30.4000
30.5500
30.9500
31.1900
31.1500
31.4700
31.3900
31.5000
31.6400
31.4300
31.3200
31.5100
31.9900
32.0200
31.8200
31.6400
31.6200
31.6400
31.6800
30.9800
30.9300
30.7000
30.6700
30.4700
30.7800
30.7500
31.1900
31.2000
31.2100
31.3100
31.3900
31.6500
31.9300
31.8300
31.7700
31.6700
32.0600
32.3300
32.1000
32.1800
32.0100
31.5400
31.6500
31.6100
31.3000
31.8700
31.8800
32.5000
32.6000
32.5000
32.3300
32.1900
32.0700
32.1000
32.3500
32.2600
32.7100
32.6000
32.6000
32.9400
32.9100
32.8400
32.6400
32.5300
32.4900
33.2600
33.7500
34.0000
33.2400
32.6000
32.3000
32.6400
32.6600
32.4400
32.5400
32.5600
32.8000
32.5700
32.6200
32.7000
32.4600
32.6700
32.3200
32.4300
32.3100
31.9400
32.1300
32.0500
31.9800
31.8100
31.6300
31.6600
31.6800
31.2700
31.7200
31.6600
31.7800
31.5400
31.2500
31.8700
31.8600
31.6200
31.3900
31.5500
31.7400
31.7000
31.9400
31.8200
31.8500
31.8500
32.1800
31.7100
31.9400
32.1300
32.3900
32.3300
32.4100
32.4600
32.4800
32.7000
32.4900
32.6200
32.6800
33.0700
33.3200
32.7100
32.4300
32.1800
31.8800
32.0100
31.7400
32.0400
31.1400
31.0800
30.7200
30.5300
29.9600
29.9500
29.9000
29.6000
29.8300
29.4900
29.2800
29.4500
29.7800
29.6300
29.4000
29.2400
29.7100
29.7800
29.9600
29.8900
30.0900
29.8500
29.7200
30.0100
29.9600
30.0600
30.0900
30.2700
30.2800
30.1300
30.0600
30.6400
30.9800
30.7400
30.8100
30.7400
30.5400
30.3300
30.2800
29.9400
30.6000
30.9300
30.9300
31.0600
30.6200
30.4600
30.1000
30.1400
30.1200
30.0100
29.9700
29.7800
29.7900
29.8300