66.4000
66.7400
66.2200
65.3900
65.7300
65.6600
65.0100
64.6200
64.4000
64.6500
64.8500
65.9100
66.2800
66.1000
66.2000
66.7000
66.5200
65.8100
65.4100
65.6700
66.3800
66.4000
66.6600
66.5200
66.7600
66.7400
64.2700
63.9500
63.6900
63.5200
63.0700
62.7300
62.6800
63.1400
63.1000
63.1300
63.3100
63.3200
63.3200
62.9400
62.5500
62.5200
62.7900
62.2800
62.6200
62.9500
63.1500
63.9400
64.3400
64.0600
64.1700
64.4700
64.7300
65.2800
65.3600
65.3900
65.3000
65.7800
66.0100
65.9300
66.0200
66.3500
66.7400
66.5600
66.3400
66.1500
65.3500
64.8500
65.1500
65.3800
65.0600
65.9900
66.4000
66.2100
66.1500
66.6300
66.1800
66.5100
66.6700
66.3700
66.1000
66.0000
66.4900
66.8300
66.9100
65.9000
66.6200
66.5200
65.9400
66.7900
66.8000
67.1500
67.8500
68.7500
68.7700
68.1200
67.9800
68.0800
68.0000
68.8100
68.6400
69.3300
68.2200
67.8500
67.5100
67.4800
67.0000
67.4900
67.6800
68.3100
68.0500
68.4000
68.5500
69.2700
69.4800
69.6000
69.3100
68.9100
68.5000
68.7000
68.6100
68.9400
69.7500
69.6000
70.6600
70.7600
70.7600
70.1700
70.2200
69.9900
69.8700
70.1300
69.8500
70.4100
70.3500
70.3300
70.3800
70.4200
69.9600
69.3400
68.7900
70.3000
71.2200
72.2600
72.7500
72.7300
72.4000
71.8000
72.8700
72.4800
72.2900
72.5700
72.1400
72.1300
71.9900
72.2400
72.6200
73.5800
73.3900
73.3300
73.0100
72.8900
72.6600
73.0600
73.1700
73.1200
72.7800
72.1800
72.4300
72.4800
71.5400
72.1500
72.1000
71.8400
71.5800
70.0600
70.8800
70.4600
70.3900
70.7300
70.8500
71.2400
70.5500
70.7000
70.3500
70.4200
70.6400
70.7700
70.6500
70.6200
70.7000
70.8700
71.1000
71.1900
71.1100
70.2900
69.8200
70.0500
70.3400
70.3000
70.1000
70.7600
69.8800
69.6000
68.5200
68.4000
68.8900
68.9800
69.2400
69.4400
69.0500
69.0000
69.3500
68.9900
68.7900
68.8500
68.6100
68.5800
68.1700
68.1900
68.3100
68.7800
68.9100
69.3100
70.1900
70.0000
70.1100
70.3500
70.3100
70.2100
69.8700
69.8600
69.7100
70.0200
70.2600
70.2100
70.4200
70.2400
70.2100
70.1600
70.3700
70.5300
69.8800
70.1100
69.6300
69.4300
68.8400
68.6700
68.0200
68.4300
69.3300
69.3600
69.4600
69.4500
69.6600
70.0100
70.8100
70.8800
71.2900
71.6000
71.4800
72.4300
72.4800