21.9700
21.7700
21.6000
21.5700
21.8200
21.9400
21.9000
21.9900
21.8400
21.9400
21.9700
21.8400
21.9000
21.7100
21.6600
21.7200
21.6300
21.4800
21.5800
21.4000
21.3100
21.1100
21.2000
20.9500
21.0500
21.0100
21.1400
21.0500
21.3000
21.3300
21.1100
21.3300
21.1900
21.2200
21.3600
21.0300
21.1800
21.2600
21.2200
21.1300
21.4900
21.4100
21.5000
21.2700
21.3700
21.4600
21.4800
21.5400
22.0100
21.9300
21.9100
21.9400
21.8800
21.8000
21.7700
21.7300
21.8200
22.1600
22.5000
22.4100
22.4200
22.6500
22.5900
22.5400
22.3900
22.3400
22.0500
21.9900
21.9500
21.9200
21.8500
21.9800
22.3100
22.4500
22.3400
22.5600
22.3800
22.6300
22.8800
23.0600
23.0800
22.9000
22.7800
22.6600
22.6000
22.3800
22.4500
22.4200
22.4500
22.8300
22.6500
22.5900
22.3000
22.6400
22.5600
22.5700
22.5400
22.3700
22.0900
22.1400
22.1300
22.1800
22.0400
21.8700
21.6400
21.6100
21.6000
21.9100
21.9400
22.1400
22.1000
22.1900
22.1900
22.5600
22.6100
22.6200
22.7100
22.6700
22.6000
22.7300
22.4700
22.4400
22.6100
22.5300
23.0000
23.0000
22.8700
22.6700
22.5400
22.6500
22.4400
22.3400
22.6700
22.8100
23.1300
23.6200
23.6700
23.8000
23.7000
23.6000
23.3800
23.3300
23.4900
23.8300
23.7100
24.0400
23.9400
23.9200
24.2800
24.2600
23.7400
23.8300
23.8700
23.9400
23.7200
23.9800
24.0400
24.0200
23.7900
23.9100
23.6900
23.7000
23.7400
24.0100
23.8900
23.8500
23.9600
23.8400
23.8600
23.7800
23.9200
24.3400
24.2400
24.1000
24.1700
24.0700
24.2500
23.8000
24.0200
24.0100
24.1600
24.4100
24.5200
24.7500
24.8400
24.8300
24.9600
24.8500
25.0400
25.1200
25.3200
25.3500
25.5200
25.4000
25.3100
25.1600
25.1200
25.1200
25.5700
25.8000
25.8400
26.0400
25.7600
25.6000
25.1900
25.3100
25.6100
25.4300
24.8700
24.5500
24.5500
24.5800
24.7100
24.1700
24.1600
24.1700
24.1100
24.0500
23.8100
23.6600
23.8600
24.1400
24.2800
24.3500
24.5300
24.4900
24.2500
24.6700
24.8500
25.0200
25.0900
25.1700
25.6400
25.6100
25.5600
25.4100
25.6400
25.5100
25.3300
25.1800
25.3600
25.6400
25.3500
25.4300
25.0800
25.0800
25.2400
25.1400
24.8900
25.0800
25.9100
25.8500
25.9600
25.9800
26.0200
26.4700
26.7600
26.5200
26.7400
26.6200
26.6100
26.8300
26.5400