25.2600
24.9300
24.9200
24.4700
24.8100
25.9700
26.0600
26.2600
26.1000
26.3900
26.7500
26.9900
27.0700
27.3000
27.3700
27.2900
27.1900
27.5400
27.3100
27.3100
27.9100
27.4700
27.5000
26.9500
26.8700
26.7300
26.9400
26.2100
26.4300
26.4200
26.5000
27.3200
27.4000
27.4900
27.0100
27.8900
27.8500
27.4600
27.5600
27.6600
27.9900
27.5800
27.5300
26.4400
26.7300
26.5800
27.1400
27.2200
28.1500
28.5500
29.6400
29.1700
29.1000
28.8700
28.9500
28.8900
29.1200
29.6800
29.4600
29.4700
29.0100
29.5100
29.9300
29.1800
29.0500
29.3000
28.2300
27.3200
27.3900
28.4900
27.7100
27.8400
28.4000
28.2600
28.2600
28.1600
27.7600
28.2600
28.7200
29.1900
27.6900
27.6700
27.7700
27.4200
26.7300
26.0900
26.0600
25.8200
25.4100
25.6600
25.2200
24.5800
24.3000
23.9700
23.5000
23.4700
24.1200
24.2600
24.0700
24.4100
24.4400
25.1100
24.5900
24.5600
23.3000
23.2300
23.5600
24.3000
24.5400
24.8100
24.6000
25.1900
24.9000
25.3200
25.4000
25.1300
25.4000
25.1400
24.5800
24.8500
24.5200
24.7300
25.3000
25.4100
26.2300
26.1500
26.6300
26.1700
26.0400
25.9500
25.3800
25.8100
25.3900
26.1100
25.9300
26.1500
26.0200
26.1400
25.5800
25.3200
25.1100
25.0700
25.6300
24.9800
25.1700
25.5900
25.3000
25.0100
26.1100
26.0300
26.3100
26.1300
26.1200
26.2300
26.4000
26.3700
26.3100
26.7100
26.5500
26.4100
26.7800
27.2300
27.0500
27.2700
27.2000
27.2100
27.5800
27.3400
27.4400
27.3400
27.5300
28.0300
28.3100
27.6800
28.0100
28.0800
28.6900
29.1600
28.8300
28.5100
28.4500
28.3100
27.9200
27.5900
26.8000
26.7900
26.9400
26.9400
26.9000
27.1400
27.1300
27.8200
27.7600
27.7700
27.2100
27.0900
27.3700
26.9200
27.1300
27.9200
28.4400
28.5900
28.1600
28.4200
27.9200
27.9700
28.2900
27.7000
27.5400
28.2900
28.1700
28.1700
28.3000
26.9900
26.5000
26.6000
26.6300
26.5000
26.1700
26.2300
26.3200
26.7000
26.7500
26.7600
27.3300
27.5900
27.3200
26.8000
26.9200
27.1500
27.3500
27.6700
27.8800
27.6900
27.6600
27.7300
27.7200
28.0000
27.6200
27.5100
27.8500
28.7000
28.1300
28.4200
28.0500
28.0900
28.1300
28.1100
28.0800
28.5200
29.0900
28.8700
29.3300
29.0700
29.2000
29.3700
29.6700
29.2000
29.1700
29.1500
29.0400
29.5100
29.5100