66.8300
66.8000
66.5200
66.3600
66.6400
66.3300
65.6800
65.8100
65.8100
66.2600
66.0300
66.0800
66.2300
65.0000
64.5000
64.9800
64.8000
64.3000
63.2100
63.0400
63.2100
63.3200
62.7700
63.5100
63.7000
63.6400
64.0400
63.8800
64.2300
64.4800
64.5500
65.2000
64.9100
64.4200
64.4400
66.4200
66.7100
66.7000
67.3900
67.6200
66.6600
66.6700
66.9500
66.8400
66.5800
66.9000
66.9300
67.7100
67.9000
67.8500
67.6800
67.2500
67.2100
67.2100
67.2000
67.5200
67.4300
67.4600
67.1500
67.1900
67.0100
67.2100
67.5600
67.0900
67.2600
67.3100
66.8100
66.3500
66.4400
66.0900
65.8100
66.7800
67.0200
66.7500
66.5700
67.5100
66.6500
67.0000
66.8900
66.8700
64.4400
63.6400
63.5700
63.9800
64.5100
64.2800
64.2500
64.1600
63.6700
64.1400
63.6800
63.5800
63.7200
64.2900
63.9600
63.5200
63.3900
63.1500
62.3900
62.5700
62.4900
62.9500
62.3200
62.2900
61.5500
61.4000
61.1700
61.8000
62.7600
62.7500
62.5400
62.7600
62.5700
63.1800
62.8800
62.2900
62.2100
60.3900
59.7500
59.8300
59.3100
59.2700
59.9800
60.2900
61.2500
61.1900
61.3600
61.3500
61.2800
61.5500
61.7300
61.4000
63.7000
65.0900
64.8100
65.3500
64.8200
64.9200
64.7300
64.3900
64.0200
64.0200
64.5600
65.0900
65.1000
64.5400
64.0100
63.5100
65.5000
65.8100
66.2200
66.7200
66.7300
66.7700
66.4800
66.7300
66.6400
67.0000
67.0000
66.7500
66.7700
66.8500
66.6800
67.0200
67.1100
66.9900
66.8700
66.8800
67.1900
67.4000
67.2900
68.2400
68.5200
68.5100
68.2600
68.1000
68.9100
69.1600
69.2500
69.2200
69.2600
69.5600
69.4200
69.7600
69.5900
69.3000
69.3000
69.3600
69.4500
68.7900
69.1700
69.3800
69.6300
69.1000
68.7000
68.1400
68.0000
67.9400
68.7100
69.0000
69.4700
69.4700
68.5700
68.5000
67.4400
68.0800
70.0700
69.4400
69.2400
69.2500
69.1900
68.6700
68.9300
68.0600
66.9100
67.0100
67.0800
66.8500
66.5300
66.3200
66.8200
67.9200
68.3000
68.4700
69.5900
69.4800
68.9900
69.4400
69.5000
69.8300
69.5800
69.3100
69.4100
69.9500
70.2900
70.2200
70.6600
70.7600
70.1300
69.9300
69.9300
69.9700
69.3400
69.8200
68.7200
68.5200
68.0000
67.9700
67.1500
67.8900
69.3900
68.9500
69.0900
68.6200
68.5100
68.8800
69.2700
69.2200
69.6300
69.8800
69.3400
69.6700
69.9400