19.3400
19.2600
19.4300
19.5100
19.5500
19.6200
19.6500
19.7000
19.4700
19.6300
19.8500
20.7600
20.8300
20.6900
20.3300
20.5600
20.5800
20.4300
20.2000
20.2800
20.8000
20.9600
21.3500
21.1500
21.2200
21.3300
21.4400
21.4400
21.7300
21.7700
21.3400
21.5800
21.4400
21.5900
21.3700
21.5500
21.4300
21.4400
21.5400
21.4200
21.3800
21.5700
21.7900
21.2200
21.2300
21.3800
21.6500
21.8600
22.6400
22.8500
22.9200
22.5900
22.8200
22.8300
22.6500
22.5900
22.8100
23.1200
23.0700
23.2000
23.0200
23.1800
23.3000
23.0100
23.1100
23.1100
22.8400
22.7500
22.6200
22.5900
22.3400
22.6100
22.7000
22.6000
22.3800
21.3700
21.2500
21.4100
21.4200
21.3900
21.5100
21.3000
21.6600
21.7100
21.8000
21.7900
21.9700
22.0200
21.9500
22.0300
21.9900
21.9700
21.8500
21.3500
21.3400
21.3100
21.3000
21.2500
21.4300
21.5100
21.6100
21.7900
21.5900
21.7300
21.2700
21.1000
21.1500
21.9900
21.8900
21.9000
21.3800
21.7000
20.7400
20.7700
20.7500
20.7800
21.0000
21.0500
20.6100
20.6000
20.3900
20.4400
20.7700
20.6200
20.8300
20.6900
20.7500
20.6000
20.5800
20.5500
20.5400
20.5500
19.5300
19.9800
19.8800
19.9900
20.0300
20.0900
20.0200
19.8600
19.5200
19.5600
19.5900
19.7800
19.8300
19.7400
19.7600
19.2400
19.5700
19.4900
19.8000
19.6900
19.7800
19.7500
19.7400
19.8000
19.8800
19.8000
19.7400
19.7700
19.7800
19.7200
19.5700
19.7600
19.9000
19.8600
19.5600
19.5200
19.5300
19.4100
19.4100
19.4700
19.3900
19.6300
19.8000
20.2400
20.6600
20.8100
20.7700
20.8200
20.9600
21.0000
21.2700
21.0600
20.8300
20.7200
21.0100
20.7400
20.8900
21.3000
21.4800
21.6200
21.8100
21.8200
21.7000
22.1100
22.0600
22.2000
22.1800
22.4200
23.0000
23.0800
22.9200
22.8000
22.7000
22.7500
22.5900
22.5800
22.3000
22.3900
22.0700
22.1900
22.4100
22.0900
22.0900
22.3500
22.2600
22.2100
22.3600
22.2300
22.5500
21.4700
21.6000
21.5900
21.8200
21.6700
21.3900
21.3800
21.5900
21.2500
21.1600
21.1300
21.5300
21.4300
21.4800
21.6600
21.4800
21.4200
21.1600
20.9900
21.2700
21.4500
21.3900
21.5200
21.2000
21.2300
21.2200
20.9700
20.8500
21.1000
21.6900
22.0300
22.2700
22.0200
21.9800
22.0000
22.3800
22.3400
22.5500
22.6500
22.5900
22.6000
22.7200