78.8300
78.5000
78.9400
77.6400
78.8200
81.2200
81.7200
83.0800
82.4400
83.4700
85.0600
84.9700
81.5200
81.7000
81.2700
82.3700
81.5000
81.5000
81.4600
80.6800
82.6100
82.5100
85.7200
86.6800
87.7500
88.1600
88.1800
87.5100
90.2500
88.9800
87.6000
89.2600
88.5700
90.0000
90.0000
90.4200
89.6300
90.2400
90.2400
89.8100
89.3400
88.5400
88.1500
85.5400
86.1900
87.8500
88.2200
89.1300
89.7000
89.2400
90.7500
90.1500
89.5800
87.9000
87.3400
84.8900
85.6300
86.9700
85.9900
84.4300
84.5900
84.5500
86.0300
85.2900
83.4700
83.1000
82.6000
81.4400
82.0100
83.6900
82.0300
81.9600
83.2600
82.7000
81.5800
82.7900
80.9400
87.9600
87.0800
87.3200
88.9900
87.6900
87.5800
88.1700
86.7600
85.1400
84.7100
85.3900
85.5400
86.2100
86.8500
85.1100
84.2300
83.1800
81.2000
80.6100
82.7600
83.6100
84.8000
84.4600
84.3600
86.4800
84.4900
81.7400
77.8700
77.8300
78.3600
80.2500
80.7900
81.2700
80.3000
81.7900
78.9300
78.4600
78.7300
79.1100
81.4100
79.6100
77.0900
76.6800
74.3900
73.7300
74.8800
73.1000
76.8800
75.6900
77.1800
77.5000
75.7400
74.6000
72.6100
71.8400
72.2500
73.9000
72.9800
73.8800
76.4900
77.8300
76.9600
76.7600
76.0100
76.6100
78.4400
81.4000
80.7400
80.3200
81.5600
78.8500
79.9700
80.5600
82.3000
81.8300
82.1200
83.4700
82.9400
82.3000
81.8600
83.1400
83.8300
82.8200
82.2700
82.1800
81.7600
81.5800
81.4000
80.7700
80.1700
79.2900
79.9800
80.0100
79.4300
82.2900
83.6900
83.7100
84.4100
84.1700
85.6200
86.3800
84.9200
85.1800
85.9300
85.5500
85.5000
85.5900
83.1800
82.2600
83.6800
83.5800
83.4300
83.6000
83.5200
83.2700
84.4100
83.2500
81.4800
79.2400
79.1800
79.4000
80.6700
81.9700
84.1100
85.0700
78.5000
78.1000
76.7400
76.1400
77.5800
77.5800
78.6600
80.8700
79.4300
79.9600
80.4200
77.4500
78.5200
79.0900
79.1400
78.2300
77.5300
78.5900
80.0100
81.0500
79.7100
80.1000
81.4300
81.4100
81.0700
82.6400
83.3900
82.1500
80.3000
81.1800
82.9000
82.3300
83.8100
83.9300
83.4000
83.1200
83.2400
83.4900
83.5900
86.6500
86.2100
86.5500
85.1500
84.8700
84.6700
84.4900
83.8600
85.0600
87.6600
88.3400
88.8200
88.2500
88.3200
90.1700
89.6000
89.0400
89.3200
89.6400
89.8400
91.3600
93.7000