6.5200
6.5400
7.0400
7.1000
7.2500
7.3400
7.7000
7.6900
7.6200
7.5000
7.9400
8.0800
7.7600
7.4200
7.7600
7.9900
7.8000
7.7900
7.6300
7.4500
7.8300
7.7500
8.3000
8.2600
8.3700
8.6500
9.0700
8.7900
9.0900
9.0800
9.0300
8.8700
8.9100
8.5900
8.3300
8.7300
8.4900
8.5300
8.3000
8.8200
8.5900
8.4600
8.4300
8.1700
8.5000
8.9200
9.0200
9.0600
9.4800
9.3400
9.6100
9.2900
9.1600
9.2100
9.3900
9.1200
8.8800
8.7900
9.0600
9.4800
9.2600
8.8500
8.6700
8.6400
8.4800
8.2600
8.2300
7.6900
8.3900
8.6600
8.5400
8.4300
8.6500
8.3700
8.2300
8.3700
8.2200
8.6000
8.7000
9.5800
10.0700
9.8400
10.0300
10.2700
10.0600
9.9400
10.0000
9.6100
9.8600
9.6800
9.8400
9.5600
9.7300
9.4900
8.6800
8.4900
8.8600
9.0800
9.3000
9.4000
9.3300
9.5200
9.1900
9.3600
8.2600
7.7000
8.1600
8.7600
8.8800
8.9800
8.4100
8.5800
8.4100
8.8500
9.0200
9.3300
9.6100
9.5300
9.1400
9.3900
9.2300
9.7200
9.8800
9.9800
10.7000
10.9100
10.8500
11.1300
11.1000
11.0900
10.7900
10.5400
10.8400
11.0000
10.9300
11.1700
10.8000
10.4700
10.8600
11.0100
10.4800
10.0200
11.8600
12.0100
11.6000
11.3000
11.0400
11.5700
11.4800
11.4900
11.7100
12.0900
12.6700
12.4800
12.4400
12.7000
12.7800
13.6000
13.3800
13.0100
12.7900
13.2900
13.3200
13.5100
13.2400
13.2800
13.4000
13.3500
13.6800
13.7500
14.0400
14.6100
14.7500
14.5100
14.6700
15.5500
16.0200
16.5200
16.1300
15.7600
16.4300
16.7200
16.9800
16.7600
16.0600
15.3000
15.6400
15.5000
15.3100
15.5600
16.5000
16.5700
16.6300
16.0900
15.7700
15.8900
15.6900
15.6100
16.4000
16.5600
17.4400
17.6500
17.8900
17.7900
17.3100
17.4500
17.0100
17.2800
17.3400
17.7800
17.3700
17.8400
17.8900
17.7600
17.3700
16.8000
16.2500
16.1700
15.2400
15.2400
15.6800
15.9000
16.7500
16.8300
17.0300
17.0800
17.1100
17.0000
17.1300
16.8100
16.9500
17.0900
16.2000
16.2800
16.4500
16.4000
16.4800
17.1100
17.1600
17.1400
18.0400
18.6100
18.4600
18.4900
18.1900
18.1500
17.7900
17.7600
17.6000
18.1600
18.6000
18.5700
19.0600
19.3100
19.5000
19.4900
19.4100
19.3400
19.1000
19.4700
19.3400
20.3700
20.4900