20.6000
20.3700
20.5300
21.1200
21.2400
21.7600
22.0300
22.3700
22.3200
22.7000
23.1600
23.3900
23.3400
23.2200
23.8400
24.1200
23.8100
23.9900
23.8200
23.9800
24.9600
24.6900
26.2300
26.0000
26.1800
26.2900
26.4900
25.8900
26.0700
26.0800
26.4000
26.8600
26.9600
26.5900
26.8600
26.6500
27.2400
27.1400
27.2300
27.0000
26.9900
26.7400
26.5700
25.8600
26.2100
26.6100
26.7600
26.4500
27.2100
27.0200
27.3100
27.3000
27.3400
27.2200
27.1600
27.0500
27.3300
27.8400
27.8500
27.5800
27.6700
27.6600
27.9700
27.7000
27.3600
27.3500
26.7500
25.9900
26.4300
26.9000
26.2600
26.1500
26.7900
26.5600
26.3900
26.5100
26.2600
25.8800
26.7400
26.8400
27.5500
27.6000
27.9300
28.0800
27.9700
27.3600
27.5300
27.3700
27.0100
27.1100
27.1000
26.7100
26.4400
26.1000
25.9400
25.5700
26.2100
26.2100
26.2300
26.5200
26.4000
27.0000
26.6500
26.6000
25.8000
25.3600
25.5200
26.0800
26.0800
26.0200
25.5500
25.8500
25.6300
25.4300
25.5600
25.6600
26.4100
26.3700
25.6200
25.6500
24.8200
24.8300
25.1900
25.0700
25.8000
25.8800
26.2800
26.1200
25.3800
24.9000
24.4400
24.2500
24.1900
24.5200
24.3800
24.5100
25.0900
25.2600
24.8500
24.4000
23.8800
24.3900
24.8800
25.7400
25.6200
25.5500
25.4000
24.8300
26.7800
27.3400
28.0200
28.0000
27.9600
27.8200
27.8100
27.5100
27.5600
27.3000
27.3700
27.1900
27.5400
27.5300
27.4100
27.2900
27.2100
26.9900
26.8100
26.9500
27.3000
27.5600
27.5800
28.2900
28.5500
28.4500
28.7800
28.7300
29.4000
30.3600
30.0900
30.1800
30.0800
30.1500
30.0500
29.8200
29.6100
29.3600
29.5500
29.4700
29.4100
29.4800
29.8000
30.2000
30.4000
30.3000
29.7100
29.3900
29.5300
29.6900
29.8300
30.3100
30.4800
29.4300
28.5700
28.4700
27.8400
28.3600
28.5000
31.2900
30.9300
31.6300
31.2800
31.4800
31.4200
31.1800
30.6700
30.7100
30.4600
30.5200
30.1400
30.0600
30.1900
30.5800
30.9000
30.9000
31.4800
31.1900
30.9600
31.1800
31.4200
31.6500
31.4100
31.2600
31.1000
30.8900
30.7800
31.1800
31.6400
31.4200
31.3900
31.4300
31.9100
32.2900
31.7900
32.0500
31.5200
31.6300
31.3500
31.4000
31.0300
31.7400
32.0900
32.0000
33.1700
33.0700
33.0200
34.3600
34.7000
34.4500
34.2100
34.1600
34.0000
34.5000
35.1500