29.2400
28.5000
29.2400
28.7900
28.5300
29.3100
29.6200
29.7200
29.5700
30.5400
30.7300
31.3000
31.7800
31.8100
32.1800
32.3700
32.5500
32.5200
31.6000
31.7100
32.5400
32.8100
33.1600
32.9800
33.2900
34.1800
34.1200
33.0700
33.7500
33.3900
33.2600
33.8600
34.0000
33.6600
32.9100
33.6600
33.8800
33.8900
33.5900
33.6600
33.8000
33.7400
34.4700
33.6900
34.2100
33.6000
34.1400
33.9900
34.9200
34.8300
35.0000
35.2600
35.4800
35.2800
35.4200
35.0300
35.2000
35.7100
35.4500
35.0500
35.3100
36.0200
36.2500
36.1500
35.7200
35.4800
34.9100
33.1300
33.3800
33.8800
33.4800
34.0100
34.6800
34.1800
34.3600
34.7800
33.5000
33.8900
34.6800
35.0200
35.4000
35.7600
35.9400
35.9000
35.8500
35.0400
35.4300
35.0300
34.5900
34.6000
34.6300
33.7600
33.4800
33.1000
32.0400
30.9300
32.2000
31.8000
31.9600
31.7800
31.5000
32.3200
31.7900
31.9800
30.5600
30.4200
31.1600
32.0000
31.7200
31.8700
31.2400
32.0200
31.7500
31.7600
31.7500
31.8500
32.2800
32.4600
31.6100
31.5400
30.9000
31.1700
31.1600
31.5600
33.2300
33.3500
33.5100
33.1000
33.0800
32.7000
32.3500
32.6200
32.4800
32.7900
32.6900
33.0500
33.0500
32.6800
32.1100
31.4300
31.3500
31.6800
32.2500
32.5200
32.2600
32.3300
32.3900
32.3500
33.6600
33.9300
33.7600
33.4400
33.2500
33.2000
32.9600
33.1900
33.3100
33.7400
33.8000
33.7400
33.6700
33.2300
32.9100
33.4300
33.7400
33.9100
34.2500
34.0700
34.1700
34.4600
34.5800
35.3600
35.7300
35.7300
36.1800
36.0700
36.9100
36.8900
36.6700
36.2200
35.7500
35.3100
34.9900
34.8500
34.2700
33.9500
34.7600
35.0300
34.5800
34.8400
34.8200
34.9600
34.9000
34.8400
34.6000
34.8300
34.8300
34.8400
35.4400
35.9700
36.1400
36.3800
35.5700
35.1600
34.7700
34.5500
34.2800
33.9100
34.2900
34.2600
34.3700
34.1800
34.4000
34.1500
33.5900
33.3900
33.3400
33.3700
32.8500
32.6000
32.6800
33.3400
33.4000
33.9000
34.0900
34.3000
33.9500
33.8600
34.0200
33.9400
33.9600
34.2600
34.3000
34.9100
35.2400
35.1800
35.2300
35.2700
35.0200
35.1000
35.2400
35.8300
35.6400
36.5800
36.4600
36.5200
36.0700
36.2800
35.7700
36.4900
37.3500
37.4000
37.7100
37.9600
37.8400
38.2200
38.0400
38.2800
38.3000
38.4700
38.4500
38.7200
39.5000