57.8600
57.3000
57.0800
56.1800
56.6500
58.0200
57.9000
59.9200
59.8600
59.9500
59.7500
60.2200
60.0200
59.5100
59.2000
60.5200
59.2400
59.0600
59.4200
59.6800
60.4700
61.0400
62.1900
62.3300
62.5300
62.9600
63.7300
63.2700
64.2400
64.1200
63.2600
63.8100
63.6600
63.5700
63.2100
63.0500
63.4100
63.7700
63.4800
63.4500
63.2800
62.9800
62.1000
60.0900
61.1500
61.2000
59.3000
59.2600
58.9900
59.3300
60.0900
60.0200
60.0700
59.7000
59.8600
59.2700
59.3100
59.8400
60.1800
59.3900
58.9100
59.6300
60.0100
59.7600
59.1100
58.9100
58.0700
57.1900
57.7800
58.9200
59.1200
59.1000
59.7100
59.2300
58.7000
59.4800
58.7500
58.9800
59.1700
59.4500
60.4100
59.6100
59.6700
59.1700
58.6900
57.4600
57.3100
57.4300
57.6500
57.9100
58.4400
57.9500
57.4300
57.2700
55.4500
55.0800
57.1600
57.8700
58.5300
58.3600
56.9500
57.5100
56.4100
55.6600
54.3900
53.8700
54.5500
54.6300
52.2900
52.9800
52.3500
53.4000
52.9200
53.5400
53.8900
53.9400
54.3200
53.7500
52.4200
52.6300
52.1200
52.4100
52.6700
53.0600
54.8100
54.1700
54.7700
54.3900
53.5100
53.3500
52.4400
51.8500
52.1300
52.8400
51.9600
52.2100
52.8200
52.8400
52.0400
51.2800
50.2200
50.7400
51.8900
53.4700
53.4300
53.4100
53.0000
52.8100
54.3100
54.0400
54.8300
55.2900
54.8500
55.1600
54.9800
54.2500
54.7900
55.0000
55.7800
55.2900
54.8300
55.4500
55.1900
55.0900
55.0200
54.7800
55.5000
55.0900
55.5100
55.7500
55.2600
56.6900
57.1800
56.9300
57.6100
58.1700
62.8000
64.0800
63.2500
63.9200
64.9200
64.5800
65.0200
64.3200
63.8500
63.0800
63.8900
63.4900
64.3400
64.1500
64.4500
64.7100
64.6100
64.5000
64.0600
63.1800
63.2100
63.3600
63.3000
63.3500
63.8000
63.5400
63.2800
63.6500
62.5500
62.0700
62.2800
62.3100
62.9600
64.5400
63.9500
60.8100
61.0700
59.9300
59.2100
59.1300
59.4300
59.5000
58.6800
58.4700
59.2700
60.4100
60.4300
60.5200
61.5600
61.0000
59.4500
60.1600
59.3800
59.4800
59.4900
59.6100
60.2600
60.4800
60.4600
61.5000
61.6100
61.2800
61.6000
60.2400
60.3300
61.1600
60.6900
60.8500
60.6800
61.0200
60.3200
60.2300
59.6700
60.2600
62.1900
62.5900
62.6500
63.3400
62.9900
63.9100
64.2600
64.2900
64.9600
64.8600
64.8000
66.3400
67.4000