78.5900
78.4500
78.2100
77.0800
76.8600
77.3200
76.6000
76.4500
77.3200
75.9000
73.2600
73.7800
74.5200
74.8600
74.1500
76.8100
76.3800
75.4600
74.9000
74.7700
75.7500
75.8400
76.6200
76.8500
77.6000
77.8800
80.0600
80.4400
81.6100
81.6500
81.5500
81.9400
81.7400
82.2700
82.2900
82.1700
83.0200
83.1000
83.8600
83.5200
84.2300
84.5500
85.4200
84.0600
84.0700
84.6200
84.6100
84.5400
85.7100
85.4500
85.9000
85.8100
86.3400
86.5400
86.1200
86.8400
86.8300
88.1500
87.5200
86.9700
86.6500
88.6100
89.3800
88.9800
89.4900
88.6400
88.3700
87.0500
87.5200
87.2600
87.8400
87.0400
87.4500
87.7400
86.7500
87.8100
86.9400
86.1700
87.6400
88.5500
89.8100
89.5100
90.0000
90.3100
89.9600
89.1300
88.2800
87.7200
85.6400
86.1600
86.1500
85.3900
84.7200
85.2400
84.2000
84.3000
84.7400
85.0600
84.3300
85.3400
85.3800
85.5900
84.8800
84.5100
82.7900
81.9100
81.9100
83.0700
83.6000
83.9700
84.3800
85.0100
85.7000
87.3400
87.7300
88.1300
88.5200
88.5100
85.6000
86.0100
83.9900
84.0300
84.9000
85.6200
87.2600
89.0000
89.4900
88.9800
89.4500
90.6100
90.7000
90.5400
89.9000
90.2100
90.8400
89.9900
89.4100
89.5500
88.8900
87.9900
87.6900
86.8900
88.6000
90.3000
91.1800
91.4400
90.6400
90.0700
91.9300
92.2300
91.3200
91.7700
91.3800
92.2100
92.4300
93.1400
92.9700
93.2900
93.3800
93.1700
91.7100
90.8700
88.6900
89.7600
90.0900
90.8800
90.7800
90.5500
89.3000
89.6300
89.0900
89.4800
88.8300
88.6200
88.3800
86.6700
90.1500
89.4800
90.6900
91.5100
91.6400
92.1300
92.1400
92.1300
90.0800
90.4100
90.6600
89.9400
90.7100
91.8500
92.7700
93.3100
93.7400
93.3500
91.5000
90.7800
90.8400
91.7000
92.0600
92.5200
91.8500
88.0000
88.1200
89.2000
87.9100
87.7300
87.7300
88.2800
88.5600
87.5900
86.9300
86.7900
87.3900
86.3500
85.5500
85.4200
84.9800
84.4200
82.3900
83.9700
84.9300
86.8600
88.1000
88.7200
90.4100
89.8700
89.1300
89.9100
90.3300
89.8800
89.8000
88.9500
88.5300
88.6700
89.4700
89.0700
88.4600
88.7800
88.2000
87.7500
87.3900
86.5100
84.6500
85.5000
84.9500
83.7400
82.9500
83.7700
82.6500
83.6400
86.7400
85.8600
86.5200
86.2500
86.0900
85.8300
87.2900
89.2300
89.0700
88.9200
88.3400
89.1400
89.9800