59.0300
59.2200
59.8100
59.9100
60.4000
61.5700
61.6500
62.0900
61.7300
61.2400
59.6400
59.4000
59.6300
59.7300
59.5200
59.6200
58.9000
59.0800
59.0200
58.9200
59.8600
59.8100
62.2000
61.0700
60.7000
60.4300
60.3900
59.6700
60.0900
59.5600
59.5100
60.7000
61.1400
61.2600
59.7100
59.6800
59.3800
59.4200
59.5400
59.5200
60.2900
59.6100
58.7600
57.1400
57.9200
58.7300
59.4000
59.5000
61.9400
61.3500
63.0000
63.4200
63.6400
63.4900
63.4500
62.6000
63.3600
63.9900
63.1100
64.7000
63.9500
64.4900
64.7200
64.7000
63.8700
63.5300
62.6400
61.7500
62.4700
63.4100
61.2800
62.1400
63.4100
63.7800
64.6000
65.3800
64.9800
65.5700
66.2600
67.2200
66.7300
66.3200
67.3300
66.7300
66.2700
65.2600
66.0500
65.8900
64.6300
65.5300
65.4800
64.2600
63.3900
62.5200
61.6400
61.3300
62.2600
62.0200
61.9100
62.2000
62.0900
62.8000
61.3500
61.4200
58.0700
56.8400
57.2300
58.7000
58.6300
59.3500
58.1700
57.5000
57.8100
57.9000
59.0100
58.0600
59.5400
59.8600
58.6400
59.1500
58.5600
58.8600
59.6000
59.5100
61.1100
61.4900
62.1400
61.0900
60.7000
60.2400
59.6600
61.4100
60.3500
61.4200
61.1100
61.5900
61.0100
61.3100
59.1400
57.6100
57.3700
57.6700
58.4400
59.5600
59.8200
59.1000
59.1000
58.5000
60.2500
60.1300
60.7700
61.0400
60.7700
60.7300
60.4200
60.4300
60.9700
61.5500
62.0500
61.6900
62.2000
62.1600
61.8300
62.0500
62.0100
61.9700
62.5700
62.0400
62.1600
62.3400
61.8400
63.0100
63.8000
63.8800
63.9600
64.1500
65.7400
66.7800
65.6600
65.6700
66.1600
65.7400
65.8500
65.5900
64.5400
63.5100
63.8300
63.1000
62.7600
63.9400
64.3800
64.7500
64.8000
64.4900
64.4000
64.5500
64.9500
62.7300
62.9300
60.4000
59.7700
59.8400
59.4200
59.0900
58.6400
58.0000
58.4400
57.7600
58.2000
59.2500
59.1900
58.7300
59.0800
56.6000
56.2500
56.2600
56.3100
54.9600
53.6900
54.3700
54.3400
54.9100
54.8000
54.8100
55.7500
55.5500
55.0300
55.3500
55.3500
56.1400
55.3100
55.0800
55.8900
55.3300
55.8000
55.8800
56.2400
56.7000
56.5400
55.8500
57.8700
59.5200
58.6300
59.1700
58.3100
58.5700
58.0500
57.9500
57.4600
58.3100
59.5400
59.7500
60.4800
61.0300
60.2500
60.1700
61.1400
60.0500
59.4500
59.7700
59.7800
62.0100
61.8400