47.8300
47.5100
47.5400
47.3900
47.1500
47.8100
47.5500
47.6600
47.6200
47.6500
47.7700
47.4900
47.7500
47.5100
47.4700
48.2400
48.5300
48.2000
47.2700
47.2600
47.6600
47.5600
47.5000
47.3100
48.1900
48.0800
47.9600
47.4900
47.5500
47.3200
47.4300
47.9100
47.8600
47.4000
47.4000
47.4800
47.5100
47.5000
47.1600
47.0300
46.8800
46.5900
46.4100
46.3900
46.7700
47.1200
47.4500
48.0200
48.0800
47.1800
46.9000
47.0200
46.8400
46.9800
47.0400
47.0800
47.2400
47.7100
47.9000
47.5200
47.6300
47.9000
48.1200
48.1800
47.7100
47.1400
46.8300
46.0600
46.1200
46.3400
46.2300
46.6800
47.2000
47.2000
47.0600
47.7700
47.4500
48.1100
48.4200
48.4100
48.2100
48.3500
48.2300
47.7900
47.6200
47.8200
47.7500
47.8400
48.0600
48.9700
48.6000
48.4500
47.9700
48.3500
48.1100
47.8000
48.2000
48.7000
48.6400
48.8800
49.1100
49.3500
48.8500
49.3800
49.4300
49.8400
50.3400
50.9100
50.8500
51.0700
50.7600
51.2700
51.2000
51.5800
52.0100
52.0500
51.8000
51.1900
50.8100
50.5600
50.6400
50.6700
51.2400
51.4200
51.7400
52.2500
52.1300
52.0100
52.0800
52.0500
52.1900
52.1300
52.2100
53.0500
52.8700
53.2800
53.3100
53.3000
53.7600
53.2200
52.8600
52.6700
53.4700
54.3200
53.9700
53.5400
53.4000
53.2300
54.0900
54.0100
53.3800
53.3700
53.3500
53.4200
53.1800
53.2600
53.2600
53.3400
52.8000
52.6700
52.5800
52.3100
51.4900
51.7200
51.6900
51.6100
51.6900
51.5200
51.3700
52.2000
51.8800
52.5600
52.4100
52.4100
52.3800
52.2700
53.6600
53.5500
52.7400
52.0500
52.3700
52.4200
52.5600
53.4000
53.1900
53.4800
52.6400
52.8000
52.4900
52.6500
53.1000
53.3000
53.2500
53.2700
53.1700
52.8800
52.8400
52.7100
53.0400
53.1300
53.8900
54.1700
53.6300
53.7100
52.8600
52.7800
53.0800
52.8600
52.9700
52.9300
52.1700
51.8000
51.5900
50.3100
50.1100
49.3600
49.2800
49.5800
49.3300
49.1600
49.8100
49.5800
49.6500
49.4800
49.2800
49.7800
49.9000
50.4700
50.8300
51.4600
51.4600
51.3800
51.7100
51.4400
51.3400
51.5300
51.4900
51.2400
50.7500
50.7500
51.6900
52.1100
51.8600
52.2300
52.1400
51.9300
51.3300
51.0300
50.5200
50.9800
52.4000
52.3600
52.4000
51.8900
51.9400
51.9300
52.1800
51.9100
51.9700
52.1400
51.9000
52.1300
52.4400