20.1900
20.3000
20.2800
20.0400
19.9300
20.1100
19.9700
19.9800
19.9000
20.0800
20.0200
19.6800
20.0000
19.8900
19.8100
20.1700
20.0600
19.8100
19.6000
19.6600
19.7700
19.8400
19.8400
19.7700
19.9000
19.9000
19.9000
19.8200
19.8200
19.8100
19.7600
20.0400
20.1400
20.0600
19.9500
19.8900
19.8400
19.7500
19.5200
19.4400
19.5000
19.5000
19.5700
19.4000
19.5700
19.4000
19.4400
19.6600
19.5600
19.1800
19.0200
19.1300
18.9600
18.8500
18.8600
18.8500
18.8800
19.0500
19.0600
18.9300
18.8700
18.8900
18.8400
18.8600
18.8400
18.6300
18.5400
18.3500
18.3100
18.4600
18.3600
18.4700
18.5500
18.4900
18.4400
18.6300
18.5700
18.7900
18.8900
18.8500
18.8100
18.9200
18.9900
18.7800
18.6100
18.8900
18.9200
18.9200
18.8600
19.0400
19.0200
18.8600
18.6400
18.6300
18.5500
18.5500
18.6300
18.7000
18.5600
18.6500
18.9000
19.0800
18.9700
19.0600
19.2400
19.2700
19.3200
19.5100
19.2900
19.3300
19.2700
19.3300
19.2900
19.3700
19.3900
19.4700
19.4500
19.4700
19.1200
19.0400
18.9600
18.9900
19.2000
19.3700
19.5700
19.5700
19.5900
19.4700
19.4200
19.3000
19.3300
19.3700
19.2900
19.4400
19.4100
19.4800
19.5300
19.6300
19.6900
19.6400
19.5200
19.5300
19.7100
19.9200
20.1600
19.9600
19.9300
19.6900
19.9300
20.0200
19.4700
19.5000
19.5100
19.6900
19.7000
19.6200
19.4300
19.4100
19.4100
19.3700
19.2600
19.1900
19.1600
19.2800
19.3600
19.3200
19.4000
19.2700
19.3100
19.4400
19.3900
19.3200
19.2400
19.2400
19.0100
18.8100
19.0400
18.9900
18.7900
18.7900
18.7200
18.8200
18.8700
18.9800
18.9400
19.0000
18.8600
18.9000
18.9400
18.9500
19.3100
19.3200
19.3700
19.3700
19.3200
19.2000
19.3800
19.3400
19.3900
19.3400
19.5900
19.9000
20.0600
19.9400
19.8100
19.7600
19.8600
19.7600
19.8700
19.8100
19.6400
19.6300
19.6500
19.1400
19.1200
19.0500
18.9600
19.0400
19.0200
18.8700
19.1800
19.1000
19.0600
19.0800
19.1100
19.3500
19.3700
19.4600
19.6200
19.7400
19.7000
19.6300
19.7800
19.4700
19.5100
19.7200
19.7100
19.6400
19.5400
19.4600
19.8100
19.8700
19.7200
19.8200
19.7600
19.7300
19.4900
19.3300
19.3100
19.6100
20.2500
20.3000
20.4300
20.2100
20.1100
20.0200
19.4200
19.0800
19.1100
19.2000
19.0100
19.0300
19.0400