85.1200
85.3000
84.5400
84.7600
84.3300
86.1400
86.6000
88.0000
87.5200
88.0400
89.9000
87.7600
88.9200
88.3300
88.5000
89.4200
88.8300
89.0600
89.4700
89.5800
90.8600
89.8000
91.2200
90.8800
91.2700
91.6100
92.0300
90.8300
91.0800
90.5200
89.9400
91.4000
92.1200
91.9700
91.8000
92.2000
91.6700
92.9400
92.9300
91.2500
92.6600
92.5000
91.6200
90.4100
90.5500
92.9400
92.7700
93.0900
94.3100
93.6800
93.6400
93.5900
94.4600
93.9300
94.1400
92.9600
93.6500
95.4100
95.7400
94.7800
95.6900
95.8000
97.6800
95.6800
93.9200
96.2900
94.2500
92.0900
94.5400
96.8300
95.7200
96.9000
98.3400
98.4700
101.0000
101.2900
101.0100
102.0000
104.1700
105.2200
105.6600
105.2400
107.0400
107.1900
107.2000
105.6700
106.9000
106.5100
105.9400
105.7300
105.1900
103.1200
102.1800
101.7500
98.8500
97.5600
99.5400
99.2600
100.8000
104.2000
103.1800
105.1000
102.2600
103.4400
98.9600
97.7700
98.9900
101.8100
102.5800
103.6800
101.9600
104.1500
101.9100
101.7600
104.1400
104.7800
106.1800
106.0400
102.4200
104.1900
101.3300
102.8400
103.4800
103.5000
106.1200
104.7000
104.8800
105.4900
105.5700
103.3700
102.1400
100.8800
100.6600
103.3400
102.1300
104.1300
104.1900
111.9600
113.8500
110.7500
108.5600
107.4900
108.2300
110.4200
110.9900
109.4600
108.0600
107.6400
109.2000
109.9000
111.5200
111.1100
111.3700
110.8200
110.1400
108.4800
109.4300
110.0400
110.2500
109.1600
107.4700
111.0500
108.9900
109.1500
109.3800
108.8900
109.7100
108.4900
110.0200
108.1700
108.7700
113.0000
113.1400
115.7900
115.8700
115.7700
118.5800
118.8400
118.5000
117.4500
117.2400
118.3700
117.5900
116.8100
115.0300
114.6000
115.2300
114.8400
115.5500
114.6300
116.6100
117.0200
117.9400
117.7200
115.7100
115.3600
115.4600
114.2300
116.1400
117.8200
118.9700
119.0900
117.7300
117.7000
115.5400
117.1700
116.0200
116.1200
117.0800
121.8000
119.9200
121.7800
123.1900
120.6400
117.6100
117.3800
117.4700
117.4500
116.3100
115.2500
115.6200
120.0500
121.5500
121.7500
123.3700
123.0100
122.3900
121.9000
122.6400
124.2700
120.9400
120.3100
119.4600
123.2100
121.3700
123.8400
125.0400
124.5500
125.2100
129.9300
130.2000
132.4700
131.2100
134.3900
133.2600
135.2400
134.7400
133.1200
132.7000
135.3500
138.5500
137.7500
139.4700
138.2600
140.2300
141.4000
141.7700
142.1000
141.0300
140.1400
139.1300
141.9800
142.7300