28.8200
28.7300
28.7700
28.5200
28.7800
28.7500
28.2100
28.0000
28.0900
27.9300
28.0900
27.8000
27.5000
27.8200
27.6400
28.2300
28.2000
27.8000
27.5900
27.7900
27.8600
27.5600
27.5400
27.4900
27.7200
27.7800
27.7100
28.4500
27.9200
27.8500
27.9500
28.3700
28.4700
28.2800
28.5500
28.6100
28.8500
28.7300
28.6800
28.5500
28.5700
28.4600
28.5600
28.2500
27.9500
28.0800
28.2600
28.5100
28.3800
28.1000
28.1800
28.3100
28.0900
27.8100
27.7100
27.6700
27.6700
27.7400
28.1600
27.9200
28.0100
28.2600
28.2000
28.1700
27.8900
27.6300
27.6600
27.0600
27.0700
27.1000
26.7700
26.9300
27.0900
26.9000
26.9000
27.1500
27.0600
27.2700
27.0900
27.3800
27.3100
27.3500
27.5800
27.4600
27.2500
27.3500
27.3700
27.5800
27.4500
27.7200
27.5200
27.3800
27.0900
27.3700
27.3200
27.1900
27.1100
27.3200
27.1000
27.4100
27.5200
27.6100
27.2900
27.3700
27.4700
27.5500
27.6000
27.5600
27.6500
27.8800
27.6400
27.6100
27.5900
27.7300
27.8100
27.8600
28.0000
27.7200
27.6300
27.4900
27.4500
27.4900
27.7000
27.7600
27.8100
28.1700
28.1200
27.8700
27.9100
27.8200
27.9900
28.2200
28.1400
28.4700
28.6000
28.7600
28.7600
28.9400
29.0300
28.8600
28.6300
28.5300
28.7900
29.1700
29.2000
28.9000
28.8700
28.5900
28.6800
28.7400
28.4900
29.1300
29.5600
29.9200
29.9300
29.7400
29.7000
29.5000
29.4100
29.4900
29.3100
29.2900
29.0700
29.2800
29.2800
29.3000
29.4000
29.3600
29.3300
29.6100
29.6400
29.2100
29.2400
29.1300
28.9300
28.8100
29.2400
29.0700
28.9700
28.8300
28.7700
28.7000
28.7300
29.0700
28.9800
28.8700
28.6400
29.0500
28.8000
28.9600
29.1900
29.3600
29.1200
29.2400
29.3200
29.3000
29.4700
29.4400
29.4500
29.5200
29.8600
30.1500
29.7800
29.7400
29.5600
29.3700
29.5500
29.4900
29.5700
29.4300
29.1900
28.7800
28.8100
28.3000
28.7300
28.6800
28.2600
28.3200
27.9800
27.9500
28.5400
28.3700
28.3300
28.2300
28.0800
28.4400
28.8100
28.9400
29.0600
29.3500
29.0700
28.9600
29.3500
29.0000
28.9800
29.0000
28.9800
29.0600
29.1000
28.7900
29.2700
29.4500
29.1400
29.1100
28.9200
28.9200
28.6200
28.5200
28.1800
28.6300
29.0900
29.2000
29.2100
28.9200
28.7900
28.9600
29.0000
28.9500
28.9500
28.9100
28.7100
28.9900
29.3800