51.3000
51.5000
52.5400
52.7300
52.2600
53.4200
54.3500
55.1100
55.2500
54.6300
56.1200
56.9400
57.3600
58.2500
58.0800
57.7800
55.5900
57.2200
57.3800
57.2400
58.3300
58.3200
59.8700
59.9900
60.4300
60.5400
59.8500
59.0000
60.1700
59.4100
60.2000
60.9200
61.3900
61.3600
60.8300
61.2400
61.0900
60.6200
61.3100
61.1600
62.0100
61.3400
61.5300
59.7500
60.7800
61.8800
61.9700
61.2200
63.0700
61.5800
63.2400
63.7100
64.1100
64.6500
63.8900
62.8800
62.9900
64.0500
63.5500
63.4200
62.7600
63.3900
64.5000
63.6500
62.8200
62.5200
61.1300
59.3300
60.3700
61.4000
59.9100
60.0700
61.1600
60.5300
60.1700
59.7300
58.9300
59.2600
60.1900
61.3100
61.3700
60.5400
60.8800
60.9400
54.8100
52.8900
52.1900
51.5800
51.0600
51.6400
51.5100
49.8100
48.7400
47.4600
46.0400
46.1000
46.6900
46.6800
47.0400
47.3300
47.2000
47.8700
46.6500
46.4500
44.7400
44.7500
45.9900
47.8400
47.9400
47.9700
46.8300
47.6100
47.1900
47.8000
48.5900
47.3800
48.3300
48.4000
46.8200
47.0800
45.6500
45.8000
46.5600
46.7700
48.4300
48.2600
49.0000
48.1800
47.8000
47.4200
47.0400
47.7700
47.5500
49.1400
48.3500
48.6500
48.6500
48.5700
46.7000
45.8300
45.4600
45.8500
46.6200
48.0800
48.5700
48.2800
47.5800
50.0400
52.0300
52.1300
53.3400
53.6200
53.7500
53.8900
53.8200
53.5400
54.0000
54.3100
54.1900
54.5800
54.9300
54.5900
53.8000
54.6200
54.1500
53.8300
54.4900
54.0900
54.5100
54.6300
54.6700
56.2600
57.1900
56.1200
56.6800
56.9100
57.9600
58.6300
58.0700
57.5400
57.5400
57.0500
56.9500
57.1300
55.5600
53.7400
54.8200
54.5100
54.4800
54.4800
54.4100
55.7800
56.7000
56.6700
56.6200
56.0500
56.9200
56.0500
56.6600
58.0400
58.9300
59.8900
58.0400
58.1000
56.9700
56.5700
57.3100
57.3000
57.0500
57.6900
57.2400
56.9900
58.0300
55.3900
52.7600
52.7100
52.1900
50.9300
49.9500
50.4200
48.7400
49.8100
50.7800
51.1300
52.0200
51.7800
50.8300
51.6000
51.8300
52.1200
51.9600
52.0600
52.6100
52.6300
52.4700
52.5000
52.4200
52.6700
51.7600
50.9200
52.0000
53.1200
53.2500
54.4800
53.4300
53.2200
53.0800
53.0500
52.4700
53.3300
56.0200
55.6500
56.5200
55.7900
55.6600
56.3100
57.9000
57.6000
57.2000
57.1400
56.8100
57.7400
57.7100