135.1900
131.3600
133.0300
132.2800
132.1200
133.6300
134.2200
133.7600
134.9400
134.8700
135.5500
135.6600
135.8300
135.9800
135.6000
135.9100
136.6500
137.5200
137.1600
138.8600
138.5200
139.2500
141.3400
138.9100
139.3800
139.5300
138.1900
137.7100
140.0900
138.5200
136.8700
139.5400
138.7400
136.9900
136.2200
138.3900
137.1200
135.6300
135.0300
134.0700
134.1500
133.4000
133.5000
131.3400
131.0400
129.3400
130.7200
130.1600
132.5300
132.4600
133.8200
136.5200
136.9200
137.1400
136.9300
135.5000
137.0700
137.8900
137.2800
137.0400
137.5700
138.1700
138.8200
138.3600
136.6200
136.3600
135.5900
134.3300
136.8200
137.9700
136.7800
137.9200
138.6200
137.6100
137.7800
139.7200
138.6200
141.6600
142.4900
142.6700
143.9100
143.2600
145.0400
145.5000
144.9700
140.4900
140.7100
140.6500
139.2800
139.0900
139.4200
136.9600
135.7700
133.9500
130.6100
130.5100
133.1800
132.1800
132.1100
132.9100
133.2900
134.8000
132.4800
133.4700
132.0000
132.6600
133.6700
136.5300
136.5600
138.7100
135.7200
136.5600
135.6900
137.2700
137.7800
139.2300
139.6500
139.3000
138.1600
137.9900
137.7500
140.0500
140.2100
140.9700
144.4100
145.1400
145.1100
144.1700
144.6100
144.8500
144.1500
144.0600
144.8100
146.6700
147.3900
148.9800
147.8800
146.1500
145.7600
145.4700
145.1300
144.9800
147.0500
149.3700
149.9100
148.9500
148.6200
148.8100
147.9000
146.3100
145.5300
145.0900
143.7400
144.5600
143.7800
143.1100
143.8300
144.9600
145.3900
142.5800
142.4700
142.4700
141.3000
142.6800
142.4800
143.6100
143.6600
144.6100
145.5600
146.6400
146.4500
147.4800
146.8200
144.2100
144.0300
145.6300
147.5800
148.7700
147.6900
145.6600
144.0200
142.0500
141.5100
140.9300
139.7600
139.3500
139.0000
139.1700
138.9600
139.2300
139.6900
139.0200
139.1900
139.1900
138.6900
138.6000
137.5300
136.5400
137.2600
137.8100
137.2000
137.7200
138.0200
136.8800
137.1100
137.9400
137.1700
136.5600
138.6300
139.8800
140.3000
140.0400
141.0300
143.3400
141.9200
145.7000
145.2800
146.8500
145.0000
144.2500
143.8600
144.9400
144.5300
144.2900
145.2700
145.3000
142.7200
142.3300
141.2800
140.6400
142.5200
142.5000
141.5500
141.6600
142.3200
141.0100
141.3600
140.8800
139.5300
140.1000
142.4000
143.7800
143.9100
146.1400
145.2300
145.8700
144.3800
144.3700
143.4600
144.9600
146.0900
145.5500
146.2200
145.9500
144.9600
145.4900
146.2800
147.0500
146.3100
147.6700
147.9600
148.0900
150.2600