21.5600
21.6100
21.8800
21.7200
21.6100
22.0300
22.0500
22.1400
22.0400
21.6600
21.5500
21.6900
21.4000
20.8600
20.8900
21.4800
21.4700
21.6700
21.8000
21.6000
22.0800
22.2100
22.3000
22.4400
22.4400
22.2000
22.4600
21.8800
21.9500
22.2000
21.9200
21.8800
21.7400
21.7900
21.2700
21.2800
21.0700
21.3400
21.3000
20.9000
21.1800
20.9800
21.2500
20.7200
21.0300
21.4200
21.6600
21.6000
21.7800
21.6500
21.8900
21.9400
21.7800
21.3900
21.3100
21.2500
21.4100
21.6400
21.3600
21.0600
20.9400
20.9000
21.0300
21.1200
21.5600
21.6500
20.8900
20.3400
20.7300
20.9800
20.7400
20.8900
21.3500
21.1300
20.7800
21.2300
20.8200
21.0700
21.4300
21.6200
22.0600
22.1200
22.3100
22.6300
23.5000
23.1600
23.5000
23.3700
23.1100
23.0400
23.1300
22.9000
22.6000
22.7400
22.0100
21.6600
22.1300
22.2300
22.6000
22.9100
22.7000
22.5300
22.1400
22.5800
21.6000
21.3700
21.2900
21.9300
22.2700
22.5400
22.1800
22.3900
22.2900
22.8800
22.8100
23.3300
23.2400
23.1500
22.7300
22.8300
22.3400
22.5700
22.9100
23.5400
24.0700
23.8900
23.6500
23.8300
23.5000
23.5000
23.0900
22.7300
23.1100
23.3900
23.2800
23.5100
23.5000
22.7100
22.0100
22.2200
22.0500
22.1100
22.6900
23.1400
23.2700
22.9900
22.4700
23.9300
24.7100
24.4800
24.5600
24.7600
24.5800
24.7800
24.5600
24.5500
24.7700
25.0800
24.9600
24.6800
24.7600
24.3400
24.3100
24.2000
24.1300
24.2300
23.9200
23.6200
24.0000
24.0700
24.0200
24.7800
24.7500
24.4600
24.5400
24.8700
25.7000
25.8200
25.5400
25.5000
25.3400
24.9300
24.9000
25.0500
24.7200
24.7300
24.7300
24.7000
24.6900
24.8200
24.8800
24.8300
24.7500
24.6300
24.1800
23.9300
24.0700
24.3000
24.1100
24.5000
24.2400
24.1400
23.5500
23.3300
23.2500
23.2800
23.5500
23.6000
25.9300
25.7200
25.4500
25.9800
26.4000
26.6500
26.0400
26.0900
25.8500
25.5000
25.0300
24.9800
25.1000
25.2900
25.1400
25.2000
25.4700
25.6500
25.1100
25.1000
25.4000
25.8600
25.8100
26.1100
25.9300
25.7000
26.0200
26.9200
26.9700
27.3800
27.0500
27.0900
27.2600
27.5900
27.2700
27.6000
27.2100
27.1900
27.0400
26.9900
26.4800
27.2900
27.9100
27.6700
27.9600
28.2500
28.4700
28.8200
29.1900
29.0200
28.6600
28.8800
28.5800
28.6100
28.8400