107.8500
108.9900
107.9100
107.9600
106.9200
107.5800
107.7200
109.5300
108.5400
109.8300
111.0800
110.6700
109.3200
109.6100
109.1000
106.0700
106.4500
105.7900
106.3900
106.2000
106.7100
105.6900
108.0200
108.3300
108.4900
108.3300
108.2300
107.1600
107.1800
107.2700
107.6600
108.9700
110.0000
110.0000
109.6700
110.0500
109.8900
109.9100
109.6800
109.0000
109.8000
109.7000
108.4200
107.4600
108.1600
109.9500
109.6800
110.0100
111.1300
110.4600
110.4800
110.7200
111.1800
110.7800
111.7200
110.8600
112.1700
113.9900
114.5600
113.7400
114.3800
114.6400
115.0400
114.7800
113.7300
113.9400
112.3500
109.6500
111.3700
113.6200
112.0300
112.9500
114.2500
113.9800
113.8200
113.6900
112.6700
112.4300
113.7700
115.3300
116.4700
115.7000
116.1900
116.4400
116.1800
114.7200
114.7300
114.3700
112.2700
111.7500
111.6800
110.4000
110.0100
109.3700
105.8700
105.1100
108.3800
107.6800
108.3500
108.7800
107.8700
109.3900
106.2600
106.2400
103.5100
103.9800
102.0900
104.1900
104.6700
105.9100
104.9400
106.5500
104.6700
104.5300
105.5800
105.9200
108.1500
107.3600
104.8800
105.3600
104.0400
104.4100
104.1300
105.3400
108.7300
108.3400
109.6200
109.7800
109.0100
109.0500
107.6600
107.3600
105.8600
107.3600
107.1000
108.6200
108.6500
109.1200
107.5300
106.2800
104.8100
102.9400
104.4800
106.0000
105.4100
103.7600
103.9800
103.0700
105.7800
105.0500
107.0400
107.9800
107.9700
108.1600
107.7000
107.3000
107.9700
108.7000
107.7100
108.4700
108.0300
109.5500
107.6100
107.1200
105.9100
104.6000
105.1300
104.8200
105.5000
104.2300
104.4300
106.5600
107.0200
106.7900
106.5800
105.9900
106.5300
107.9400
107.9600
108.2700
108.4000
108.5500
107.8100
107.0500
106.3000
103.8500
104.4300
103.8800
104.0100
103.7900
104.5100
105.3600
105.6100
105.6500
105.3100
103.8500
103.7000
103.8700
104.8800
106.5800
108.2200
107.9700
104.8800
105.2600
104.9500
104.5900
104.7800
105.3000
106.2100
108.4900
109.7000
109.4700
110.0000
109.0600
107.9800
107.4000
107.4300
107.2300
106.2100
105.5300
104.2900
105.6500
105.5600
105.1800
106.9300
106.7100
106.3100
106.5600
106.1100
107.2100
105.3700
105.7100
105.9300
106.2900
107.3100
107.8400
107.9800
106.6300
107.4800
106.9600
107.7200
109.5200
108.4000
109.4600
108.6600
109.7400
110.0900
109.5800
107.9000
109.4500
112.5800
112.5800
113.3400
113.0900
113.8800
113.8700
114.1800
114.0000
114.1000
113.8100
112.5700
113.2300
113.5200