92.6300
93.5600
95.5000
94.0100
95.0100
97.6600
94.3500
96.5600
97.6300
99.1500
99.6000
100.8900
97.7100
100.0900
98.2300
101.4900
98.7100
97.4200
97.6400
99.3000
98.9100
102.6600
104.3900
105.7400
108.3500
109.8400
110.1700
109.1700
111.8500
110.7900
113.4600
114.8800
113.6700
113.7600
113.7000
114.7000
116.2400
113.9000
111.9100
109.6400
111.9000
108.4000
106.1600
103.2700
105.3400
107.7000
108.5500
106.9600
107.9300
106.4000
106.5500
110.0100
111.3100
106.3500
103.7900
100.6900
101.7500
105.0000
106.6500
105.3600
105.2000
111.5900
112.1000
111.9300
109.6300
109.6000
107.4800
105.1200
103.6400
107.8300
106.6900
104.6000
107.6900
105.7200
105.8900
104.9800
105.4900
106.7100
113.6100
115.6400
115.6400
115.8200
116.1600
112.6400
110.8600
106.9300
105.4700
103.8800
102.1900
104.2300
101.9500
98.7600
97.9500
97.6600
96.7200
95.3600
99.8400
100.6800
99.3000
98.0300
99.2100
102.7100
98.3500
96.7000
88.3000
86.8200
89.5200
94.5300
95.2700
94.2900
90.2900
92.7600
88.9500
88.1700
89.8500
87.0500
90.3200
86.0000
80.8400
83.1300
78.7800
80.6900
82.2400
83.3100
88.2100
86.7200
91.0500
88.0400
86.1600
85.9800
82.8000
85.0800
83.8800
85.0500
84.8700
88.3600
89.9000
93.4900
92.7500
88.7100
86.9600
87.7900
89.5200
92.3600
90.3800
88.6300
93.8600
92.0000
97.4300
96.8700
98.5700
99.4300
99.8700
98.2900
97.2600
97.1800
98.7500
100.0700
100.4300
98.3100
96.8200
97.3800
96.1300
98.6500
98.0600
98.3700
98.5400
96.1400
97.3600
97.2600
96.0200
99.3100
103.1700
103.2000
105.5700
106.5700
109.2800
113.1600
112.0200
108.7200
107.1400
106.5200
106.2300
104.0800
103.0100
101.5800
104.6600
104.4000
103.9000
104.6700
102.9300
104.0000
102.9400
102.5900
105.3300
102.5600
104.1100
102.1500
105.4700
108.3600
108.1800
107.7800
105.3000
104.8400
102.5500
101.6500
104.2700
103.6300
105.6500
109.3400
105.9600
107.7700
109.1000
105.5600
102.3500
103.9000
102.7400
103.6300
101.7900
102.8200
102.7800
105.1500
105.5200
106.2200
107.9900
106.3500
104.8300
104.7400
106.6400
107.0000
104.8300
102.3900
104.8500
103.2500
102.9500
101.7000
104.2300
105.6000
103.1800
102.9500
104.5200
107.7500
107.2200
108.7900
108.5200
107.6300
106.3000
104.9500
102.4100
106.5900
109.7500
111.3200
113.1700
112.1300
112.4100
111.2000
112.5600
111.8500
111.7400
110.8600
113.0000
114.1400
113.7300