55.2700
55.8300
56.0600
56.1600
55.9100
55.7500
55.6200
56.3300
56.5400
57.1400
57.5900
58.0000
57.7300
58.1500
58.6800
58.9900
57.8100
57.7900
58.6300
58.8200
59.5600
60.7300
61.0600
61.0700
61.5500
61.4700
61.9400
61.7300
61.7400
61.7100
61.5800
62.2700
62.5200
62.7800
62.5500
63.5100
63.4400
63.3100
62.6800
62.1800
62.6100
62.4300
62.1100
61.5600
62.7200
63.3200
63.9300
63.8500
64.8500
65.1100
65.2100
65.4100
66.7500
66.7500
66.4300
66.2900
66.6800
68.5900
68.4900
68.1200
67.9300
68.0600
68.3200
68.1300
67.3900
67.1900
66.5000
66.2200
66.2200
68.3300
66.6700
66.2500
67.2300
66.9900
62.5600
62.2500
61.5600
61.8600
63.2600
63.9100
64.1800
63.8300
63.6400
64.2400
63.5500
61.9100
61.9200
62.6700
62.0100
62.4800
61.8600
61.4600
61.4400
59.1100
57.1600
55.9800
57.2200
57.9300
58.1400
57.1500
57.3200
58.3900
57.4500
57.3100
55.1200
55.8500
57.1800
58.4000
58.0000
58.7600
57.7900
59.4000
58.9400
56.7900
56.5000
56.7700
57.0200
57.0000
55.1300
55.6400
53.5600
53.9200
54.9100
54.3000
55.6800
55.6700
56.2600
56.2500
55.3100
55.3200
55.1700
54.3700
53.7300
54.9800
54.3600
54.4600
56.0500
58.4400
57.6800
57.3200
56.7900
57.2800
58.2100
59.3400
59.1500
59.6800
59.5200
58.8800
60.2400
60.1300
61.3400
61.4500
62.0000
61.9800
62.1000
62.3900
62.5200
62.5700
63.2900
62.8000
62.0800
62.1700
62.0400
62.4300
62.3700
62.0100
62.1100
61.2000
61.4600
60.8100
60.6800
62.6200
61.9300
61.2900
61.8500
62.4400
63.8500
64.8800
64.8100
65.0800
65.0800
64.3500
64.2700
63.6700
62.7300
62.3200
63.4900
62.4700
61.9100
61.7900
62.0700
62.6500
62.6400
61.4000
60.3900
59.7800
59.2100
58.8900
59.2900
60.3600
60.9800
59.9600
58.7500
58.6800
58.3100
57.6300
57.4300
59.0400
58.6100
59.7300
59.3000
60.4300
60.3700
58.1200
60.6700
61.6200
61.6200
62.1300
61.7300
61.2800
61.9300
62.0900
62.1400
62.1400
63.1300
62.4900
62.2600
62.6500
63.3500
63.6200
63.3700
63.4700
63.6300
64.2000
63.8600
63.9300
64.3500
63.4900
62.7600
59.8300
62.0400
63.3600
62.5500
62.8600
61.6100
61.9000
61.5900
61.5100
60.6400
61.8600
64.7500
64.4500
63.5000
64.0100
63.9100
64.8800
64.7800
64.9000
64.2400
64.4400
64.7900
65.1400
64.6800