15.2300
15.1400
15.3000
15.4700
15.7300
15.6700
15.7900
16.1000
16.0100
16.2800
16.4400
16.5400
16.5500
16.6100
16.9300
17.1000
17.0500
17.5500
17.4200
17.3200
17.4200
17.1800
17.6300
17.4800
17.6400
17.7600
17.5000
17.2900
17.4800
17.4100
17.3900
17.5200
17.4800
17.1800
16.9800
17.3900
17.4000
17.4400
17.4100
17.1900
17.4300
17.1100
16.7200
16.5800
16.9300
17.3600
17.5800
17.4600
17.6900
17.4200
17.5200
17.3500
17.5400
17.6400
17.9000
17.6900
17.7000
17.9900
17.9300
17.8800
17.8600
17.7600
17.7900
17.6500
17.5000
17.1100
16.8200
16.2600
16.4400
16.7500
16.5000
16.2900
16.5300
16.4700
16.7000
16.7100
16.4600
16.4800
16.7800
17.3100
17.3200
17.2500
17.2800
17.3200
16.8600
15.2600
15.1400
15.2700
15.2600
15.1700
15.2700
15.2900
14.9600
14.6300
14.4200
14.0600
14.6800
14.6100
14.5900
13.8500
13.9100
13.9500
13.8100
13.6100
13.5100
13.5600
13.7300
14.2200
13.8000
13.7900
13.4200
13.8100
13.7400
13.6400
13.9300
14.0500
14.2200
14.2900
13.9600
14.0200
13.3900
13.2800
13.5800
13.3100
13.6900
13.7300
14.0000
13.8500
13.4500
13.3100
13.1100
13.1500
12.9100
12.7800
12.5800
12.5300
12.6700
12.6800
12.7000
12.4400
12.1800
12.1600
12.6000
11.1600
11.8600
11.5400
11.3800
11.3700
11.5600
11.6500
11.8600
11.7800
11.9200
11.9800
11.9900
11.6300
11.8700
12.2600
12.2500
12.3500
12.4400
12.3400
12.1400
12.2100
12.2300
12.3900
12.5000
12.3300
12.1700
12.3300
12.1800
12.6100
12.5600
12.3800
12.4800
12.4900
12.6200
12.9200
12.7800
12.8400
12.6000
12.2400
12.1400
11.8100
11.5100
11.5700
11.9200
11.4200
11.3300
11.3800
11.0900
10.7900
10.5900
10.4500
10.2100
9.9800
10.0200
9.8900
9.8200
10.0400
10.0200
9.7900
9.4400
9.5200
9.5800
9.5300
9.3100
9.7500
9.3800
9.6700
9.2800
9.3500
9.7100
9.2800
9.2300
9.5200
9.2800
9.0900
8.9900
9.0000
8.8000
8.9200
8.9700
9.1000
9.2600
9.2400
9.2800
9.1300
9.4700
9.4800
8.7500
8.8400
9.0000
8.9000
8.8300
8.9900
9.2300
9.0300
8.9600
8.8600
9.0700
9.4300
9.7300
9.7800
9.7800
9.7800
9.7000
9.6300
9.5500
9.7300
10.1600
10.1000
10.1700
10.0500
9.8200
9.7600
10.0000
10.0900
10.1800
10.7400
11.2600
11.2800
11.0500