54.3800
54.3500
54.9200
54.6500
54.6600
56.1600
55.9500
55.6400
55.0500
55.0500
56.0700
56.5800
55.4900
55.0400
54.5400
56.0100
56.5000
57.1800
56.9200
56.2800
56.9400
53.0200
52.6200
52.5000
53.0600
53.5800
54.1500
53.8000
54.8500
54.1200
53.5000
53.9200
53.7000
52.8300
51.9800
52.9700
52.3200
51.9100
52.4200
53.2300
54.2000
53.5200
52.7500
51.8600
52.1500
52.9400
53.5000
53.5600
54.9100
54.1600
55.5100
55.3700
55.5500
54.6300
54.7400
53.7900
54.2100
53.7800
53.0600
52.8100
52.7200
52.8000
53.9000
53.3300
53.4200
53.4000
51.9100
50.1300
50.4000
51.0000
49.7400
49.9400
50.2700
49.6200
49.0300
49.2000
48.3800
48.4100
48.9800
49.0300
49.2200
48.7200
49.3300
49.9100
48.7800
47.2600
46.6100
46.8800
46.1300
45.4800
45.2200
44.4200
44.2500
43.5700
42.1000
41.1000
42.4700
42.4100
43.3900
44.0800
43.5900
44.2900
42.9400
43.2100
41.6900
41.5200
41.6600
42.8400
42.7400
42.9000
41.9500
42.1800
41.2300
41.1400
42.1400
42.3000
42.5500
42.4100
40.7500
35.4400
34.3400
34.5900
34.7600
34.9800
36.0100
35.3100
35.2600
35.0800
34.3300
34.3800
33.6000
33.4300
33.4000
34.6900
34.4100
34.8400
35.3300
35.7900
35.1400
34.6600
36.7200
37.5000
38.0900
39.3900
39.2800
39.4400
38.7300
38.4800
39.3800
39.6400
39.9700
40.3300
40.5600
40.8300
41.0600
40.8900
41.2700
41.6000
42.5900
41.9500
41.9600
41.1900
40.6200
40.4900
40.6200
40.4400
40.1600
39.8100
40.0100
40.0100
39.8100
41.0200
41.6700
42.3800
42.7600
42.6700
43.0200
42.9900
41.6900
41.2700
41.7600
40.5200
40.0100
40.2300
39.0600
38.7000
39.0700
39.0600
39.2900
38.9100
39.2100
41.5600
42.0200
42.1200
42.0700
41.9600
42.4000
42.2900
42.8800
44.0800
44.4700
44.3400
43.5200
43.4300
45.8200
44.5900
44.4700
44.8000
45.1200
46.3900
45.7400
45.3100
47.5100
46.1700
45.5100
45.1700
45.6000
45.4900
44.0100
43.7700
44.2200
45.3700
45.4300
45.6000
46.0200
46.1200
46.3300
46.6000
47.5500
47.0700
47.4000
47.6900
48.0600
48.4300
48.5900
49.3400
49.1200
49.2500
49.2700
49.6000
48.8200
50.9400
50.8300
50.7900
50.4200
50.4500
49.7200
49.1200
48.6900
49.9300
51.0900
51.9600
51.9300
51.6500
51.3900
52.0200
53.2100
53.1200
53.2700
54.3200
54.3700
54.8000
55.0000