41.2300
40.7600
40.6000
40.4400
40.6600
41.1500
40.9400
41.1000
41.3200
41.6200
41.2000
40.2200
40.2200
40.4900
39.7200
40.3200
40.0700
39.4200
39.5600
39.2300
39.5900
39.7800
39.7500
40.0000
40.1100
39.6200
40.2200
39.7400
40.1500
40.3800
40.3700
41.0000
40.8900
40.6600
40.3200
40.6500
41.2800
41.8200
41.5800
41.9300
42.1600
42.0700
42.4200
42.2700
41.6900
42.1700
42.0800
41.8900
41.8600
41.3300
41.3100
41.3500
41.3100
41.1900
41.3600
41.3000
41.0000
41.4400
41.3600
41.1900
40.9900
41.4400
41.5600
41.4900
41.4400
42.0700
41.5200
41.1400
41.6600
41.7900
41.6000
41.4300
41.7100
41.4300
41.6400
41.8000
41.7200
39.6500
39.6500
40.6000
40.5800
40.8300
40.7700
40.6500
40.5400
40.3700
40.2700
40.7200
40.0400
40.5700
40.5000
40.4700
40.3800
40.6700
40.6700
40.6900
41.0900
41.2200
41.3600
41.8900
41.9700
42.3300
41.9300
41.8400
41.0600
40.7600
40.5500
41.2700
41.1400
41.1300
41.2100
41.3400
41.7400
42.4900
42.6800
42.9900
43.3000
43.4100
43.2200
43.3300
43.3000
43.6900
44.0400
44.1300
44.8700
45.5200
45.6800
45.4600
45.5000
45.5400
45.8200
45.7000
45.6000
46.1000
46.1600
46.3000
46.5500
46.2400
46.1200
45.7400
45.3500
45.4100
45.5400
46.1500
46.4800
46.2700
46.5200
46.2000
46.6100
46.5900
45.6900
45.7900
45.3900
46.0100
46.0600
46.6000
46.5900
46.6800
46.5800
46.2900
45.8000
45.4600
45.0400
45.5300
45.5500
45.9900
46.1500
46.0600
46.1000
46.4600
46.1100
45.2300
44.4600
44.4000
44.0300
43.2000
43.9300
43.9600
43.7300
43.5500
43.6100
43.9500
43.9900
43.8700
43.6000
43.6600
43.5500
43.3400
43.4500
43.3700
43.9500
44.2700
44.2100
44.0500
42.8900
42.6500
42.1900
41.9800
42.4300
42.6900
43.1300
42.7700
41.9500
42.5200
41.9200
41.0700
41.3500
41.3000
41.6400
41.7500
41.0800
41.5700
41.7800
41.2400
40.9800
41.3900
40.6700
40.8800
40.0700
39.9800
40.9200
41.9900
42.3100
42.5700
43.0800
42.9300
42.9200
43.6400
43.4500
43.7200
43.9000
44.0600
43.4600
42.9400
43.0300
42.8000
42.8100
42.8700
43.0300
42.7800
42.8800
41.9400
42.0400
42.1000
41.7400
41.6500
41.2600
41.2100
40.9900
41.4300
42.8800
42.7500
42.7900
42.1600
41.6600
41.8500
42.2600
42.6200
42.7000
42.4800
42.2300
42.4400
42.5300