32.0000
31.8200
31.1500
31.2500
31.1900
31.7800
31.5500
31.8100
31.2600
33.1000
34.7800
34.6800
34.5500
34.8600
34.5600
35.4400
34.8200
35.1200
34.1500
34.0100
35.2100
36.7600
36.6100
36.7300
36.6000
36.9500
36.5500
37.0600
37.9600
37.7200
37.1100
36.9500
37.2700
37.7000
38.3700
38.4700
38.7800
38.5300
36.2400
36.8700
36.6000
35.9400
35.5400
34.8600
35.4900
36.0400
35.5800
35.2100
36.2300
35.9300
35.8900
37.0300
36.5600
35.3800
34.3400
33.4200
33.5200
33.3500
32.8100
32.5400
32.5800
32.9300
33.0300
32.6400
32.7500
32.7400
32.2100
31.2900
31.0000
33.9900
33.0600
32.4000
32.9800
32.8600
33.5300
33.6200
33.2800
33.3700
34.0000
34.6000
34.6800
34.5300
34.5300
35.0400
35.1000
33.3800
32.7300
32.3100
31.9700
32.2500
31.7300
30.9500
30.4000
30.4400
30.4600
30.1900
31.0800
30.8200
31.7700
31.4800
31.7900
32.5600
30.5500
30.0000
29.4900
29.4100
30.5200
31.3700
31.2800
31.3300
30.4300
30.9900
30.6800
31.3600
31.4200
30.8500
31.9900
31.6500
29.9600
30.0500
28.9900
29.4400
30.3700
30.9100
32.3300
32.7100
33.9700
33.5200
32.7100
33.3600
32.7800
33.9500
33.8600
34.4200
34.1700
34.1200
34.6100
35.1100
35.1800
34.5600
33.7100
34.0200
34.7000
35.7900
36.3400
35.1300
35.7000
34.8400
35.1100
35.0400
35.2800
35.4200
35.7000
35.7200
35.4000
35.1600
35.6200
35.8700
35.9100
35.8500
35.5800
35.9200
35.6000
35.8400
35.5100
35.2800
35.3100
34.6300
35.1800
35.1100
35.2500
35.6500
36.1400
36.6400
37.3200
36.9700
37.0900
37.1400
36.3800
36.8500
35.9700
35.8900
36.0600
35.2200
34.5900
33.8100
34.1500
33.7700
33.5100
33.3600
32.7000
32.8600
32.6000
32.5800
32.7800
32.2200
32.5300
32.5700
32.5900
33.3400
33.8100
34.6000
34.2800
34.0000
33.3700
32.7100
33.2400
32.8000
31.7100
32.0700
32.4100
32.5800
32.6900
32.2400
31.5100
31.4800
31.6500
31.5300
30.9600
31.3100
31.6600
32.7600
32.3300
32.2400
32.9100
32.1400
30.9700
30.9800
31.2200
31.7300
31.6400
31.8800
32.4600
32.4200
32.7000
32.3000
32.1700
32.1000
31.7200
31.4700
31.4400
32.2500
32.3900
32.6900
32.1100
31.7500
31.2900
30.9300
30.4800
31.2700
32.2100
33.4400
34.2500
33.7900
33.7700
33.7500
34.6200
34.3600
33.6900
33.7700
33.6300
33.8200
34.2100