4.3500
4.3400
4.5200
4.4100
4.5300
4.7000
4.8000
4.6900
4.7900
4.8000
4.9100
4.9400
4.9100
4.9200
5.2300
5.3200
5.1700
5.3100
5.1700
5.2200
5.3200
5.4400
5.6400
5.5900
5.5900
5.5200
5.6800
5.6700
5.7500
5.6500
5.7800
5.9100
6.0000
5.9800
5.8000
5.9100
5.8000
5.8300
5.8300
5.7600
5.8500
5.9600
5.9300
5.7500
5.8300
5.7900
5.8000
5.6300
5.7800
6.1700
6.4400
6.4100
6.3500
6.4600
6.5900
6.4400
6.4300
6.6100
6.5800
6.5500
6.5200
6.5900
6.5800
6.6500
6.4700
6.4300
6.2200
6.0800
6.1900
6.3000
6.1100
6.2100
6.2900
6.2100
6.1200
6.0700
6.0900
6.4500
6.6500
6.7500
6.8800
6.7400
6.8400
6.8100
6.9800
6.7000
6.7100
6.7000
6.5600
6.6700
6.6600
6.4600
6.3300
6.2700
6.1900
6.1300
6.2000
6.2900
6.3100
6.3300
6.3200
6.4500
6.2000
6.2900
5.8800
5.5500
5.6500
5.9500
6.0900
6.1500
6.0000
6.1900
6.1900
6.3300
6.4500
6.6300
6.7300
6.7400
6.5100
6.6700
6.4000
6.3600
6.4100
6.5400
6.7500
6.8500
6.8600
6.7400
6.6800
6.6300
6.4300
6.5600
6.4700
6.7000
6.6600
6.8500
6.7200
6.6500
6.4100
6.3900
6.6500
6.9100
7.0700
7.1000
7.0500
6.9600
6.8600
6.7200
6.9300
7.0000
6.9600
6.9200
6.9700
7.0000
6.9900
7.0500
7.0500
7.1400
7.1600
7.1300
7.0300
7.0900
7.0100
7.1800
7.1000
7.1100
7.0500
7.0300
6.9600
7.0100
6.9900
7.2200
7.3700
7.4200
7.3300
7.2900
7.5900
7.6200
7.3900
7.2800
7.6500
7.5800
7.5200
7.4400
7.2100
7.1500
7.2800
7.2000
7.1300
7.1700
7.3200
7.5100
7.5700
7.5000
7.4300
7.5500
7.6200
7.2800
7.3900
7.1100
7.1800
7.2200
7.1300
7.0800
6.5400
6.4600
6.6100
6.5800
6.5200
6.6800
6.6600
6.5800
6.8000
6.5300
6.3800
6.4500
6.5300
6.4500
6.2500
6.3000
6.3200
6.4700
6.6100
6.5800
6.6900
6.6500
6.5900
6.6200
6.6700
6.6700
6.5800
6.4500
6.5700
6.5400
6.6400
6.7100
6.7600
6.7800
6.7300
6.7000
6.9100
7.0500
7.0500
7.1800
7.1100
6.9900
7.0200
6.9900
6.9300
7.1300
7.3100
7.3300
7.5900
7.4600
7.4000
7.3000
7.3500
7.2400
7.1900
7.2900
7.3800
7.4500
7.4300