28.6600
28.4900
28.5500
28.4600
28.6200
28.9000
28.7500
28.8700
28.4300
28.7100
29.3200
29.9900
30.0800
29.7400
29.7100
30.2600
29.7600
27.7500
27.7500
27.6900
28.3900
28.1100
29.6000
29.4800
29.5100
29.5500
29.7400
29.1100
29.3300
29.3900
29.1000
29.2900
29.1700
29.2600
29.1400
29.0600
28.8700
28.9700
28.6500
28.4300
28.7900
28.1500
28.2700
27.7800
28.3900
29.0200
29.3800
29.5000
30.2100
30.3100
30.7900
30.6800
30.9100
30.5700
30.4600
30.1800
30.4400
30.9800
30.7500
30.5000
30.1500
30.3000
30.7900
30.6100
29.9800
29.7400
29.0400
28.3800
28.8100
29.5300
29.0900
29.1000
29.9800
29.6500
28.8500
28.9600
28.4800
28.8400
30.4900
30.3200
30.6100
29.8000
29.9900
30.3500
30.0400
29.5700
29.5900
29.3700
28.7100
28.8900
29.4300
29.1700
28.9800
28.7500
28.2100
28.1000
28.8000
28.8200
28.7300
28.7300
28.5500
29.2000
28.3700
28.4200
26.6000
26.3000
26.8200
27.5900
27.4800
28.2800
27.7700
28.4200
28.0100
28.3800
28.8600
29.0200
29.4100
29.0600
28.1200
28.1300
27.2900
27.1600
27.5400
27.3400
28.5700
28.4800
29.0600
29.2100
28.5000
28.2800
28.2000
28.2700
27.6800
28.1600
28.1600
28.3000
28.6200
28.9500
28.1400
27.8600
27.3200
26.1100
26.3500
27.0600
27.1800
27.0100
26.8200
26.7600
27.5300
27.3400
27.7600
27.6600
28.1600
28.2600
28.4100
28.1800
28.4700
29.0000
29.0500
28.9900
28.7400
28.0100
28.2000
28.0500
26.8200
26.4800
27.0600
26.5100
26.3000
25.9700
25.7400
27.0600
27.1100
27.1500
27.2100
26.8700
26.9300
27.4500
27.0400
27.1000
26.9200
26.5100
26.7600
26.9400
26.3900
26.3100
26.7500
26.6300
26.3200
25.9800
25.8900
26.2400
26.3300
26.1600
25.4900
25.3700
25.4100
25.2400
25.3000
25.5000
25.7600
25.9300
27.2400
26.8100
26.8400
26.7500
27.0700
26.7800
26.8900
27.6900
27.6200
27.5200
27.9800
27.2700
26.9600
26.7400
26.6800
27.0000
26.7400
26.8200
26.6300
27.0600
26.9900
27.2300
27.4600
27.9600
27.7200
27.8500
27.8800
28.2600
28.2800
28.4000
28.3300
28.6200
29.2600
29.4200
29.7200
29.6200
29.5200
29.7400
29.8600
30.4600
30.9900
31.5100
31.5800
31.4600
31.6200
31.6700
31.4400
31.8200
32.5600
32.8800
33.4100
32.6600
32.6200
32.7800
32.7400
32.8800
33.2600
33.5300
33.1700
33.7100
34.0000