41.6500
42.4000
42.7000
43.0400
42.3400
42.9600
43.0400
43.1100
42.4300
43.2200
45.4800
46.9000
46.2400
47.0000
47.5100
47.7700
47.4000
47.5000
46.6500
46.3700
47.0700
47.4800
48.9500
48.2500
48.0100
48.0800
48.7800
47.9700
48.8400
48.8100
48.1500
49.0800
48.6100
48.2700
48.6900
48.9000
50.0100
49.5800
49.6800
49.4600
50.7200
50.2300
49.3000
48.7000
49.6200
50.6700
50.5700
50.9400
51.0600
50.3300
50.7300
50.6400
51.0300
50.6900
52.0300
51.5400
51.8700
53.1300
51.9000
51.3900
61.4300
59.8900
60.8000
61.7400
60.6700
60.9500
59.7300
58.5600
59.5300
60.8100
60.2000
60.0600
59.9400
60.2100
60.1300
60.5500
58.8700
57.1100
59.2300
59.7900
60.9100
59.6100
60.3900
61.9500
60.8000
58.7000
58.6400
57.4800
57.9000
56.0400
56.6700
55.9100
56.8200
55.6900
54.4800
53.5300
55.2800
56.3200
54.4300
52.6200
52.0900
52.2000
51.5300
51.3800
49.9000
50.4800
52.9600
55.2700
54.6300
55.7600
53.7700
53.7200
53.1000
54.1500
56.4900
56.5600
56.9200
56.5000
53.0000
55.0100
53.7400
54.6200
54.4200
52.6800
56.4800
55.8400
56.6700
56.6700
52.9400
51.1600
51.2000
51.3600
50.4800
52.4800
51.9700
51.6700
53.9600
55.6100
53.7200
52.6400
51.4800
51.8300
52.9700
55.8100
53.7600
53.6600
53.0100
53.0100
55.5000
56.7300
57.8200
58.2800
57.8300
57.0400
56.3900
55.1300
55.7200
58.2400
59.4200
58.5400
58.0700
58.4000
57.7300
57.7700
57.2500
56.8800
57.0300
55.8900
56.0400
57.0300
56.9900
59.1000
59.1500
58.4200
57.1800
57.3200
58.9900
60.0000
58.6200
57.2100
57.5800
56.8400
57.6400
57.5400
55.0800
54.6600
56.6400
56.9400
55.2200
55.4600
55.7900
55.8000
55.2100
54.4100
54.0000
53.8600
53.7700
53.6900
54.3300
54.6600
52.2100
52.2500
50.7300
51.0600
51.9000
51.2400
50.0300
50.2700
49.1700
50.8700
50.6400
50.1100
50.4300
48.6500
48.3300
48.3400
47.5300
47.4100
47.7600
47.7300
48.4500
48.9000
48.1700
49.0600
49.7400
49.7100
48.5100
49.0200
49.7100
49.4000
49.4500
49.0100
48.3700
48.4300
49.1600
49.5200
50.7600
50.3500
50.1900
50.2200
51.3000
52.2000
52.2000
52.6100
54.9900
53.9800
53.5400
52.7800
51.9800
52.9600
54.6000
53.9100
54.2500
53.9200
54.5800
54.4400
54.2700
54.4500
54.9900
54.9900
54.9000
54.8600
54.1500