137.1200
142.8800
142.1600
140.7000
146.3600
147.3200
144.5400
144.4400
143.6700
142.1900
145.7100
146.6700
146.9400
145.9700
150.7300
151.7300
150.2800
151.5200
151.0000
152.0000
153.9100
153.0000
155.9700
157.4100
157.0700
171.4900
172.5400
172.6000
172.3700
174.7800
172.6200
174.4300
174.4700
172.5800
171.5100
173.2400
173.3200
174.4600
174.7000
173.7300
177.9100
176.6100
176.7800
170.5100
171.3400
173.7800
176.3900
177.6400
179.8700
178.5300
178.0500
177.7500
176.6000
176.9900
176.5800
175.5000
174.1600
177.1400
176.1300
174.8000
174.7500
174.3300
175.2900
175.5900
174.0000
178.0600
176.4500
169.8000
170.8500
171.8000
172.5100
170.7000
172.8400
173.3000
169.3500
171.2700
168.0100
164.2000
167.5200
171.1200
173.2000
172.2700
172.2700
177.0000
174.4500
168.5400
168.7100
163.3800
160.9400
158.4700
160.5700
157.5700
151.5300
149.9600
144.3000
141.5100
146.3000
150.2700
149.8900
148.6800
149.8400
152.0300
148.6900
148.8000
141.6300
142.8600
143.1900
145.2200
144.2700
145.0500
140.9700
142.6600
139.8300
142.7200
145.9800
145.1700
147.3900
147.6500
143.3000
142.8100
140.8900
141.0000
138.0000
136.6000
140.0600
140.4800
144.5700
147.5900
144.4200
142.4100
143.7000
138.7800
136.8700
141.0000
142.0000
142.0200
144.4800
152.2600
149.0800
147.2600
145.0700
143.0800
147.5400
148.1500
147.1100
144.3400
142.3300
140.1200
145.6700
150.0600
153.0300
151.3500
148.4300
150.1600
153.0100
152.2200
152.5100
152.4000
159.7900
157.1600
156.3900
158.0300
156.4800
159.5800
158.6000
159.0600
159.3400
157.8400
158.6500
157.0200
154.8000
158.8500
161.0800
160.3100
156.2200
158.5900
160.2100
162.9100
162.8500
158.9900
159.0400
155.4700
155.8500
153.6600
151.4900
150.9100
151.9700
151.2300
151.7600
153.8300
154.5500
158.0200
157.5700
156.3000
154.2200
155.9800
155.5400
154.8500
159.8100
163.8400
163.0200
164.2000
161.9300
159.0000
155.2400
154.5200
153.7500
152.5200
153.6900
159.0400
160.7500
161.2300
160.4400
155.9100
150.3000
151.2700
151.8900
152.5100
149.1300
149.8500
151.3800
156.5400
156.5100
156.5000
159.9000
158.9700
159.1200
162.5500
160.4000
157.0900
157.4600
154.5100
152.7400
153.7600
155.3500
151.9800
154.1600
150.5000
148.7700
150.0900
153.6000
152.5800
153.3000
151.3600
151.2600
151.0800
146.0300
148.3400
147.0100
149.9200
152.1000
157.2100
159.3900
161.5200
162.2500
165.5800
167.4800
165.9300
166.3400
166.9500
166.7500
168.0600
167.7000