75.6600
76.3400
75.7900
72.3800
73.1400
74.8600
77.9800
79.6100
79.6300
80.0700
81.9200
81.7500
80.9900
81.0500
81.7500
79.4200
77.5500
76.9000
78.0300
77.8700
79.9100
80.1200
81.5300
81.2700
81.3400
82.0400
81.8500
80.2600
80.9000
79.7900
79.7900
81.2500
82.3000
83.5100
82.2000
81.6400
82.6700
81.3000
80.8600
79.9800
81.3100
80.2900
79.5200
76.4700
78.7300
80.6500
80.7100
82.4700
84.5500
83.6800
84.3000
83.7100
83.4200
81.4200
81.4200
80.4200
80.2900
81.4700
80.7600
79.4200
79.8300
79.7000
80.1200
79.1600
78.1100
79.2700
77.2600
76.2000
77.1200
80.1800
77.5000
78.0300
79.8100
78.5900
78.1500
78.3300
76.1200
77.4000
75.5200
77.5000
78.1900
77.3400
78.1300
78.2400
78.4300
76.9100
76.8400
77.9900
77.5500
77.1800
77.5200
76.6700
75.7600
74.9500
72.1000
71.3300
73.8200
75.6600
75.8900
75.9600
75.3300
77.2200
74.8600
72.5100
68.8000
66.9200
67.2200
69.0900
69.1600
69.8700
68.7600
70.1000
68.9900
68.7600
69.1900
68.9400
69.5300
69.0000
66.7800
65.5800
64.8700
64.0400
64.3000
63.0600
66.0600
64.4600
65.0900
65.4400
65.1900
65.0000
63.2900
63.3000
61.5200
62.8400
62.4200
62.0100
65.6800
65.9000
64.9000
65.8700
65.1500
62.9700
64.8000
67.9000
68.5000
67.3600
66.2000
66.5300
68.9100
69.1800
70.6400
70.2900
71.0700
71.0100
71.5200
72.0000
71.4400
72.8600
73.7200
72.8300
72.3000
71.6100
72.0600
72.2900
72.2200
72.0800
72.2000
71.5500
72.0600
71.5500
70.6800
71.6100
73.2100
72.4400
70.8300
70.2600
69.9600
70.8100
70.6600
70.8300
72.0100
72.3100
71.8200
72.3400
69.9100
68.7700
69.0800
69.5500
69.3800
69.1400
69.2200
70.4300
70.7700
70.3400
70.1200
69.1800
69.3000
69.7300
70.1100
70.7200
72.2900
72.6200
69.9200
70.2800
69.4100
68.7300
68.9000
69.3600
71.0600
74.8700
75.5100
78.0200
78.9200
77.7800
76.3300
77.1200
77.4600
78.2200
75.9400
76.2900
76.4200
77.8900
77.9300
77.4000
78.3900
78.7300
78.4900
79.0000
79.0000
79.2400
78.3500
78.9500
80.3900
80.1100
80.3900
80.4300
81.2900
82.1000
82.0100
82.2500
82.5900
84.4200
83.5900
82.9500
83.0100
82.9600
82.6400
82.7400
82.0200
83.9900
86.0900
86.1900
87.2900
86.9300
84.9100
86.1500
86.4000
85.8800
85.7200
85.5300
85.5000
87.0700
87.7400