61.1800
61.1900
61.3900
60.7400
58.6500
58.0200
54.3600
54.3600
54.1600
54.5300
56.3700
54.0600
54.0200
59.0000
57.2000
59.8600
55.9200
57.4300
57.7600
57.5200
58.5300
58.3800
59.2000
60.8100
62.2300
61.6800
63.3500
62.8200
63.2900
63.2500
63.1100
63.3700
65.7200
64.2700
66.1000
66.0700
65.9400
64.1000
63.7200
63.6800
64.6000
62.7500
63.4800
62.5600
63.3500
64.2900
63.5100
62.0500
62.0200
60.8400
60.5900
62.3100
63.4600
62.4600
62.4500
58.9000
59.0300
59.2700
58.5700
57.5400
56.9600
58.1400
58.7300
58.1600
57.6100
57.6500
56.4900
56.7900
55.0200
56.3000
55.8600
55.2500
56.5800
56.6900
58.5800
57.6900
58.0700
58.5400
60.1600
62.6400
63.9100
66.6600
68.3400
65.1200
64.6700
63.6800
63.5600
64.9000
67.8300
67.2200
67.0400
66.0600
64.1200
64.2800
62.5600
61.4600
63.1200
63.8300
64.3500
62.1700
61.0100
60.8500
58.6800
57.4400
54.5700
54.6300
55.7400
58.5900
56.6500
56.6000
55.4200
56.1800
55.2500
57.2300
57.0100
58.7500
60.2500
59.3300
56.9200
59.2300
58.0900
59.6900
62.6300
61.3700
61.8700
60.8900
62.6900
61.6300
60.8000
61.5900
59.7500
58.7600
57.5000
58.9500
60.0600
62.5000
62.7900
61.6000
61.9600
61.5000
60.6300
60.5300
61.1700
62.6900
64.2900
62.6000
63.5600
61.1600
63.1800
63.1500
65.2100
65.1200
66.1400
66.1300
66.6000
66.2200
66.6300
68.9100
69.6600
67.9500
67.1300
67.0000
65.6600
66.2700
66.2700
65.9100
65.4200
64.5500
65.1900
65.4100
65.2800
65.8400
67.4100
67.7500
70.5700
70.7500
70.7000
70.1000
69.4400
68.9700
68.9700
69.2200
69.5600
68.1200
67.0800
67.7500
70.0800
69.8700
70.4000
70.0100
68.9700
70.5700
69.0300
70.2300
69.8500
70.2600
73.2800
71.7300
70.6800
71.2000
70.5700
70.5000
68.8300
68.7800
67.8000
66.7000
66.4500
66.1000
65.3600
65.4700
65.1000
66.5400
67.0700
66.2500
65.7500
66.3000
66.6100
68.0100
67.6100
67.3300
67.0900
67.7000
68.1500
68.7900
69.7300
67.5400
66.8200
67.4300
65.6700
64.0200
64.0300
63.2100
64.6100
64.5800
64.6800
63.7400
64.7100
65.8400
63.5600
62.1200
63.5200
64.4700
63.3200
63.3800
63.7200
63.3400
62.8500
62.9700
62.0200
62.8300
62.0500
63.4000
65.1400
65.2100
64.1700
63.5600
63.8300
64.3900
64.7600
65.9300
66.8900
67.4600
68.2700