15.0900
15.1300
15.0000
14.7700
14.5400
14.6200
14.7400
14.7300
14.4100
12.1300
11.8300
11.9400
12.2000
12.3000
12.2000
11.8200
11.5200
11.5200
11.3500
11.3600
11.4400
11.4600
11.9100
12.3100
12.4100
12.5000
13.0100
12.4400
12.7900
12.8200
12.5900
13.3500
13.2300
13.2400
13.0200
13.5500
14.1000
14.2300
14.1700
13.8200
13.5600
13.2300
13.1000
12.8000
12.7100
12.9400
12.9400
12.8400
13.1000
12.9300
12.8700
13.1400
13.6100
13.3000
13.3300
12.7400
12.7000
12.9900
12.9100
12.5400
12.6900
12.3900
12.4300
12.4400
12.0900
11.7000
11.5900
11.4700
12.0600
12.1700
11.9200
12.0200
12.5400
12.1500
11.9800
12.0700
11.8900
12.0500
12.0600
12.6100
12.8500
12.5100
12.6800
11.8100
11.4300
11.2500
11.1800
11.1700
11.4300
11.2500
11.0800
10.9200
10.6700
10.3200
10.0200
10.1900
10.4200
10.3000
10.4600
10.4500
10.7200
11.0500
10.5800
10.7600
10.3300
10.6100
10.6600
10.9100
10.8200
10.7800
10.6600
10.9900
10.7200
10.4800
10.8700
10.7700
10.8800
11.0900
10.9300
11.3000
11.0000
11.2400
11.7900
11.9200
11.7700
11.6700
11.9500
11.9600
12.6600
12.2700
12.3900
12.2200
12.0200
12.6000
12.7400
13.2600
13.1500
12.8700
12.6100
12.4800
12.2600
11.9600
11.9700
11.9700
12.0100
12.1200
12.5000
12.5000
12.7700
12.9200
13.2400
13.0000
12.7200
12.7400
12.7300
12.7200
12.5200
12.4200
12.3900
12.5200
12.5000
11.8100
11.4400
11.5800
11.3800
11.2400
11.4600
11.1300
10.9800
11.0400
11.3200
11.5200
11.6200
11.9900
11.9600
11.8500
11.8000
11.8600
11.6300
11.4400
11.7400
11.7500
11.4900
11.0300
10.9700
10.9300
10.6900
10.6000
10.6100
10.7700
10.8900
10.9900
10.9600
11.0500
10.9000
10.7700
11.1200
10.6600
10.7300
10.6800
10.8500
10.7600
10.4900
10.2700
10.1900
9.9300
10.1700
10.1300
10.0200
10.0200
10.1900
9.9300
9.9900
9.6200
9.6100
9.4200
9.1700
9.1800
8.9800
9.4700
9.1900
9.1500
9.0500
9.3300
9.5300
9.5500
9.7000
9.4900
9.3900
9.4000
9.4000
9.2600
9.3000
9.2800
9.4200
9.4700
9.5000
9.2200
9.1200
9.0900
8.5800
8.9800
9.3900
9.4200
9.1000
9.0500
8.8500
8.7500
8.9100
8.9900
8.9000
8.9700
9.2700
9.3500
9.0100
8.8500
8.7800
8.8700
8.7200
9.0000
9.1800
9.4200
9.5100