27.5500
27.4000
27.6000
27.8400
27.7400
27.7800
27.3000
28.1700
27.7300
27.5100
27.6600
27.9600
28.1000
28.3800
28.3500
28.5600
28.6900
28.9500
29.0700
29.2800
30.0100
29.6500
30.0400
29.9800
29.7200
29.9600
30.0900
30.1500
30.4500
30.1600
29.8000
29.6900
29.6000
29.7300
29.7700
29.8400
29.8400
29.8000
29.6200
29.8300
29.9300
29.8200
29.8500
29.5900
29.5200
30.0200
30.5500
30.5600
30.7000
30.6300
30.5400
30.5000
30.5900
30.3400
30.3000
30.3600
30.2400
30.5200
30.6100
30.4900
30.2900
30.5600
30.8800
30.7000
30.4500
30.7500
30.6500
30.1000
30.4900
30.8900
30.7800
30.7300
30.9600
30.9800
30.8200
31.0100
30.7700
30.7700
31.0400
31.1400
27.0100
27.3700
27.5200
27.3300
27.1600
26.8800
26.9000
26.8200
26.4900
27.0300
26.7200
25.7300
25.6700
25.9700
25.9000
25.9900
26.4100
26.6300
26.9100
26.6600
26.8100
26.7700
26.2600
26.3600
26.0500
25.8300
25.7400
26.1600
26.0600
26.2900
25.9300
25.6500
25.7600
25.8500
25.7800
25.8700
26.2100
26.1500
25.7600
25.5800
25.3900
25.4900
25.5900
25.4200
26.4600
26.1400
26.1000
26.0200
25.8500
25.9700
26.3900
26.4800
26.5500
26.8700
26.7900
27.0000
27.1900
27.5200
27.2200
27.1200
27.1000
27.1200
27.2200
28.1700
28.5600
28.9300
28.6300
28.3000
28.7300
28.9300
28.8400
28.7800
28.7900
28.8400
28.7200
28.6700
28.7300
28.9000
28.8100
28.2500
28.0900
28.1000
27.8400
27.8400
27.7100
27.7100
27.6000
27.6300
27.6500
27.4900
27.5000
28.0200
28.3800
28.2100
28.2200
28.2400
28.8400
28.6100
28.4800
28.6600
28.5200
28.2200
28.0100
27.9900
27.7000
27.3700
27.3300
27.5100
27.2900
27.4000
27.4800
27.6200
27.8600
27.9100
27.6400
27.5600
27.6600
27.8000
28.0300
27.9400
28.4400
28.6200
28.3400
28.3600
28.2800
28.0700
28.4900
28.2200
28.3500
28.3100
26.4800
26.8500
27.0400
26.9000
26.8400
26.7500
26.7500
26.7300
26.5400
26.6200
27.0100
27.3200
27.4800
27.6500
27.9300
28.1000
28.0700
28.2500
28.2400
28.4700
28.4100
28.5900
29.1300
29.1100
29.1000
29.0300
28.8600
28.9100
29.1300
29.1300
29.2800
29.7400
29.9600
29.9200
29.7900
29.7400
29.5600
29.5100
29.0100
29.3300
29.5300
29.7300
29.8600
29.7200
29.7800
30.0000
30.1900
30.1900
30.2400
30.3100
30.2500
30.3900
30.6000