9.5900
9.6400
9.7800
9.8500
10.0700
10.1000
10.0800
10.1600
9.9000
9.8000
10.9600
10.5100
10.2400
10.4000
10.2500
10.2700
10.0300
10.1100
10.2300
7.1800
7.2700
7.2900
7.3900
7.3900
7.2700
7.5100
7.4700
7.6000
7.5200
7.4500
7.3400
7.5200
7.8800
7.2600
7.1500
7.2400
7.1800
7.1600
7.2200
7.0900
7.0700
6.9500
6.9000
6.8300
7.1100
7.0400
7.0000
6.8600
6.9300
6.6300
6.7700
6.6200
6.6200
6.6400
6.4800
6.4600
6.5000
6.5000
6.4800
6.4300
6.3100
6.2200
6.3000
6.1500
6.2700
6.0500
6.0600
5.8400
6.0200
6.1100
5.9500
5.9900
6.1800
6.0500
6.3400
6.2300
5.9700
5.3400
5.3100
5.6300
5.3600
5.1800
5.1700
5.0200
5.1500
5.0800
5.0400
4.9600
4.7600
4.8200
4.7100
4.7700
4.7200
4.6700
4.5100
4.5500
4.7400
4.7800
4.8400
4.8300
4.9700
4.9600
4.7000
4.6400
4.5900
4.3000
4.3900
4.5900
4.3800
4.3400
4.1900
4.2300
4.1000
4.1400
4.1200
4.1700
4.2500
4.4300
4.2000
4.2400
3.9100
4.0400
4.0700
3.8500
3.8400
3.8100
3.8600
4.0100
4.0600
3.9800
3.9100
3.9000
3.7900
3.9000
3.9100
3.9200
3.7900
3.6700
3.7100
3.6900
3.6500
2.6000
2.4800
2.5900
2.5400
2.9100
2.8000
2.7900
2.7500
2.7800
2.8900
2.9600
3.0400
3.0300
2.9800
2.9600
2.9500
3.0300
3.1500
2.8900
2.6600
2.6600
2.6500
2.5600
2.5100
2.4900
2.5000
2.4100
2.4300
2.5300
2.7200
2.8400
2.9000
2.7100
2.6800
2.7700
2.7300
2.7900
2.8000
2.7100
2.8000
2.8200
2.9400
3.0600
2.5600
2.6000
2.4100
2.3800
2.3300
2.0200
2.0300
2.0800
2.0500
2.0800
2.3300
2.2100
2.3000
2.2600
2.2900
2.3700
2.4400
2.4100
2.4400
2.3900
2.5700
2.5300
2.4400
2.3100
2.2400
2.2500
2.2900
2.3200
2.2400
2.0900
2.1100
2.1100
2.1200
2.0600
2.0200
2.0500
2.0000
2.0000
1.9300
1.9100
1.9100
1.9600
2.1000
2.2100
2.1400
2.0300
1.9500
1.9200
1.9600
1.9500
1.9500
1.9700
2.0800
2.1100
2.2100
2.4000
2.4100
2.2300
2.3800
2.3800
2.3700
2.3700
2.2700
2.2000
2.1100
2.1200
2.2100
2.2000
2.2300
2.2500
2.0800
2.0900
2.1000
2.2200
2.3100
2.2000
2.2300
2.2300
2.2300