48.5300
48.5900
48.0500
48.0800
48.1600
48.7000
48.8000
49.4800
48.6700
48.8800
49.6200
49.9800
49.8800
49.8400
49.6900
49.7100
49.8900
48.6400
48.0000
47.9900
48.7400
48.5500
48.9700
49.3000
49.1700
49.7800
49.9700
49.5300
50.3100
50.3600
49.3400
48.8100
49.8600
50.1400
50.4100
50.3600
50.7800
50.8400
50.6700
50.5200
51.0000
51.3700
51.6200
50.8500
50.7100
51.7200
51.8300
51.9200
52.7300
52.5000
52.2700
52.1200
52.1900
51.7700
51.5000
51.9600
52.1600
52.9600
52.9300
52.5200
52.8600
52.7800
52.7000
52.5600
52.4400
52.3500
51.7700
51.0900
51.5100
52.7000
52.5300
52.6000
53.0300
52.9300
52.5300
53.1100
52.7000
52.9800
52.9100
53.9300
53.9100
54.1400
54.3000
54.0200
54.0000
53.5600
53.6800
53.4500
52.6600
52.3700
52.1500
51.8300
51.3100
51.1300
50.1600
49.9400
50.2800
50.4600
50.2600
49.9200
49.6700
50.1800
50.3900
50.3200
49.4800
49.3000
49.6200
50.6800
51.2600
51.5800
51.2800
52.3700
52.2700
53.0900
53.6700
54.3200
54.6400
54.8900
54.3000
54.8200
54.2100
54.2700
55.1000
54.8800
56.5900
55.9800
56.4900
56.0700
55.8800
56.3300
56.0900
55.3100
55.1100
55.9300
55.7700
56.1400
56.8000
56.8600
56.1100
55.7400
55.3100
55.0800
54.5600
55.6700
55.5400
55.4800
54.9100
54.2800
55.2000
55.3300
55.7200
55.7500
55.9600
56.1100
56.1600
56.1100
56.2400
56.4200
56.2300
56.4900
56.3200
55.8100
55.6800
55.8000
56.3400
56.2300
56.7400
56.3000
56.5200
56.4500
56.8400
57.9800
57.8200
57.3400
57.3900
57.8800
58.4000
57.8100
57.9800
57.8700
58.1500
58.0500
58.1100
57.8600
58.0500
57.5900
57.5400
57.1600
55.5800
54.7500
54.9800
55.3200
55.4800
55.3200
55.0200
54.8100
54.8800
54.8800
55.3400
56.2300
56.6600
57.0600
55.8700
55.6500
55.0800
55.1500
55.7400
55.7100
56.5600
57.1600
57.0300
56.4500
57.3400
55.4700
55.1200
56.0600
55.3900
55.8600
54.4800
54.0000
54.4600
55.2600
55.4400
55.8400
56.2000
56.2500
56.1100
56.3700
56.8500
57.1300
56.4100
56.7600
57.2500
57.2800
57.4000
57.9100
58.1500
58.1400
57.5100
57.4900
58.1700
58.9000
58.7500
59.2800
59.2300
58.7200
57.3100
57.8000
56.7000
57.5600
58.6200
58.6400
59.0100
58.3500
57.7400
58.2100
58.5800
57.9900
57.8700
58.1500
57.7700
58.2500
58.1000