2.3400
2.3100
2.2400
2.1900
2.2000
2.2300
2.3000
2.3200
2.3100
2.2100
2.3300
2.3400
2.2700
2.2500
2.1700
2.2000
2.1700
2.1700
2.1600
2.1200
2.2300
2.2100
2.3200
2.4600
2.4500
2.4100
2.3900
2.2900
2.3100
2.3100
2.2600
2.2600
2.3000
2.2700
2.2300
2.5200
2.4700
2.5500
2.5500
2.4700
2.5000
2.5000
2.4300
2.3900
2.4300
2.6000
2.7800
2.7200
2.7900
2.7700
2.8000
2.8900
2.7600
2.7500
2.7800
2.7400
2.7400
2.8600
2.8300
2.8300
2.9800
2.8500
2.8600
2.8800
2.7500
2.7600
2.7500
2.6600
2.7500
2.7500
2.6800
2.5100
2.6100
2.5200
2.4000
2.3700
2.3400
2.4700
2.4300
2.3700
2.3600
2.4800
2.5500
2.5700
2.4800
2.3600
2.4100
2.3500
2.4000
2.4500
2.4900
2.5000
2.4700
2.4000
2.3600
2.3400
2.3700
2.4100
2.4600
2.5300
2.6200
2.6700
2.5800
2.5700
2.5100
2.5400
2.5300
2.7200
2.7400
2.9800
2.8300
2.9200
2.9400
3.1000
3.0900
3.0800
3.1500
3.1300
3.1800
3.2900
3.0900
3.1300
3.1300
3.2600
3.2600
3.4000
3.4700
3.3100
3.2900
3.2100
3.1900
3.2300
3.2000
3.3300
3.4600
3.6500
3.6600
3.7100
3.6600
3.5700
3.4500
3.3700
4.0500
4.3100
4.5100
4.3600
4.3200
4.2900
4.2700
4.3400
4.3100
4.6100
4.8000
4.9200
5.0500
4.9900
5.3900
5.1500
5.1900
5.1100
5.0800
4.8800
4.7800
4.8900
4.8200
4.8500
4.8600
4.8300
4.8500
4.8000
4.9500
4.9600
5.0300
5.1500
5.0000
5.1000
5.2000
5.2600
5.2700
5.1900
5.5600
5.4400
5.6500
5.7000
5.5300
5.4600
5.6000
5.5200
5.1800
4.9000
5.2000
5.0900
5.2000
5.0900
4.9500
5.0400
5.7600
5.7300
5.6900
5.6900
5.7300
5.7800
5.6500
5.6800
5.6500
5.6200
5.5200
5.4900
5.5500
5.6100
5.7000
5.7500
5.7300
5.6200
5.6100
5.5500
5.6100
5.5800
5.4900
5.5400
5.4800
5.5500
5.5100
5.5800
5.6400
5.6200
5.6300
5.7000
5.7200
5.7300
5.7200
5.6800
5.7200
5.7300
5.6900
5.6600
5.5700
5.6600
5.6400
5.5500
5.5600
5.5300
5.4600
5.4800
5.4600
5.5000
5.5600
5.6200
5.6000
5.6700
5.7900
5.8200
5.9200
5.9600
5.9700
5.8800
5.9400
5.9200
5.6900
5.6200
5.5300
5.6300
5.6500