45.2900
46.1700
46.3600
46.7200
46.5900
46.8200
47.1200
47.6000
47.3600
47.7100
48.0400
48.0200
48.1500
47.3400
47.6500
47.7700
48.3400
47.8500
48.4800
47.9200
48.2400
47.6600
48.3200
48.2900
48.4100
48.7200
49.2000
48.8200
49.2500
49.1200
48.4800
48.5200
48.4500
48.2600
48.3300
48.4600
48.3000
48.2300
48.9100
48.5600
48.7100
48.8900
49.0400
48.3300
49.4900
50.3700
51.8400
51.1100
52.3400
52.6800
53.0700
53.2100
53.5500
53.7300
53.8100
55.2100
55.3500
55.9100
56.2600
56.0300
55.7300
55.8900
56.6700
56.9100
56.9600
58.1800
57.4200
56.7800
59.2900
60.6300
61.6700
59.6500
58.6600
60.3300
58.8100
59.1600
58.5600
58.0500
59.5000
60.6600
57.4300
57.3700
57.6600
57.9200
56.6500
55.5600
55.4800
54.1900
54.1000
54.8500
55.0100
53.6700
53.3400
53.0200
51.6700
51.5300
53.7000
53.3700
55.2900
54.7600
54.5600
55.5800
54.7300
54.8900
52.1500
53.9000
52.4100
53.4700
53.4400
53.5900
52.8300
53.0400
51.2700
52.3300
52.5400
54.1800
55.1200
55.6400
54.0700
54.6400
53.2900
53.9500
52.7500
52.0900
53.3200
52.7900
51.9400
52.4000
51.9700
52.3900
52.3400
52.1600
52.6800
53.6100
52.9000
53.7300
53.3000
54.2000
51.9600
50.6000
50.4800
50.4100
52.4000
47.4700
46.8800
45.2800
43.7800
43.1600
43.9100
43.4800
45.3100
45.2900
45.1100
45.5700
46.1100
46.4300
48.1000
48.4000
48.2200
48.0500
48.0900
48.1200
47.9000
48.7000
49.1400
49.3600
49.1700
49.7100
49.6100
49.5100
49.8000
50.8400
51.1700
50.8300
50.7300
51.1700
51.7200
50.4600
49.6600
49.2500
50.1100
51.1900
51.0700
51.1600
50.5300
50.1000
51.0400
50.7100
50.1500
49.3000
49.4900
49.1000
48.7400
48.7600
47.3500
46.9500
47.1600
47.1800
47.6700
48.9600
48.3900
47.4100
45.6900
45.3000
44.9700
45.2600
46.2500
45.8700
45.9000
46.6200
50.8400
51.0100
51.7100
51.8100
50.8600
50.9600
50.6800
50.3100
48.8400
48.4300
48.7600
49.7400
50.0600
50.5100
51.1900
50.8900
50.2100
51.3700
51.8000
51.8700
51.7900
51.1200
50.7900
53.7000
53.6400
52.9600
53.1900
53.6000
53.1800
53.3600
54.5800
54.3400
54.2700
54.2100
53.6000
53.6900
53.1300
53.2400
52.6400
53.6300
55.0000
55.3700
55.6900
55.7200
55.6200
54.6300
54.5400
55.0100
54.6700
54.4800
54.3500
54.5000
54.8100