44.4600
44.1200
43.9400
43.7600
43.7100
44.3000
44.1600
44.1700
44.0500
44.7700
44.8500
44.6400
44.7200
44.6600
44.4400
45.0500
45.0100
44.9500
44.7000
44.8300
45.2000
45.0000
45.3200
45.2000
45.6800
45.7300
45.4900
45.3100
45.1500
45.0000
44.6000
44.7800
44.8500
44.8100
45.1000
45.1800
45.3500
45.3500
45.1500
45.0000
44.7300
44.6300
44.7500
44.5800
44.3900
44.5900
44.8500
45.4200
45.6400
45.0000
44.8800
44.6900
44.6000
44.4400
44.4400
44.5400
44.6100
45.2000
45.3400
45.3600
45.6500
45.6100
45.6000
45.3400
45.2000
45.0500
44.7700
44.0100
44.0000
44.4000
44.2800
44.3600
44.9500
44.8400
44.8600
45.5900
45.1800
45.5900
45.6400
45.8500
46.1200
46.1200
46.3700
45.9700
45.8700
45.6700
45.5900
45.6900
45.8100
46.6100
46.5300
46.6500
46.3300
46.3600
46.0700
45.8700
46.0200
46.4900
46.0800
46.4000
46.6500
46.7700
46.5800
46.9500
46.7600
46.7000
47.0100
47.5000
47.0900
46.9900
47.3800
47.5900
47.5800
47.8500
48.0400
47.9700
47.6900
47.3200
46.7300
46.5600
46.4000
46.6400
47.2700
47.4200
47.8400
48.4600
48.3800
48.0900
48.1500
47.9200
47.9900
48.3500
48.2800
48.7300
48.5300
48.5100
48.5200
48.6200
48.6700
48.1600
47.7300
47.8000
48.5100
49.4600
49.6500
49.1700
48.8900
48.5700
49.3400
49.1800
48.8400
48.6400
48.6300
48.9600
48.8900
49.0200
48.6500
48.6000
48.5700
48.6700
48.3800
48.1400
47.5900
47.9300
47.9000
47.7200
47.7400
47.3800
47.3600
47.9000
48.1600
48.4300
48.3200
48.2500
48.2700
48.2500
48.9700
48.4200
48.1100
48.0400
48.4400
48.4900
48.4400
48.6900
48.6200
48.6800
48.1300
48.2700
47.8800
48.1900
48.6200
48.8500
48.9400
48.9400
48.7500
48.5700
48.5100
48.3000
48.5100
48.6800
49.3900
49.5200
49.1200
48.8200
48.3900
48.1400
48.6000
48.6400
49.0800
48.9900
48.4700
47.9100
47.7500
46.6300
46.6000
46.4600
46.2600
46.1400
45.9000
45.5100
46.1000
45.6000
45.4500
45.2900
45.1300
45.4500
45.5700
45.7500
45.8100
46.3400
46.1800
45.7100
46.3300
45.7800
45.9000
46.0800
46.2400
46.1700
45.8600
45.6400
46.5700
46.8700
46.3200
46.4300
46.2200
46.0200
45.6800
45.6200
45.1000
45.6400
46.8100
46.6300
46.6700
45.9100
46.1300
46.1600
46.5200
46.4900
46.3100
46.2100
45.9900
45.8400
46.2800