11.7100
11.7300
11.9200
12.0400
12.1200
12.3100
12.4600
12.4700
12.1600
12.1500
12.0200
12.4600
12.8100
12.6400
12.4800
12.1400
11.6100
11.6700
11.6400
11.6500
11.9100
12.1200
12.8100
12.7000
12.3400
12.4500
12.3600
12.1800
12.3200
12.3400
12.3700
12.7400
12.8700
12.8300
12.7700
13.2100
13.5200
13.4800
13.7400
13.8800
13.9100
13.8200
13.8300
13.5700
13.8000
13.9200
14.1300
14.1000
14.5700
14.6400
15.3000
15.3200
15.3100
15.3800
15.2600
14.8800
15.0200
15.2300
14.9200
14.4800
14.2700
14.3700
14.5500
14.7600
14.4700
14.2500
14.0800
13.7500
13.8800
14.2400
13.8700
13.7500
13.9900
14.0100
13.9800
14.0200
13.8200
13.8500
14.0900
14.3400
14.3100
14.2800
14.1400
13.7200
13.7000
13.5300
13.5200
13.3500
13.1500
13.0400
13.1100
12.9100
12.8700
12.7500
12.5700
12.3300
12.6600
12.7300
12.6100
12.6300
12.8000
13.0000
12.5200
12.4600
12.1000
11.8300
12.1400
12.4200
12.2500
12.3000
12.1400
12.2400
12.1400
12.3600
12.6700
12.5800
12.7000
12.7300
12.2500
12.3700
12.0700
12.2100
12.4000
12.5400
12.9300
12.9300
13.0300
12.8200
12.6400
12.5000
12.4100
12.5700
12.3900
12.6900
12.6700
13.0100
13.0000
12.9300
12.4900
12.2200
12.1400
12.3200
12.6200
12.9200
12.7800
12.6300
12.4500
12.2200
12.8000
12.8800
13.2000
13.0200
13.0100
12.8800
12.9000
12.8500
13.0500
13.3100
13.2000
13.1400
13.2000
13.1200
13.0000
13.2700
13.1000
13.1400
13.3900
13.4200
13.4900
13.3300
13.3400
13.9600
14.0300
13.9200
13.9200
14.0100
14.3100
14.4300
14.1900
13.9400
13.6500
13.4400
13.5800
13.4300
12.8900
12.9000
12.8800
12.7900
12.8800
12.9000
12.7600
13.0900
13.2500
13.1500
12.9300
12.9700
13.1700
12.9500
13.0300
13.3200
13.6200
13.6400
13.3200
13.3500
13.2200
13.3200
13.5100
13.4700
13.5800
13.6400
13.7400
13.8900
13.8900
13.3200
13.2000
13.0600
12.9500
12.6800
12.5000
12.7300
12.7800
12.8900
12.9700
13.0600
13.2300
13.1500
13.0300
13.1400
13.0900
13.1000
12.9900
12.8800
12.9300
13.0600
13.4200
13.3700
13.6700
13.6700
13.7500
13.7000
13.8700
14.2100
14.4700
14.4600
14.3200
14.3300
14.2600
14.2100
14.1400
14.3600
15.0800
15.0600
15.4600
15.2700
15.2200
15.1300
15.3300
15.3900
15.2700
15.2900
15.0500
15.2500
15.4500