30.4000
30.8100
30.7900
30.4500
30.5100
30.6000
30.4600
30.6900
31.0300
31.3100
31.2800
31.4100
31.5500
31.7400
31.4900
31.6500
31.8000
31.6300
31.7400
31.4900
31.5100
30.8700
30.5600
30.7500
31.3200
31.0100
31.1000
30.7800
30.9800
30.9900
30.6300
30.7400
30.9500
31.1600
31.3100
31.5600
31.7300
31.5500
31.2400
31.3800
31.5000
31.4700
31.2200
31.0000
30.9700
31.6800
31.5500
32.0500
31.9700
31.9500
32.0900
32.0600
32.1500
31.9200
31.8900
31.7400
31.6400
31.7500
31.9200
31.6100
31.5400
31.5500
31.5700
31.3900
31.3900
31.3700
31.1700
30.1600
30.1700
30.4500
30.3300
30.0200
30.4500
30.4500
30.3800
30.2600
29.8300
30.0600
30.0400
30.4900
30.5400
30.7400
31.5100
31.4300
30.6500
30.3100
30.4000
30.3600
29.8200
30.1200
30.2100
29.5700
29.2900
28.8800
28.3200
28.3400
28.8200
28.9900
28.6900
28.8400
28.8900
29.1900
28.6600
28.7100
27.8800
27.7400
27.8800
28.1800
28.2700
27.8100
27.7800
27.9100
27.5200
27.7100
28.0100
27.7100
28.0200
27.8800
27.4700
27.9500
27.8300
27.8000
28.2200
28.8400
29.0600
29.1000
29.1500
29.1700
29.1300
29.0000
28.9500
29.1600
29.2600
29.6500
29.9100
29.9700
30.3100
30.3800
30.4100
30.0800
29.6500
29.6900
30.2200
30.6200
30.8400
30.6900
30.5500
29.5800
29.7100
29.7900
29.7200
29.0100
28.9600
29.2900
29.2100
29.4400
29.4300
29.3400
29.1800
29.3200
29.1800
29.0500
28.8400
28.8600
28.8400
28.7200
28.6100
28.5200
28.2600
28.4700
28.3000
28.6200
28.9600
28.7300
28.6600
28.4900
28.8100
28.8000
28.9900
28.9800
28.9900
28.8700
29.0600
29.2800
29.2600
29.1400
29.2600
29.3600
29.5600
29.6500
29.6600
29.9700
29.9800
29.8000
29.9000
29.5200
29.4200
29.0300
29.1800
29.7400
30.1600
29.7400
29.6200
29.5100
29.0100
28.8600
29.1200
29.0200
28.8700
28.6500
28.0700
28.3000
28.6000
27.7900
27.6500
27.4400
27.2300
27.2100
27.0600
26.7400
27.6900
27.7200
27.7300
27.8300
28.0800
27.7800
27.7000
27.9500
27.7100
27.9500
27.6900
27.4000
27.4400
27.4000
27.3200
27.3400
27.2700
27.0700
27.1200
27.1900
27.6000
27.6700
27.5900
27.8100
27.5400
27.4300
27.0500
26.8800
26.9700
27.3800
28.0600
28.1900
28.3300
28.0700
27.9800
27.8200
27.8800
27.6000
27.6900
27.6300
27.5100
27.2800
27.1900