17.3800
17.5100
17.3900
17.5400
17.5200
17.4800
17.6100
18.0300
17.9800
18.8200
19.1100
19.3300
19.3000
19.4000
19.9100
20.1200
20.0300
19.9000
19.5700
19.9300
20.2700
20.0200
20.7100
20.5700
20.4700
20.4500
20.7600
20.0800
19.6400
19.3100
19.7600
20.5900
21.0400
20.6300
19.9000
19.9300
19.8300
19.9500
19.9400
19.6300
19.7200
19.7800
19.6200
19.6000
19.5700
19.4600
19.5000
19.2300
19.7400
19.8800
20.0700
20.3200
20.1600
19.9000
19.9100
19.6600
19.5600
19.6100
19.7200
19.5000
19.4600
19.3100
19.4200
19.9200
19.9500
19.4300
18.8200
18.2300
18.3700
18.7700
18.7300
18.5700
19.0300
19.1200
19.1200
19.1100
18.6700
18.4600
18.9200
19.1700
19.2400
19.1800
19.2800
18.9500
18.3100
17.6900
17.6000
17.9600
18.1500
18.1200
17.8000
17.5400
17.2100
16.8600
16.2600
16.0300
16.2000
16.0700
16.2600
16.0800
16.0000
16.2300
15.7200
15.6500
15.2600
14.9400
15.2500
15.6600
15.5400
15.6300
15.4000
15.6500
15.3300
15.5200
15.5400
15.6100
15.8800
15.8100
15.4400
15.5800
15.3000
15.2700
14.9000
14.9500
15.4400
15.5400
15.9500
15.9500
15.8200
15.6800
15.6400
15.5500
15.0800
15.3600
15.2900
15.4700
15.4400
15.6700
15.5800
15.4100
15.3900
15.2800
15.3300
15.9400
16.1100
16.2000
15.8000
13.1500
13.8200
13.8000
13.9300
13.9100
14.0100
13.9900
13.6800
13.6700
13.5500
13.8400
13.5800
13.3500
13.3400
13.4700
13.1100
13.2600
13.1200
13.1300
14.5800
14.3100
14.2700
14.1200
14.9600
14.9900
15.0600
15.6500
15.6000
15.8000
16.2200
16.3000
16.0000
16.0900
16.1100
16.5700
16.6700
16.3500
15.6700
15.5700
15.5900
15.4600
15.6800
15.3500
15.2400
15.4300
15.9100
15.7100
15.5900
15.4000
15.4800
15.3500
15.5000
15.9600
16.2800
16.5100
15.9500
16.0400
15.7200
15.7400
15.9200
15.8400
16.2200
16.6800
16.6700
16.8500
16.8500
16.6400
16.5700
16.6800
16.7700
17.2000
16.6300
16.4900
16.3900
16.7500
16.7400
16.7900
17.1600
17.1800
16.9100
16.9400
16.8000
16.8200
16.5400
16.4500
16.4400
16.7000
16.5100
16.5700
16.4900
16.3600
16.4300
16.1300
16.3000
16.6500
17.2300
17.3500
17.3500
17.5500
17.4500
17.3700
17.0900
17.5100
17.9400
18.0000
18.1100
18.1600
18.2000
18.2200
18.2900
18.2200
18.3300
18.2800
18.5900
18.8300
18.8000