31.4300
30.8000
30.1200
29.2000
29.6900
30.4600
32.9000
34.0000
33.5600
36.7500
39.4900
43.3500
49.0000
47.3900
45.7800
44.8700
44.3400
44.0600
44.0300
42.1400
41.9500
41.9700
44.5400
44.5500
47.3000
48.8000
48.3900
47.5700
47.2100
48.7700
52.7000
54.8600
54.5300
50.9400
52.0800
61.8000
68.3100
68.7600
68.7300
69.6600
69.2400
75.9600
74.4800
73.4200
73.9000
77.6300
80.4800
77.7100
79.9400
79.9600
83.4300
82.5500
79.8600
80.0000
76.6900
73.6900
72.3600
71.7700
73.5000
68.9900
67.5500
66.2500
66.6900
68.0600
63.0200
62.1900
61.3700
59.2300
58.6600
58.8500
57.6700
57.9000
57.3800
56.0100
55.6600
53.1200
52.0000
50.5900
52.2500
52.4700
54.3300
53.7800
62.0500
62.0700
57.9400
55.3100
55.1200
54.8800
54.9700
54.9600
54.6800
52.7100
52.9100
50.8700
52.4200
52.2300
55.9700
56.7600
56.8300
56.5900
56.8400
57.5000
52.3400
49.4000
48.4500
47.9000
47.8500
50.4800
50.3700
52.2800
49.4500
50.6600
48.8400
49.6000
51.0800
51.6600
54.4400
54.3800
52.7500
53.1700
52.3400
55.2800
56.6300
57.1000
59.7000
59.9700
60.2300
61.8100
61.0300
58.3400
57.6400
56.3800
53.4800
53.5800
54.6700
53.8100
54.5400
54.0600
51.2600
49.5800
48.3600
48.8000
50.1700
51.8500
49.9600
49.4900
48.5400
48.5100
49.3200
50.3800
52.6800
52.3800
50.6700
51.4200
54.3600
55.1700
56.6000
60.2900
59.4900
57.3200
56.3900
55.9400
54.4200
56.5100
55.2200
54.9600
57.4500
52.9000
52.7500
53.1400
52.1100
57.3700
58.1800
57.1500
56.5600
60.9000
59.8200
61.7100
62.0000
61.0000
61.6000
57.4600
57.9600
56.8400
55.2500
54.8400
56.3600
55.4900
55.3000
55.4000
56.4600
56.9900
56.7800
58.5800
58.9000
59.3600
60.9200
59.9200
60.3200
62.1700
61.4700
61.0100
58.7200
59.4800
60.5700
61.6700
62.9200
66.6900
62.6700
64.5400
63.9400
65.0500
66.7600
64.1600
61.8400
62.5100
61.4400
59.9000
58.4200
58.4800
47.4900
47.8600
49.4900
47.4900
47.5200
46.9100
46.0500
44.4800
43.1000
42.0100
42.1100
42.8800
41.2100
40.2500
42.9600
43.9700
43.5000
42.3800
42.4100
42.2600
44.0700
44.3000
44.2800
44.2300
40.8300
40.3700
39.3900
39.3000
39.5000
41.3600
41.7000
42.2600
42.1900
42.9200
40.1600
40.7700
41.3000
40.9500
44.6000
44.2200
45.5300
45.6100
46.6600