91.0000
91.9300
92.6400
92.5000
93.2200
94.5000
95.8200
96.3300
95.1300
95.3700
96.2000
97.2700
95.5900
95.0700
95.4200
96.0600
98.0300
97.2000
96.7600
97.5300
97.5200
96.9000
97.7700
97.7400
98.4800
98.9600
99.5000
98.3700
99.1500
99.8000
99.2200
99.7400
100.3200
100.5800
99.9700
100.9600
101.0600
103.3300
102.3700
103.1500
103.5600
102.4400
102.6900
103.1000
106.1500
105.4500
106.0300
107.0100
107.2400
107.1900
107.8600
106.6400
107.5700
107.1700
107.0700
107.2700
107.6000
109.6000
109.6000
108.3600
109.2100
108.6700
109.8100
109.4000
109.9300
110.7700
111.8300
108.9900
114.8200
115.5800
116.6200
117.3700
117.5900
117.1500
116.7300
118.3900
118.0200
118.1600
120.3000
120.4500
120.9900
120.2800
120.5900
121.5400
121.9000
121.1100
121.6300
122.9800
124.0000
122.9700
122.7200
120.5400
118.4300
118.0300
115.5700
116.0700
118.8200
119.1400
124.3000
125.3300
126.3100
129.4700
127.5000
129.6400
124.6100
125.8700
128.2800
128.8300
130.0700
131.4200
130.2100
133.0100
129.9900
129.3200
129.5400
132.2800
131.8400
130.5100
126.3900
127.8700
127.3600
130.3000
129.4900
130.1500
132.3500
132.2600
132.4900
132.9900
132.8200
130.2000
129.8100
128.1300
128.8500
130.1400
127.2300
128.7200
127.6500
132.4300
131.5700
131.1500
131.5400
129.6100
133.1700
135.2400
135.4400
134.3500
133.4600
134.3700
136.0800
135.4100
138.7800
140.8000
141.1300
141.4400
140.9800
141.3600
138.3700
139.1300
140.6700
139.8700
137.8000
139.3700
139.8100
142.6300
142.6000
142.5100
144.5300
142.0000
143.0800
143.1400
142.0300
144.1600
143.2300
143.7500
141.8500
144.0500
145.6900
146.2200
146.0100
145.4900
149.0500
148.0900
150.0600
149.4000
147.8300
146.3100
148.7300
148.9100
148.2000
148.5800
152.8100
154.3600
155.6900
152.2300
149.8800
150.4300
149.2900
149.2200
151.5400
153.5800
154.2100
153.0300
150.5100
150.6000
149.3900
151.7600
140.0000
139.6300
142.5800
143.5900
142.0000
144.0000
143.3200
143.8700
141.9700
140.8400
149.0600
152.0500
149.5100
148.9100
151.5700
157.0100
157.9700
157.4400
158.5900
157.9900
157.1500
156.5500
153.6800
152.5200
152.2100
151.1500
149.9100
151.2200
148.9400
149.7800
149.8800
147.8700
147.2700
148.2300
153.4300
152.2300
149.9300
152.4200
151.5300
152.6700
152.6000
152.7300
151.0400
153.8200
156.6800
155.1400
158.8000
158.4900
160.9600
162.1700
162.3600
161.2800
161.1800
161.0200
161.4400
162.8400
164.0200