63.4700
62.8200
63.1200
62.3400
61.8500
63.4200
64.0000
65.2300
64.1700
64.9400
66.0900
66.6200
66.9300
67.5100
68.5200
70.2100
68.2200
68.2600
68.2900
68.0400
69.5400
69.4900
70.7700
70.9700
71.3200
71.5100
70.5000
69.5200
70.8100
70.3200
70.9100
71.9100
71.9600
71.5600
71.9300
72.4000
72.6000
72.7400
72.7900
71.7900
71.6600
71.9100
71.6200
70.4800
70.5700
71.5000
71.6100
71.1400
72.0900
71.8800
72.9000
73.4100
73.5300
73.0100
72.7500
71.8900
72.5400
74.0700
74.0800
73.5100
73.0000
73.0600
74.4300
74.0000
73.0700
72.4800
71.4700
70.3300
71.0900
72.3300
70.9600
70.8900
71.8900
71.8700
71.5900
71.8800
70.4900
70.4000
70.7900
71.5900
71.3800
70.9000
71.2100
71.1000
70.3900
68.5300
68.5600
69.8100
69.6400
70.5600
70.6300
69.9600
69.8700
69.7900
68.6900
68.1700
70.2100
71.0900
70.8400
71.6000
71.1000
72.2500
70.4700
69.3700
67.5300
67.8000
68.4000
69.9300
70.2500
70.7000
69.5900
71.4200
70.6600
71.1900
71.7000
71.9600
73.5900
73.1200
71.0800
71.7700
71.4000
71.5800
72.1800
72.1700
73.9300
73.5300
74.3400
73.8700
73.2500
73.3000
71.8600
70.4200
70.7200
71.6100
70.6900
71.0700
72.5100
72.2200
71.4200
70.7100
68.1000
67.2700
68.3000
70.8300
69.5900
69.2000
69.0400
68.2300
70.2200
70.7800
71.5900
72.2500
72.4000
72.0700
71.6800
71.4000
71.8300
72.3000
71.7400
71.3900
71.1100
71.5100
70.4000
70.6700
70.1600
70.4200
71.0300
70.4700
71.0300
70.4900
70.8500
71.4000
73.4300
73.1300
72.6100
72.3300
73.1500
73.7200
74.0000
73.7000
73.8000
73.9900
73.3700
73.5600
73.0900
72.2300
72.6900
71.9700
72.6500
72.4600
72.5100
73.0900
73.3800
73.2000
71.8400
71.1800
71.9000
71.9000
72.4800
73.6600
74.3600
73.5300
72.6700
72.9600
71.5900
70.4200
70.5500
70.5600
70.1800
70.6400
70.1500
70.5600
71.8000
70.5100
69.5600
69.5600
69.6900
69.4200
68.7900
69.3400
69.3000
70.9400
71.4800
71.3400
72.2000
72.2200
72.0100
72.2300
72.3300
72.5200
72.1500
72.6900
72.5400
72.9700
73.0600
73.3600
73.4100
72.6800
72.4100
72.6000
73.0000
73.6500
73.1900
73.6700
73.7000
73.7100
74.0100
73.6800
72.8600
73.5800
74.7700
75.3100
75.2700
75.5200
75.7900
76.5800
76.7300
76.4000
76.4700
76.3900
76.3800
76.7100
76.9300