77.3000
77.2800
77.6800
77.4200
77.9600
78.8000
78.8100
79.0800
78.8300
80.2500
81.0500
81.0400
80.3800
81.0600
81.0000
81.1900
79.0200
78.5900
78.3200
78.7800
79.6000
79.7400
79.5600
79.5200
79.3200
78.8000
79.2100
78.8400
79.2900
79.4200
78.1500
71.6000
73.0700
72.4300
72.6700
73.7400
74.7400
74.7900
74.4000
75.3200
75.8500
76.3500
76.4800
74.8700
75.1700
75.5700
75.4400
75.4600
76.2900
75.9900
77.7600
78.0800
78.5500
79.1200
79.1900
79.5000
80.0000
80.1900
80.6400
81.0100
81.0900
81.3600
81.4400
81.4200
81.1400
81.1200
80.7900
80.3100
79.7900
79.3700
79.2500
78.8100
79.8600
79.4700
79.2500
79.9700
78.0300
78.3500
78.7300
79.4000
79.3700
79.6300
79.6900
78.9900
77.3800
75.9900
76.1900
76.1600
75.7900
77.0000
76.7700
77.0600
76.8900
77.6400
77.2900
76.3100
76.5800
77.0300
77.1000
77.4400
77.5800
78.1700
77.3300
76.5600
74.8200
75.4200
74.6700
76.0500
76.0900
75.7500
75.5600
75.7800
75.7700
75.7000
75.7700
76.1900
76.5400
76.4900
75.8400
75.6000
74.1400
73.8000
73.6500
74.2500
75.5200
76.3900
76.0200
75.9500
75.3100
74.8200
75.1500
74.7600
75.1700
76.4200
76.6600
75.9800
75.9600
76.9500
76.5600
75.8800
74.9800
75.0200
75.9200
76.3600
77.2400
76.8000
75.7000
74.9200
75.7500
76.5800
76.8000
76.8300
76.8300
76.7000
77.9100
77.8400
78.9700
78.9700
82.9600
84.2500
84.1200
83.9100
83.9000
84.4000
84.9600
84.5800
85.0300
84.4300
84.9700
86.0400
85.9900
86.6200
86.1000
85.8500
86.0100
86.1300
87.0400
86.1100
87.0200
86.6200
86.5800
87.0600
86.0400
87.2900
86.0900
85.8800
85.9500
86.3300
87.1300
87.1600
87.3100
87.4700
86.4500
85.5000
84.0500
83.6200
83.5600
83.4500
83.6800
83.9100
85.2000
85.3700
84.7600
84.8700
85.1500
85.0300
85.7600
85.0300
85.6400
85.4100
85.0600
84.8600
85.7700
84.5900
83.8200
84.3300
85.3600
87.0500
85.7000
85.3800
83.8600
84.4900
84.6700
84.5700
86.0500
86.0300
86.1300
87.1600
87.6200
88.4600
88.7300
88.9200
88.2900
87.9600
87.8000
87.7800
87.7300
87.8300
87.3400
86.9600
87.5200
87.3500
85.9600
86.9300
86.6100
86.3300
85.2900
85.5300
85.2500
86.2400
89.6600
89.1800
90.2000
89.8900
89.0900
89.5900
89.8400
88.2200
88.3000
88.3600
88.5900
89.5900
89.5600