70.0900
69.5600
68.0700
67.7800
68.8200
70.7500
70.1600
69.7000
67.9900
67.6400
70.6300
72.8600
73.8000
74.1600
74.5900
76.1900
75.9800
76.6600
76.2700
75.1700
76.1200
77.3100
78.6600
79.6400
79.5000
78.4100
78.6400
77.1700
78.0300
77.8000
77.3600
78.0600
77.7400
78.5800
80.0000
79.5900
79.8500
79.1100
78.7800
77.6100
78.3700
77.1900
75.6900
73.7900
74.7000
75.8200
75.8400
74.0200
74.7700
74.0200
74.9200
76.7600
77.1000
75.7100
74.0100
71.9800
73.1800
72.4000
69.9600
69.7800
69.1400
69.9300
69.8400
69.7300
68.6900
68.4200
67.5900
67.2600
68.1200
70.3400
68.3800
67.4400
69.3500
69.9300
69.8000
71.7000
71.1900
72.7100
74.4600
74.2500
73.9500
74.1400
75.1300
74.1700
72.6100
69.9600
70.6000
70.3900
69.6400
69.4400
68.8000
67.2500
65.5200
64.8100
64.7500
64.0600
66.7600
66.4000
67.1800
65.8500
65.4100
67.2400
64.1800
63.2500
62.0700
62.2100
62.2400
64.5900
64.4300
64.5400
64.0700
64.9300
63.9500
65.3800
66.4600
66.5400
67.1500
65.5400
62.5600
61.5600
60.0600
59.6700
61.4700
62.7200
64.9100
64.9400
67.3400
66.1000
65.1700
65.8200
64.9700
65.6600
65.3900
66.7200
66.3000
67.7900
68.7600
68.6400
69.3300
69.5500
67.9400
68.2500
71.3100
72.9600
72.5400
71.2600
71.6800
70.8300
72.3900
72.4000
73.6100
73.6600
74.3300
75.3500
75.2000
74.4700
73.8700
74.9800
74.7800
74.3400
74.3500
74.8200
74.1900
74.5900
74.8500
74.3800
72.9600
71.6000
72.3800
71.4200
71.2500
72.4600
73.1700
72.6900
73.6600
74.3200
75.6700
77.6000
77.1400
76.2300
74.7100
75.2300
75.0200
74.2600
72.6900
72.0500
73.2400
72.3300
72.5800
72.2600
71.1900
71.6700
71.4900
71.6100
71.7300
71.0800
72.4200
72.1900
72.7600
73.5200
74.5500
74.8000
74.0000
73.1600
71.2600
70.0900
70.7400
70.1000
69.5300
70.1500
68.7700
69.9500
71.1500
70.1300
67.7700
68.3700
68.4800
69.0700
67.8300
69.1600
68.2200
70.6900
70.0200
70.2100
71.1800
70.4300
69.8700
70.7300
70.6000
71.6200
71.0200
71.2200
71.3200
71.5000
71.8300
72.0000
72.6000
72.7900
72.5600
68.9100
69.6800
71.3500
70.6600
71.1000
69.6900
69.2800
69.1000
69.1700
67.9600
69.3000
71.4000
70.9200
72.0100
72.2100
72.5100
72.2000
73.2500
73.7500
72.7700
72.5900
73.2200
73.3700
76.5000