13.7600
13.4500
13.6900
13.7800
13.8100
13.7700
13.7600
13.7000
13.6400
13.6400
14.2900
14.5500
14.6200
14.5700
14.5700
14.6200
15.0100
15.1300
14.9600
14.9500
15.3100
15.4900
15.9900
15.8800
15.8200
15.7600
15.9100
15.8800
16.0100
16.0700
15.9300
15.9900
16.1400
16.2700
16.2100
16.3600
16.1900
16.2300
16.1900
15.7600
16.2400
16.1100
15.9800
15.6400
15.9700
16.1600
16.3600
16.2700
16.5700
16.1000
16.1500
16.2700
16.5000
16.4700
16.2900
16.0300
16.1200
16.2900
16.0200
15.8600
15.8500
15.7600
15.8100
15.8400
15.4500
15.2600
15.1300
14.8500
14.9300
15.2300
14.8500
14.8400
15.0600
14.9500
14.9100
15.0800
14.9200
14.9700
14.8500
14.8600
14.8600
14.8300
14.7500
14.4500
14.2000
13.8800
13.9200
13.7300
13.8600
13.8800
13.7000
13.6200
13.5500
13.2000
12.9600
12.8900
13.2700
13.3700
13.3100
13.5600
13.5700
13.8000
14.0400
13.9700
13.6900
13.7900
14.1000
14.5600
14.2900
14.5300
14.1900
14.5100
14.2800
14.5300
15.0100
15.0300
15.3000
15.0500
14.8100
15.1500
14.9700
14.7100
15.2000
15.2900
15.7100
15.9900
16.0200
16.0200
16.2800
16.2500
16.0400
16.2000
16.0100
16.3200
16.3800
16.1700
16.0400
15.2000
15.6900
15.4500
15.3000
15.6300
15.9700
16.1100
16.0400
15.9900
15.7300
15.5400
16.0200
15.8300
16.0200
16.0500
15.9900
16.1200
16.1200
16.0600
16.2500
16.0800
16.0300
15.9700
15.7000
15.8100
15.7100
15.8200
15.7200
15.7200
15.7000
15.5300
15.7500
15.8200
15.4800
15.7800
15.9400
15.9500
16.1600
16.2800
16.5900
16.7800
16.5900
16.5700
16.6400
16.4600
16.2900
16.4400
16.0500
15.7400
15.8300
15.7200
15.9800
16.1900
16.2900
16.6800
16.6700
16.7700
16.6400
16.6600
17.3100
17.0000
17.1000
17.1300
17.1600
16.9600
16.6100
16.6900
16.7900
17.1400
17.5400
17.4900
17.5800
17.7000
17.6800
17.6800
17.7500
17.1100
16.8400
16.8500
16.8000
16.7900
16.5600
16.5300
16.7400
16.9600
16.8500
16.8900
17.0500
16.7400
16.7400
17.0500
16.7900
16.5500
16.4900
16.6400
16.8400
17.0000
16.9000
17.1500
17.3200
17.0800
16.8900
16.6900
17.1100
17.2100
16.8700
16.8200
16.8200
16.7900
16.7300
16.7700
16.8000
17.1300
17.4000
17.3500
17.5000
17.3900
17.4400
17.5600
17.6400
17.3700
17.3600
17.3300
17.3000
16.8200
16.8800