51.2400
51.1200
51.8000
52.0100
52.3900
53.3800
53.5300
54.0200
53.0300
53.1100
53.7100
54.2900
54.4100
54.4700
54.9400
56.1800
56.1800
56.7600
56.2000
56.5100
57.0600
58.1900
59.5900
59.8000
59.8400
60.0000
60.7300
60.9800
62.1800
62.0900
60.4800
61.9900
62.1600
61.9000
61.0600
61.3100
60.7300
61.0700
61.3000
61.1300
61.2000
60.3300
60.3000
58.5300
59.0700
60.2100
60.4500
60.4200
61.3000
61.2900
62.1800
61.5100
61.0000
60.4400
60.4900
60.2400
60.5800
61.8000
61.7700
60.9800
61.0700
60.9700
61.3100
60.6200
60.2800
59.7100
59.1900
57.6500
58.7100
59.7500
59.2700
59.5400
60.6200
59.6500
61.5600
61.6500
60.6600
61.8900
62.2400
62.5700
63.5500
62.5400
62.6300
62.8100
62.7900
62.3500
62.4800
61.9400
61.2200
60.9700
61.3300
60.4400
60.3200
60.1700
58.2200
58.1000
59.5400
60.0200
60.6800
60.6200
60.1200
60.9700
60.2500
60.5100
58.5700
57.6300
58.5700
60.7300
61.7200
62.6600
61.3400
63.0400
62.1700
62.4100
63.1900
63.6400
64.2400
63.3600
61.9500
62.1000
60.2800
60.0000
59.9900
59.4500
62.2500
61.9300
62.5300
62.5200
61.6600
61.7800
60.7200
60.1000
59.9600
61.2100
60.4100
59.9000
61.3400
67.2400
67.6500
67.2000
66.9000
67.6700
69.1800
70.2000
68.9400
67.7800
66.4400
65.9100
67.4500
67.4500
68.1500
68.4300
68.2500
68.6400
68.6200
68.5400
68.1200
69.8600
70.3100
69.9100
70.0200
70.3800
69.7700
69.9600
69.5700
69.4600
69.5400
69.3900
69.4200
70.0200
69.9600
72.9800
73.2300
72.5200
72.2100
72.4200
72.6300
73.4300
72.5000
72.9500
72.9100
72.3000
71.9800
71.5100
71.2300
70.3600
71.2200
71.8700
71.5000
71.8500
71.6300
72.3900
72.7700
72.8000
71.5300
71.5900
71.8400
71.2800
72.6600
73.6400
74.2500
76.9700
75.8500
75.2500
75.4500
76.0200
76.3700
76.5100
77.3300
79.1700
78.7500
79.4100
79.8600
77.5000
77.0400
77.1700
77.1900
76.5000
74.4500
74.1500
74.7600
76.8000
77.7600
77.7000
77.8300
78.2100
77.6900
78.5600
80.0300
79.4400
78.9400
78.6500
78.3400
78.5300
78.0600
79.7200
79.3100
80.0000
79.0000
77.8900
79.1100
79.7900
78.8700
79.1300
78.2200
78.6100
77.9600
78.1400
77.3400
78.9900
80.8600
80.5800
79.9700
79.6500
79.2000
79.6700
79.5000
79.6000
79.7200
80.3500
80.3300
80.8900
81.0400