47.5900
48.3000
49.1100
49.9300
50.8300
50.7800
50.5500
50.4800
49.8900
49.9600
52.0700
52.6800
52.4900
51.8000
51.1900
52.3400
46.3900
46.7000
46.2900
45.8800
46.4800
46.5400
47.5400
47.5600
45.9100
46.8400
47.2000
46.4400
46.6300
46.9900
47.6800
48.2300
47.7900
47.6100
47.4800
48.8500
49.1400
49.1900
49.7700
49.4800
50.5300
50.9100
50.2400
48.5500
48.4800
49.2200
50.2500
49.8500
50.7300
49.6700
49.7000
50.2500
50.2300
49.9600
51.2900
50.9000
49.4000
50.5200
50.1200
50.3500
50.2200
49.5900
49.6000
50.0500
44.5100
44.0900
43.7000
42.2600
41.9600
42.1600
41.1100
40.9500
41.3000
40.7600
40.4700
35.9100
36.3900
36.4900
37.5900
37.4000
37.5800
37.0000
37.4000
37.4400
36.6300
35.9400
35.8900
35.4700
36.0100
35.5800
35.7000
35.7900
35.0500
33.4600
32.3500
31.5200
32.5600
32.6200
32.9200
32.2500
33.7300
34.4500
33.6200
32.7000
31.2300
31.6600
33.4100
35.0900
35.1300
35.4300
34.6200
35.9500
36.0200
35.5500
36.8500
36.8300
37.1700
37.4700
36.0000
36.3600
35.8700
36.2700
35.4100
34.7000
36.4800
36.9100
37.1200
36.6200
36.7100
36.1900
34.6600
33.9900
33.4100
33.4200
32.8100
33.3400
34.2600
35.0800
38.7000
39.8800
39.6500
39.7300
41.5100
42.4400
41.1700
41.1300
41.4300
40.7500
41.3700
41.4800
42.0800
41.7000
41.5900
41.4000
40.9000
40.5300
41.5600
42.7000
42.5500
42.2700
42.9800
43.5400
42.2700
43.0400
42.9500
42.3100
42.0400
41.0300
41.2200
40.8900
40.6000
44.0100
44.2600
43.9900
44.5200
44.9700
45.3700
45.6900
45.7500
45.1900
46.1800
45.9500
45.2400
45.1500
43.8900
42.6600
43.2400
43.4300
43.0100
44.3100
43.6300
44.6300
44.0900
43.7300
43.3900
42.5600
42.2800
42.2800
43.7300
44.8200
44.3400
42.8600
44.0200
43.4300
43.3600
43.1100
42.3900
42.2300
41.7800
44.1600
43.4600
44.3100
44.8100
43.4000
41.0900
41.2200
40.4700
40.4600
39.8200
39.2800
39.4600
39.3000
38.8400
39.4700
40.1300
40.6700
40.1400
40.4400
39.7900
39.1000
39.5300
40.3000
39.8000
41.3200
42.2500
42.7900
43.1000
43.2800
43.1700
42.6700
42.6700
43.9200
43.8600
44.2300
44.3200
44.1800
43.5700
43.2200
42.6800
43.5000
44.7400
44.6800
45.4600
45.2900
45.1100
45.3100
45.6000
46.5300
46.9500
47.0300
47.0700
48.3900
48.4600