43.1800
43.0300
43.3400
43.6200
43.7400
44.8800
44.3400
44.5600
43.4800
43.8100
45.1400
45.2100
45.0400
45.0500
45.2400
45.6900
45.2700
44.5800
43.9700
43.3600
43.3100
42.5300
43.3800
43.7300
44.1500
44.4100
43.8200
42.9900
43.2600
43.2400
43.1800
43.5900
43.9900
44.2700
44.0300
44.3600
44.9900
44.7000
44.7200
45.2000
45.8500
45.9100
45.5400
43.9900
43.9000
44.7400
45.2400
44.9800
47.6800
47.0400
47.1700
47.5500
47.9400
47.6300
48.2800
48.4000
48.8100
49.2000
49.2300
48.8400
48.6300
48.6900
49.4200
49.0000
48.4000
48.9100
47.6800
46.0800
46.8300
47.5000
47.5700
47.9300
48.8400
48.6000
48.6800
48.9600
48.4300
48.1400
49.4200
51.2600
50.7600
50.2200
51.0400
50.7400
54.5300
54.2100
53.9300
54.6700
54.7700
54.2500
54.1700
53.4600
53.3800
52.9900
51.1200
50.8000
52.4500
52.7500
52.6000
53.6500
54.4200
54.8900
54.5700
54.7700
53.4100
53.9100
53.7800
54.8300
55.1700
56.4200
56.3500
56.8100
55.9000
56.1600
56.6200
57.0400
56.7200
56.8200
55.5200
56.1600
55.3100
55.6500
56.0000
56.0900
56.8600
57.5300
57.1600
56.6500
55.9800
55.0700
54.1400
53.3500
52.8800
54.9600
53.5600
54.5100
54.3000
54.3000
53.8400
53.3900
52.9100
53.0200
53.5900
54.7900
54.9800
53.8500
53.7300
56.1700
57.4600
58.1000
58.5900
58.7800
59.4300
59.9400
60.8700
59.3100
59.1300
58.6000
58.6500
58.3700
58.4000
58.6300
58.8000
59.6200
58.9200
59.4800
59.2400
58.5600
59.1000
60.3400
60.1200
60.6600
60.0900
60.0100
61.3800
61.5200
61.5600
62.3300
62.0400
61.1600
61.6600
61.8400
61.6200
61.4900
61.2300
60.1900
61.2500
61.2300
62.5400
62.3200
62.8100
63.3600
63.5100
63.3000
63.2700
63.1100
63.1000
62.5200
63.0700
63.0000
62.5600
62.7600
63.1900
63.7200
62.3500
62.6300
62.2000
61.1500
60.7200
62.5200
60.4800
60.4500
60.0700
59.7100
59.8400
60.1000
59.9600
59.9600
59.3000
58.9500
59.0500
60.1500
59.9300
59.5900
60.4000
59.7700
59.6600
59.7200
59.2200
59.0400
59.0400
59.2200
57.7000
56.5000
56.8300
57.7800
58.9900
58.3100
57.8400
58.0400
58.5500
59.2000
58.9700
58.8600
57.7400
57.5200
56.5900
57.0100
56.6200
57.9200
59.4100
59.8700
58.3100
57.7800
59.1200
58.7500
59.6500
59.8300
59.1500
59.0300
58.3300
58.9000
59.0200