45.0300
45.0000
44.9400
44.4800
44.9500
44.7900
45.0600
45.1100
45.2700
45.1900
45.4500
44.9800
45.3000
45.3700
44.9000
45.1200
45.3200
45.0200
45.0400
45.5600
45.3800
44.2800
44.3000
44.2000
44.4900
44.6100
44.6800
44.6100
44.4200
44.5400
44.2000
44.4200
44.3800
44.0600
44.1800
44.2400
44.5400
44.4300
44.3400
44.1900
44.3700
44.2700
44.2000
44.6500
44.6300
44.7700
45.1100
45.3900
45.4100
44.8500
44.8700
44.3400
44.0300
44.0200
43.9600
44.0700
44.1200
44.5100
44.7600
44.6300
44.8400
44.9300
45.0600
45.2400
45.1600
44.9700
44.7200
44.3600
44.5000
44.7600
44.7400
45.1800
45.3900
45.5500
45.5000
45.8300
45.5800
45.8700
45.4800
45.8900
45.9900
45.9400
46.1400
45.9000
45.1900
45.3600
45.4400
45.7000
45.3700
45.6500
45.5400
45.4500
45.4000
45.3800
45.2000
45.4800
45.5100
45.5500
45.3700
45.6000
45.6900
45.8700
45.8500
45.9100
45.9500
46.0600
46.1200
47.0300
47.3000
47.3800
47.3300
47.3100
47.4500
47.6200
48.0000
48.2900
47.7000
46.7600
46.4600
46.5500
46.2500
46.3400
46.6000
46.6600
46.3000
46.7100
46.4900
46.4500
46.5400
46.8300
46.9400
47.1900
47.2000
47.6100
47.5800
47.7000
47.8100
47.7000
47.7700
47.6300
47.1100
47.4000
48.0800
48.4200
48.3300
48.1500
47.8900
47.0900
47.3500
47.3900
47.1400
46.9300
46.8100
46.9200
46.7800
46.6000
46.3900
46.0700
46.0800
45.9700
45.8200
46.0900
45.5800
45.8800
46.0300
45.7700
45.5200
45.3800
45.3300
45.4700
45.3700
46.0700
45.9100
45.6900
45.4200
45.3200
45.9200
45.0500
44.9300
44.9600
45.1700
45.2400
45.2600
45.8200
45.7400
46.1100
45.9200
46.0900
45.6700
45.5700
45.8500
45.9700
45.9700
46.0700
45.9500
45.9600
45.7200
45.6100
45.6500
45.8900
46.5400
46.8000
46.6400
46.5500
46.2000
46.0400
46.2300
46.3300
46.8400
46.0200
45.7700
44.6200
44.1400
42.8000
43.2600
43.0300
42.5800
42.9500
42.8800
42.5400
42.6900
42.7700
42.4300
42.2800
42.0300
42.6300
42.7900
42.7600
43.2900
43.5500
43.1700
42.9000
43.4600
43.7300
43.7300
43.6800
43.6000
43.3800
43.1500
42.9500
43.7400
43.8800
43.3200
43.5100
43.3200
43.1100
42.8200
42.6800
42.3300
42.8100
43.7800
43.7700
44.1600
43.3900
43.2700
43.0600
43.2200
43.1600
43.0500
42.9900
42.9100
43.0000
43.4900