129.3800
127.1400
127.8100
126.8200
126.7200
127.4800
128.0400
127.0100
126.9200
128.2000
128.4800
131.2200
131.6600
131.6300
133.7400
135.8000
136.5300
136.6900
135.5100
135.8600
136.5000
137.4500
138.7300
137.5200
137.4800
137.6400
137.9000
136.7600
136.8800
135.7800
136.0700
137.9300
137.7600
135.8100
134.9000
135.7700
136.6600
136.8200
136.3000
135.4800
136.4000
137.2500
138.4100
136.7400
138.2200
138.2400
136.4500
139.1500
140.9500
141.1200
141.2000
141.9000
143.5800
143.5000
144.2200
142.7700
143.6200
144.5400
144.6200
144.2800
144.7300
145.6800
146.9400
146.6000
145.6600
145.7900
144.6500
141.7300
143.3600
145.7300
144.7400
148.6400
149.5200
149.0200
148.0600
150.1100
148.6200
150.8700
152.6800
152.1900
155.3300
155.6000
157.5800
156.9900
155.5100
154.1900
155.0700
155.4100
154.7200
154.9300
156.0800
154.4600
153.2700
150.3400
146.3000
144.3400
147.4700
147.7800
147.9100
149.0300
148.1200
150.1600
146.1800
147.5200
143.5100
143.3300
146.1600
149.1200
148.7900
150.6100
147.7200
149.0300
147.3200
148.2500
149.1500
149.3100
151.2500
152.2800
149.5100
150.1800
149.9200
150.4700
150.9900
151.7000
155.6600
158.0800
158.5100
156.8400
157.4000
158.5600
156.7400
157.1000
156.9200
158.5600
158.5200
159.8400
159.2600
158.1300
156.9700
155.9400
157.6000
156.3400
159.0000
160.4800
161.0900
160.4900
161.1800
161.4100
163.0300
161.7800
159.3900
158.4800
157.0500
157.7000
157.1700
157.5500
157.7200
159.7100
159.8500
159.0700
158.5100
158.7000
156.4600
157.1200
158.7300
158.5900
157.8100
157.4100
158.7000
158.7500
157.9500
158.8500
159.0500
156.2100
157.7400
158.5900
161.6600
162.7000
163.5300
161.7000
160.6700
155.8900
156.1900
155.3200
152.3900
151.1400
151.9400
151.8100
151.1900
152.2500
152.9200
152.5900
152.7100
152.8700
152.2400
153.0400
153.0500
152.3900
153.1200
153.9800
152.8500
154.8000
153.5400
152.9400
151.0200
151.1700
151.4600
150.3000
152.2100
152.5500
155.7500
154.7300
155.4900
155.7000
154.1600
152.0000
152.1300
151.8100
148.1500
146.7300
146.9200
148.9500
150.3800
150.2100
151.6200
152.1500
151.0200
150.2400
151.2500
152.1300
152.8300
152.5500
152.2700
154.4100
155.6500
156.0400
156.7200
156.4000
153.9900
154.0500
155.4700
156.8300
156.3900
158.0700
157.8000
157.9400
156.9600
157.9300
156.0200
158.0900
159.8000
158.5200
158.5900
159.7200
159.1400
159.9200
159.9000
159.9800
159.4400
160.1900
159.7200
159.9000
159.8900