14.2200
14.4500
14.4200
14.5100
14.8300
15.0200
15.0200
15.0700
14.8900
15.0000
15.4500
15.9500
16.0000
15.8100
16.0500
16.1900
15.9500
16.0100
15.2300
14.6300
14.6900
14.4900
14.7700
14.8800
14.9600
14.8900
14.7100
14.7600
14.8900
14.9000
15.0400
15.1400
15.1500
15.1700
15.2600
15.3600
15.2800
15.2400
16.0000
14.6600
15.3800
15.3600
15.0500
15.3700
15.4100
15.3800
15.4000
15.4000
15.5400
15.9500
16.4900
16.4200
16.4600
16.7700
16.6400
16.7400
16.5800
16.8400
16.6200
16.5300
16.5200
16.1900
16.5000
16.5000
16.0700
16.0600
15.9200
15.4800
15.6300
15.6600
15.5300
15.6700
15.9800
15.9700
15.6600
15.6600
15.2900
15.2500
15.3900
15.5500
15.7600
15.4000
15.1500
15.2600
15.1200
14.8600
14.8400
15.0000
14.9300
14.9600
14.9200
15.0900
14.7500
13.9100
13.2200
13.0700
13.3500
13.6100
13.6500
13.4900
13.4100
13.6000
13.3700
13.1400
12.7600
12.7600
12.7400
12.9200
12.7800
12.8600
12.5700
12.7600
12.5400
12.6300
12.6700
12.7400
12.9900
13.0300
12.6400
12.7500
12.2400
12.6000
12.6600
12.5900
13.0500
13.0200
13.1700
13.1700
13.2200
13.0400
12.9700
12.7300
12.4400
12.4100
12.5300
12.6300
12.7900
12.7600
12.4700
12.4700
12.3100
12.1500
12.4200
12.4700
12.7400
12.7400
12.6700
12.5200
12.9300
13.0800
13.3000
13.3300
13.3100
13.4100
13.3600
13.4600
11.4900
11.3800
11.3400
11.2400
11.2100
11.1200
10.9800
10.8500
10.7000
10.6600
10.8800
10.8000
10.9200
10.8600
11.1000
11.4700
11.6400
11.2500
11.3700
11.5400
11.9600
12.2100
11.9600
11.9400
12.1500
12.3400
12.3600
12.3500
11.8000
11.4100
11.6800
11.5200
11.6100
11.4500
11.3400
11.5300
11.6300
11.7000
11.6800
11.4600
11.4400
11.1000
11.2000
11.3000
11.5900
11.5500
11.2300
11.4000
11.3100
11.2200
11.4100
11.4400
11.5200
11.7100
11.4700
11.5700
11.7300
11.7100
11.2900
11.1500
11.0900
11.2500
11.5500
11.9200
11.7300
12.2100
11.7400
11.8000
11.9100
11.7900
11.7900
11.9300
11.7600
11.7000
11.4300
11.3400
11.2900
11.4700
11.4000
11.3300
11.6700
11.7000
11.8000
11.6900
11.7800
12.0800
12.1100
11.7500
11.5300
11.2800
11.2000
11.2200
11.1000
11.4000
11.4800
11.7500
11.7600
11.9900
11.7900
11.7100
11.7400
11.9800
12.1600
12.3600
12.5800
12.8000
13.0000