77.4900
76.7200
76.9300
77.4500
77.3600
79.8100
80.7700
83.6600
84.0600
84.1700
84.0600
83.5600
84.3000
84.1100
84.2900
84.1700
83.7200
83.5000
82.8900
84.0200
85.0200
85.3000
86.9000
86.1400
84.7600
84.7900
85.2700
84.5300
86.2400
87.9400
86.9100
87.5900
88.0500
88.0900
87.9100
89.2700
89.2300
87.9600
86.8700
86.7700
86.5900
85.9400
86.2400
85.4100
85.4500
86.6700
87.7500
87.8000
87.8600
87.0000
86.4400
86.8800
86.8100
85.3900
85.4300
85.4300
84.6600
85.9000
85.4700
84.9400
84.1800
83.6400
84.2000
84.4300
84.6500
85.5700
84.7700
84.4400
85.5700
86.6700
86.1000
86.1200
87.0200
87.7500
87.2800
87.9100
87.1100
87.2200
87.1000
85.9700
87.6400
86.6000
87.5400
87.3800
86.5300
84.6200
85.2200
84.8700
83.1900
83.3200
83.2400
81.4500
81.7800
83.0700
82.4000
81.3700
82.8200
83.9500
85.7600
86.8000
86.3100
87.0100
86.9300
87.2600
85.7600
85.8400
85.8300
86.7200
86.0400
87.5400
87.7100
88.0400
87.5600
88.0200
87.7700
89.1800
90.7500
90.3600
88.6800
88.4700
88.4000
88.7600
89.7800
89.5500
91.6700
92.5600
92.9300
92.8200
92.4700
92.5100
93.4200
92.3800
92.5300
92.8200
93.0200
93.3200
93.1600
94.1700
93.3400
92.6300
91.3800
91.7200
92.2200
94.5200
93.9900
92.8500
91.8500
90.4000
91.8400
91.4200
90.3500
89.6700
89.0600
89.8200
89.7700
90.0000
90.1300
91.5100
91.4700
90.5600
90.2300
90.2900
90.2400
91.2600
91.1000
91.3000
92.4200
91.5500
91.5200
91.5100
91.9700
93.4000
93.6000
93.0300
93.1900
93.2800
93.3200
93.1700
93.9000
94.4300
93.6600
91.4300
91.6000
92.0000
91.4400
90.0500
90.0000
90.4800
90.6400
91.0300
91.0600
92.0300
91.7600
91.1700
89.6500
89.9600
90.2400
89.9900
91.2800
92.0700
93.1400
93.6100
91.8700
92.1600
92.2000
89.0600
95.2100
94.5700
94.7600
95.7600
94.7700
94.5200
94.8100
93.7000
91.9700
92.4100
92.3800
92.3300
90.4900
90.3700
90.0700
89.9000
90.5400
91.6900
92.1600
92.4500
93.4100
92.9300
93.7900
93.4700
93.2300
93.4200
93.9600
94.3600
94.2600
94.9000
94.5900
93.8700
93.3000
93.2600
93.6500
94.0300
92.4700
92.6900
91.6600
91.9200
91.4700
92.1900
91.9000
93.2800
94.0700
95.0300
95.2400
95.8200
95.4400
95.4000
95.2400
94.8500
94.4600
94.2000
93.9100
94.1500
95.0000