54.8300
55.2700
55.5400
55.8500
55.8800
56.0500
55.5100
55.5200
55.4200
55.9200
55.5400
55.6400
56.3000
56.2200
56.2200
57.1900
58.1800
57.6700
56.9700
56.9000
57.8000
57.6100
58.3000
57.4600
58.3400
58.3100
58.1700
57.5000
57.5200
57.4900
57.4500
57.9600
58.3200
58.2400
58.2700
57.6700
58.0400
57.9000
58.3800
59.2400
59.3000
58.8900
58.9000
58.3200
58.2900
58.4500
59.1700
59.6600
59.9500
59.0800
59.1600
58.7100
58.1900
58.7000
58.8500
58.3000
58.1300
58.6200
59.0500
58.3600
59.2500
59.9600
61.1400
62.2800
62.1600
62.4300
62.2900
62.0000
62.6800
62.8900
62.3900
63.1800
64.0300
63.4500
63.5100
64.5100
63.4600
64.0900
64.1200
63.9100
64.8000
64.7400
65.0600
63.8800
64.4500
64.9200
65.0400
64.7400
64.1900
64.9700
64.8900
64.7400
64.2500
63.9200
63.7200
63.4400
64.0400
64.0200
63.4200
64.0500
64.3500
64.7300
64.5500
65.0100
64.0700
64.3400
64.0800
65.3700
66.1800
66.7300
66.5200
66.9500
67.0600
67.4900
67.8500
68.7300
69.2600
68.5200
67.8600
67.2000
66.6100
67.7100
67.9700
68.1900
68.8800
69.4000
69.2900
68.7800
68.7100
68.4900
68.1000
68.4600
68.4100
69.0300
68.6600
69.5100
70.2600
70.4300
70.6900
69.4300
68.7700
68.0700
69.6800
70.8600
70.8600
70.4100
70.0800
69.2300
70.2200
69.7200
69.4600
68.8900
68.8800
69.0300
68.6000
69.3300
69.2900
68.9200
68.7400
68.8300
67.7500
67.7500
66.9500
67.1800
67.2300
66.7400
66.8300
66.4000
66.2000
66.1300
65.7400
66.7900
66.6100
66.5700
66.5900
66.2900
67.2200
65.7900
65.4500
64.6800
64.7300
64.7900
64.5400
65.0100
65.0200
64.1400
64.0600
64.4900
64.6400
65.1100
66.0600
66.3900
66.6800
66.9100
66.7400
66.7600
67.0100
66.8800
67.5400
67.8800
68.3600
68.3500
67.7800
68.0900
67.7600
67.6600
68.6500
68.9800
69.7500
68.9900
69.1300
68.2400
68.7600
67.0000
66.0600
65.7900
65.7700
66.1900
65.7000
65.1900
66.0800
65.9100
66.5700
66.3000
66.0500
66.7800
66.6100
67.4800
67.7800
68.4200
68.6600
68.2400
70.3000
71.5000
71.3400
71.2200
71.5300
71.3600
71.4400
71.5000
72.7400
72.6500
72.2600
71.9500
71.9600
71.7100
70.9900
70.7400
70.1900
70.9400
72.1800
71.9600
72.0000
71.8500
70.8400
71.3700
71.8600
71.8300
72.2500
72.7000
72.2200
72.6700
73.1900