18.5200
18.6600
19.6600
19.7500
20.0700
20.4700
21.0600
21.0500
20.8000
20.6100
20.9800
20.2400
21.2900
21.2200
21.2900
21.6200
20.5000
20.6100
20.5300
20.5700
21.0400
21.3100
22.2800
22.1000
22.1900
22.2500
22.6000
22.0300
22.2800
21.6700
21.8700
22.5600
22.6900
23.0100
22.1500
22.3200
22.3000
22.8500
23.2500
22.9600
23.0300
22.9100
22.2000
21.5400
21.8800
22.2500
22.4300
21.8800
22.5800
23.6100
24.4900
24.3800
24.5400
24.6500
24.4900
23.6300
23.7300
24.0000
23.9000
24.2900
24.1500
24.1700
24.2800
24.4700
24.0200
24.0600
23.2800
22.8400
23.2400
23.5500
22.5800
22.8300
23.3100
23.0700
22.7400
22.6000
23.2300
23.6800
24.2600
24.4200
24.8000
24.2800
24.4200
24.3100
24.3000
23.7500
23.9900
23.6400
23.0800
23.5900
23.7000
23.0100
22.7700
22.7300
22.1700
21.7200
22.3100
22.5300
22.8500
22.6700
22.4900
22.7200
22.1700
22.9200
21.8600
21.1000
21.1600
21.7100
21.7700
22.1800
21.6100
21.6800
22.0000
22.1300
22.4300
22.5100
23.2700
23.4200
22.6100
23.0200
22.1300
22.7300
23.1800
23.3000
24.2300
24.6900
24.6700
24.4100
24.2200
23.8600
23.7100
24.2100
23.7400
24.7500
24.8700
24.9300
24.7400
24.2400
23.5200
22.9400
22.7500
22.7700
23.4100
23.7800
23.5500
23.6500
23.6700
23.2100
24.0900
24.0300
24.3000
24.3800
24.7000
24.8300
24.8900
24.9700
25.0200
25.2600
25.4900
25.4500
25.2800
25.2000
24.9100
25.1000
25.1900
24.7900
25.1000
24.9700
25.1700
25.6100
25.4500
26.6800
27.5000
27.6300
27.5800
28.0900
28.8700
29.9100
29.1400
28.6900
29.0300
28.7700
28.4300
29.0800
28.2000
28.0100
28.2600
28.2700
28.4800
28.6300
29.2800
29.9700
30.3100
29.7600
30.2700
29.6600
30.1900
29.1700
29.1000
28.5500
29.3600
28.9900
28.6300
27.6700
27.2400
27.0700
27.2400
27.1000
27.2000
27.5400
27.1400
27.1600
27.7300
26.5700
26.3900
26.5600
26.5400
26.1700
25.4400
25.8200
26.0200
26.9900
27.4000
26.8000
27.4800
27.2100
26.8000
26.8900
27.0200
27.1500
26.6300
26.2600
26.6000
26.7000
27.1800
27.2000
27.5900
27.7700
27.2000
27.0700
27.8400
28.4600
28.5600
28.9700
28.2700
27.9900
28.0000
27.9900
27.7900
28.3500
29.2600
28.6300
29.4200
28.9700
28.9800
28.7100
28.6000
28.3100
28.0900
28.8900
29.2300
29.5700
29.1400