34.9300
34.5200
34.9200
34.6100
35.7000
35.4900
35.9500
36.2800
37.2400
37.0000
37.6200
38.5600
38.5600
38.4600
38.5600
40.3000
40.9200
41.2700
41.3700
41.7100
41.9000
41.8500
42.5100
43.3200
43.4200
43.5100
42.9300
42.7800
42.7300
43.6400
43.3100
43.2800
43.0800
42.4000
42.7500
42.5300
43.2300
42.9300
42.6500
42.1200
41.9000
41.7600
41.3100
39.9600
40.9400
41.1500
41.8000
40.9100
42.7200
42.2800
42.7600
42.8700
42.7300
42.7700
43.6800
43.3300
43.4700
43.8000
44.5400
44.0200
43.9500
44.3100
43.8900
43.8000
41.6700
40.9700
38.9100
38.5300
39.2300
40.3000
38.5800
38.2500
39.0700
38.3900
38.3300
38.0200
37.8300
37.8900
38.2000
38.5300
38.6300
38.7200
39.0500
38.8300
38.5100
37.9500
37.8600
37.9600
39.2300
39.1300
38.8800
39.6900
38.8900
38.4400
38.1700
37.9700
39.2100
38.8200
38.7600
39.2900
39.4300
39.6000
38.5400
38.4200
37.6300
37.7300
38.3400
38.6800
38.7600
38.9700
38.5400
36.2400
36.0000
35.5900
35.5500
37.0600
37.4000
37.3400
36.9400
37.9000
38.0100
37.5500
38.6400
38.7700
39.9100
40.0300
39.8400
39.6300
39.4900
39.2600
39.1400
38.6100
38.3200
38.9100
38.6600
39.2400
37.7500
38.3800
37.8000
36.8200
36.3400
36.8400
37.0100
37.5300
37.5400
37.3600
37.5800
36.6900
37.9000
37.9500
38.7700
38.5400
38.9000
38.4300
38.1900
38.3900
38.5600
36.8700
37.4500
38.1700
37.9600
37.6900
37.6900
37.5600
37.5000
37.7200
38.0800
37.8000
37.7600
38.4200
38.2500
39.1100
39.5000
39.1400
39.4300
40.1500
40.6200
41.9100
42.3400
42.9000
42.9800
42.8400
43.0300
43.0000
42.2000
42.0100
42.4000
42.1300
42.2400
42.5100
42.8200
43.4100
43.6900
43.3100
42.3200
42.4100
42.6900
42.5900
42.5800
42.9400
40.8500
39.7400
39.5000
39.8500
39.0900
39.7100
38.2700
38.2900
38.2600
38.7700
38.5100
38.7100
38.7000
37.3800
36.8700
37.0100
36.3900
35.9800
35.3700
35.6000
35.0300
35.7500
35.7100
31.3700
32.0300
31.8600
32.2000
32.9000
33.6900
34.2800
33.6300
34.2100
34.5100
34.5300
34.9600
35.2700
35.3800
35.5300
35.3900
35.3500
35.7200
36.0600
36.1500
36.5500
36.2400
36.1600
36.0800
35.8700
35.4700
36.1400
36.6100
36.7700
37.0700
37.4400
37.1700
37.3000
38.1600
38.2900
38.8500
38.3900
38.5500
39.2300
39.4500