19.7700
19.6300
19.6000
19.5000
19.6300
19.7700
19.4700
19.3400
19.3900
19.3500
19.5100
19.4600
19.4400
19.5800
19.4400
19.5400
19.4700
19.3000
19.3300
19.2800
19.3000
19.4100
19.3900
19.3900
19.4800
19.6700
19.7000
19.3900
19.5200
19.5400
19.5700
19.8400
19.7300
19.7300
19.7300
19.7800
19.8500
19.5200
19.1900
19.2200
19.2800
19.3700
19.6500
19.4000
19.5000
19.5400
19.7000
19.9600
20.1400
19.7600
19.6900
19.6000
19.5800
19.5200
19.4800
19.3200
19.3600
19.4000
19.4200
19.3700
19.4600
19.2600
19.6000
19.8100
19.6100
19.5200
19.2200
18.9900
18.9000
19.0400
18.9300
19.0500
19.2300
19.1100
19.2000
19.3100
19.1700
19.4400
19.4900
19.5500
19.5900
19.7500
19.7600
19.6400
19.5800
19.6400
19.4700
19.5900
19.6600
19.7400
19.6300
19.4400
19.4800
19.6000
19.6000
19.5600
19.7600
19.9800
19.7800
20.0000
19.9600
20.0900
19.9600
20.0700
19.7700
19.8600
20.0300
20.3000
20.2200
20.2500
20.1500
20.2600
20.1400
20.2600
20.2500
20.2900
20.4500
20.2900
20.0200
20.4600
20.3600
20.7000
21.0500
21.1100
20.8600
21.1700
21.2600
21.2000
21.0700
21.0600
20.8400
20.9000
20.6800
20.8300
20.6600
20.3500
20.5700
20.7900
21.0000
20.9000
20.4800
20.4000
20.5700
20.6200
20.6200
20.3500
20.2700
19.9800
20.2900
20.3700
20.5000
20.3600
20.3700
20.6100
20.3200
20.2800
20.2600
20.2600
19.9600
20.1000
19.9900
19.9800
19.7500
19.8000
19.7800
19.7500
19.7500
19.6900
19.7500
19.9800
19.7800
20.1000
20.1500
20.1400
19.9900
19.9200
20.1500
20.1800
19.6800
19.4400
19.4500
19.3000
19.3700
20.1000
20.0900
20.1000
20.0600
20.3300
20.0300
20.0400
20.1300
20.3100
20.2700
20.2800
20.2500
20.1600
20.3300
20.2000
20.4700
20.6400
20.9100
20.7800
20.3500
20.3500
20.3700
20.1400
20.4400
20.4000
20.2400
20.4200
20.1800
19.9900
20.0700
19.4800
19.2600
19.2700
19.1700
19.0800
18.7500
18.5000
18.8600
19.0600
19.1400
19.2700
19.3400
19.4300
19.5100
19.6000
19.5000
19.6200
19.5700
19.5100
19.6100
19.5500
19.4500
19.5900
19.7200
19.5800
19.6200
19.5600
19.8500
19.7500
19.7200
19.6800
19.7300
19.7000
19.4500
19.5000
19.3600
19.7600
20.2100
20.4900
20.9700
20.7400
20.5800
20.8800
20.9800
21.3100
21.4800
21.5300
21.5300
21.7500
21.8800