41.8200
41.3000
41.7600
41.7600
41.7700
43.1700
43.0500
43.6100
42.9400
42.7500
39.9500
41.0600
41.5000
41.7900
41.3100
39.9100
38.7800
39.0600
38.8300
39.1800
40.2000
40.9800
42.5700
41.8300
41.6400
41.8100
41.1000
40.6600
40.2300
39.4600
39.5200
40.3600
40.2500
40.0100
39.6200
40.8600
40.5300
41.4600
42.0200
42.2300
42.4200
41.9800
41.7600
40.9200
41.4200
41.7600
42.1000
41.6800
43.8700
44.8800
45.8400
45.7600
45.9600
45.9000
45.5300
45.0100
45.6300
46.2900
45.4900
45.4700
45.0600
45.5000
45.8800
45.9000
44.6000
44.5600
43.8200
43.0000
43.3200
44.1800
43.1900
43.6800
44.5500
44.9400
45.0300
45.1200
44.5700
45.2200
45.9500
46.3600
46.3200
46.2200
46.5500
46.1600
46.0700
45.1900
45.2700
44.7400
43.6600
43.9000
43.5700
42.4400
42.7800
41.8000
41.5000
41.1000
41.6400
41.4400
41.9000
41.7300
41.7800
42.5700
41.6300
41.2100
39.8800
39.5200
39.8600
41.1200
41.8500
42.1600
42.7900
43.4200
43.3200
43.3000
43.8500
43.6100
44.4200
43.9000
43.1400
43.9100
42.5000
42.5000
42.9900
43.1700
44.6400
44.7200
44.9100
44.8000
44.0400
43.6700
43.1800
43.2000
42.8000
44.1100
44.1400
41.3300
41.6100
41.5400
40.0800
39.7200
39.4200
39.1700
39.6900
40.3700
40.1800
40.3800
40.2400
39.5600
40.7000
40.4900
41.3100
41.3800
41.8100
41.8500
41.7900
41.2200
41.3500
41.5700
41.9100
41.9100
41.8500
41.6800
41.2200
41.4400
41.1000
41.1000
41.2300
41.1800
41.6000
41.7200
41.9500
42.8600
43.0000
42.9000
43.1000
43.1800
44.0900
43.9200
43.9100
43.6900
43.4500
43.4300
43.7100
43.3900
42.3600
41.7100
42.0400
41.9600
42.0700
42.0800
41.9400
42.2900
41.9900
41.9500
41.4900
41.4600
42.0200
41.3800
41.5800
43.5300
44.6900
44.9300
44.6600
44.7100
43.9200
44.2600
44.6900
44.3800
44.5700
45.0500
44.7200
45.9300
46.3300
44.7200
44.3800
44.3100
44.3900
44.2800
43.9800
44.1400
44.2100
45.2900
45.2900
45.4000
45.7800
44.9000
44.5400
44.6600
44.6000
44.4400
44.7100
44.4000
44.6300
44.5700
45.1500
44.9400
45.3500
45.4100
45.3500
45.4500
46.4300
46.9700
46.5000
46.5500
46.4100
46.3800
46.4700
46.3200
46.0500
47.0100
48.3200
48.0600
49.3900
49.4400
49.1100
49.5100
50.2500
50.5800
51.0100
50.8000
49.8500
50.3800
53.3600