20.7300
20.4400
19.7300
19.6600
20.0100
20.7000
20.9800
21.0000
20.7000
20.6600
20.7700
21.0200
21.0300
21.0800
20.9400
21.1500
20.9200
20.9200
20.7800
20.9000
21.3800
21.6800
21.8700
21.8200
21.8900
21.6300
21.7100
21.4500
21.5900
21.4600
21.4700
22.0100
22.2200
21.8300
21.8500
21.5300
21.5700
21.4800
21.6600
21.8400
22.5100
22.2300
22.2100
21.8200
21.8300
22.2100
22.3400
22.5700
22.8300
22.6400
22.6900
22.7700
22.7200
22.5600
22.8200
23.3700
23.5300
23.7800
23.7700
23.7500
23.6200
23.5900
23.9500
24.5000
24.6900
21.6100
21.5500
21.1700
21.2100
21.4900
21.5900
21.5100
21.6000
21.3200
21.1000
21.2400
21.2300
21.4900
21.7600
21.9500
21.7700
21.6000
21.7100
21.5000
21.5900
20.8100
20.7300
20.5900
20.2800
20.1700
19.9500
19.3200
19.0600
19.1400
18.8500
18.7900
19.0100
18.7700
19.0000
19.1500
19.3400
19.5100
19.3600
19.2900
18.7600
18.6900
19.1200
19.4700
19.1100
19.1500
18.7100
19.0100
19.1100
19.5800
19.6600
19.6700
19.8900
19.8400
19.5000
19.3700
21.8600
22.1900
21.7500
21.7600
27.0600
28.8100
28.2500
28.5900
28.4600
27.7200
27.6700
27.6200
28.7400
29.2900
29.1200
29.1800
29.3500
29.1500
28.4400
28.3000
28.4500
27.7600
28.7100
29.0200
28.6500
28.2100
29.0600
29.0800
29.9200
29.9100
29.6700
29.7900
29.8500
29.9400
29.7500
30.6800
31.6500
31.9300
32.5000
31.9600
32.2000
32.2300
32.2800
32.7200
32.4500
32.4400
32.8500
32.8200
32.9400
33.2200
33.1600
34.0600
33.6500
32.7600
32.8000
32.4900
32.7600
32.1900
32.9400
32.8000
33.1600
33.7300
33.2600
32.8600
32.1700
32.1800
32.6000
32.3500
32.6700
33.4100
34.3000
34.7200
36.2000
36.3500
34.7800
35.3200
35.2000
35.0000
35.5600
35.7800
36.9200
36.3000
35.6500
35.5400
35.2700
35.0000
35.8100
35.5500
35.3400
35.7800
35.8100
35.7200
36.3600
35.7700
34.8600
35.4200
34.9200
34.2900
33.8300
33.5600
34.1400
34.6200
34.6700
34.3900
35.1100
34.4000
34.8200
35.3600
35.7600
35.8800
35.9300
35.8600
35.6300
36.0000
36.0000
35.7500
35.7600
35.6300
35.2000
35.3000
35.5500
35.7400
35.4400
35.8900
35.2000
35.0700
34.7900
34.8400
34.3700
35.3900
37.5600
36.6900
36.7500
36.4100
36.0600
35.8200
35.6800
35.6300
35.3300
36.4100
38.6500
38.5500
38.7400