8.4600
8.4200
8.2800
8.2300
8.3900
8.3900
7.3400
7.3100
7.0400
6.9400
6.9100
7.1500
6.8800
7.0500
6.9400
7.0000
6.9300
7.0000
6.9600
6.9100
6.9100
6.9700
6.9800
6.9300
6.8700
6.7900
6.7000
6.7700
6.7300
6.8000
6.7300
6.8100
7.0600
6.9200
6.7600
6.6200
6.6500
6.6200
6.5900
6.5300
6.5700
6.4300
6.1000
6.3200
6.3200
6.5000
6.4200
6.3500
6.3400
6.1200
6.3500
6.3300
6.4800
6.2700
6.2000
6.1000
6.1200
6.0900
6.2300
5.9400
5.9300
5.7100
5.6600
5.3000
5.3900
5.1300
5.3200
6.1300
6.5500
6.5700
6.4100
6.5200
6.4400
6.2200
6.1900
6.0800
6.1300
6.1500
6.1500
6.1900
6.1400
5.9400
5.7700
5.6400
5.5600
5.5400
5.5100
5.4200
5.2900
5.3100
5.2200
5.3700
5.1200
5.1200
4.9600
4.6500
4.8600
4.7100
4.6200
4.6600
4.7600
4.8300
4.5800
4.5200
4.2900
4.4000
4.5300
4.4900
4.3700
4.3000
4.0600
4.1800
4.2700
4.6100
4.5200
4.5000
4.5800
4.7100
4.6100
4.8800
5.1100
5.0600
5.1200
5.2500
5.1800
5.2500
5.1700
5.0400
5.0800
5.0000
5.1500
5.2900
2.6900
2.3200
2.4800
2.2800
2.3600
2.3500
2.2500
2.2100
2.0500
1.7300
1.9400
1.9900
2.2400
2.4700
2.5300
2.4600
2.5700
2.3400
2.3100
2.3000
2.3400
2.4400
2.3800
2.3700
2.3600
2.4200
2.3400
2.3000
2.2500
2.1600
2.1200
2.3500
2.3500
2.4000
2.3800
2.3400
2.3800
2.2400
2.2800
2.3600
2.3900
2.4500
2.4200
2.3500
2.3700
2.4100
2.3500
2.4200
2.4000
2.3700
2.4200
2.4100
2.3800
2.4200
2.4000
2.4100
2.3500
2.2900
2.2700
2.2900
2.2200
2.2000
1.9500
1.9200
1.9000
1.8600
1.8400
1.9000
2.0400
2.1400
2.1900
3.1700
2.8900
2.9200
3.0300
3.0100
3.1100
3.2600
3.1800
3.1100
3.1100
3.0300
2.8700
2.9100
2.7700
2.7400
2.6200
2.5500
2.5000
2.5700
2.5300
2.6700
2.7100
2.6300
2.7000
2.8000
2.2800
2.3800
2.6800
2.5500
2.9000
2.7600
2.6600
2.6400
2.6600
2.6200
2.6800
2.6600
2.7100
2.6900
2.6900
2.6400
2.8400
2.6200
2.5700
2.4700
2.4000
2.4700
2.5000
2.5900
2.9400
2.8500
2.7600
3.0400
3.4700
3.5300
3.5300
3.5500
3.5100
3.5500
3.5700