70.2400
70.5100
70.7800
70.4500
70.7600
71.8500
71.7400
72.6100
71.6000
71.2100
72.8800
71.1800
71.1100
70.8000
69.8900
72.3400
72.5500
71.8400
70.7200
70.1800
71.5000
71.4300
73.8000
74.1000
74.3600
74.4000
75.4000
75.0800
75.3900
75.7000
74.6400
74.7600
75.3600
75.3900
74.2400
75.3500
74.8500
75.2200
76.1300
76.8000
76.7900
76.0800
75.5900
73.6800
75.6600
76.2700
77.6300
77.6500
80.7400
80.7200
81.3400
80.2100
80.1700
79.2100
79.1300
77.8500
78.2000
79.1800
78.8900
78.1300
77.8600
76.9600
78.1000
78.1100
77.2600
77.6700
76.4600
74.8700
76.0300
77.6500
76.6600
77.3600
79.0200
78.4900
72.9100
73.4100
72.4800
72.6500
72.9600
74.0400
74.4400
73.1600
73.6900
74.1100
73.2900
72.2200
72.5800
72.0500
71.2400
70.9000
70.7700
69.5300
67.9200
68.1300
65.3700
66.0000
67.6600
68.5100
70.3800
68.8500
68.5300
68.9000
66.7600
66.2500
63.6800
62.0700
62.9200
64.6800
63.7100
64.6700
63.6400
63.5300
62.4700
62.0200
63.3100
63.0500
63.7800
62.9000
61.4800
61.6500
60.6100
60.9500
61.6300
62.0200
64.3600
63.0100
63.4000
63.4300
62.5500
61.5700
60.1900
59.5200
59.5400
60.1900
59.2500
59.7200
63.2600
66.0900
66.4500
64.9900
64.4300
64.2000
66.0300
68.6500
68.5000
66.8900
66.6700
65.5600
68.0100
67.2600
68.7400
68.4500
67.7700
68.3900
67.9200
66.7700
67.0100
67.7800
68.3800
66.7000
67.5600
67.8000
66.7400
67.4600
67.2100
66.2300
66.4700
65.6700
65.7800
65.9400
66.0600
71.3800
71.8800
71.7500
72.1800
72.8900
73.5300
76.7000
75.4600
75.6800
76.4900
76.3300
78.2500
77.7400
75.8600
74.8800
76.0500
76.2500
76.0800
76.4900
74.6900
74.7200
75.0300
74.2300
72.2400
71.9000
71.7300
70.0600
71.3600
72.3200
69.1200
70.1900
70.2700
69.2500
69.8900
69.0600
68.3500
67.5400
69.3000
70.1300
69.8700
70.4400
71.6000
69.3700
68.7200
68.7300
68.6700
69.3600
67.2100
66.7700
67.4100
69.8600
70.0600
70.0300
71.3900
71.4200
70.3600
72.4700
73.3000
71.9100
70.7800
70.0100
70.6800
71.0500
71.1900
71.8400
72.3100
72.9900
71.9900
71.3100
72.1500
74.5100
73.9500
74.4000
73.4400
73.4300
72.7600
72.6700
72.0600
73.9700
75.4400
74.0500
74.7600
75.0900
75.4200
75.1100
75.8300
75.2100
75.2900
76.1400
76.0500
77.2800
76.9500