32.7000
33.4000
33.6500
33.2000
33.0800
32.5100
29.9200
29.7700
29.4200
29.1500
29.6800
29.0600
29.4300
32.4600
31.7300
32.6200
31.3900
32.0400
31.9700
31.1400
30.4100
30.9800
31.2900
31.7400
32.4900
32.9300
33.5000
33.5900
33.6000
33.7000
34.5300
35.6000
35.5400
35.3000
34.8500
35.4000
35.2100
35.3300
33.3100
33.0600
33.7000
33.3800
32.5500
32.4100
32.4600
33.7700
33.5200
33.0100
33.6500
33.1200
33.5600
34.5400
34.7000
33.6300
33.4100
31.6600
32.3800
32.2400
31.6300
30.6900
30.3500
30.6000
30.9000
30.2900
29.8900
29.5800
29.0300
29.3000
28.6400
28.9500
28.4000
27.9800
28.2200
28.2100
28.2400
27.8500
27.9600
28.2100
29.3200
29.9900
30.5100
31.5800
32.4600
31.1500
30.9600
28.7300
28.8300
29.5900
30.8100
30.7400
30.4000
29.9700
28.6300
28.8100
28.8900
29.1100
29.6500
29.2100
29.5900
28.8400
28.7700
29.7300
28.1400
28.0300
27.4300
27.2200
27.5400
28.1400
27.2200
27.0900
26.3900
26.5700
25.8200
26.9400
27.3800
27.9300
28.4100
28.7900
27.4400
29.0200
29.1500
29.5300
31.1400
30.7800
31.9300
31.9000
32.7500
32.1500
31.9000
31.9800
31.0100
31.2300
30.9800
31.6600
32.1200
31.6000
31.6000
31.6800
31.9700
31.7100
32.1400
31.7300
32.8300
33.0100
34.2700
33.2500
33.0100
32.1300
30.6000
30.5500
31.7500
31.8600
32.8200
32.0400
31.6100
31.3000
31.8000
32.6200
32.2000
32.1800
32.3500
32.8700
30.9500
31.5500
31.9000
31.3200
30.9200
30.6100
31.1300
31.2500
31.5200
32.3500
32.6300
32.5000
34.1600
35.3900
35.7600
35.6400
34.4400
34.1200
34.1000
34.0300
33.9900
33.4300
33.2700
33.3100
34.9400
34.7800
35.3500
35.4600
35.0500
35.7800
35.5100
35.5400
35.7700
35.0800
36.0700
36.1100
36.1900
36.1100
36.1000
35.9900
35.2500
34.9700
34.1600
33.7200
33.9400
34.1400
34.7000
35.6000
35.9100
35.6800
36.2600
35.2300
34.1600
34.2000
33.9600
35.1000
34.9200
34.3900
35.6400
36.0900
35.8900
36.3100
36.6000
35.9800
35.8200
35.4200
35.3600
34.7100
34.9800
33.9800
34.5000
34.7600
34.3800
33.6600
33.7100
34.0800
33.0900
32.9300
33.1200
33.9500
33.7400
34.2900
34.4500
33.9400
33.2900
33.1300
32.7800
33.4100
33.3500
33.4700
34.3400
33.5100
32.7300
32.0900
32.0900
32.5100
32.5800
33.1600
32.8000
33.5700
33.6900