21.5100
21.0500
21.2800
21.2300
21.5600
21.4000
20.7900
20.5300
20.9100
21.1200
21.5500
21.8300
21.8500
22.3100
22.7000
22.8800
22.3900
22.5600
22.4300
21.9800
21.8600
21.7500
21.7400
21.7000
21.3300
21.9100
21.9400
21.7400
21.8700
22.1500
22.5300
22.8200
22.9500
22.5100
22.6700
20.9500
20.9300
21.3500
21.3800
21.4500
21.6500
21.6700
22.0900
20.8900
21.0300
21.5100
21.7600
21.8500
21.9300
21.8500
22.1700
22.1700
21.6600
21.3100
21.0400
20.8600
21.1300
20.4200
20.4100
20.1700
20.4800
20.2100
20.2900
19.8800
20.1200
19.7200
19.6400
19.9000
20.1900
20.6700
21.1900
21.6300
21.9200
21.9200
21.9900
22.0900
21.6600
21.6300
21.6000
20.9300
20.7800
20.3300
20.2100
20.0000
19.8800
19.6900
19.5300
19.2800
19.0900
19.1600
18.9700
18.9100
18.7800
18.7600
18.4000
18.3900
18.8900
19.0300
18.8400
18.8300
19.2200
19.4400
19.1700
19.0200
18.4900
18.4200
18.8100
18.9900
18.2600
18.2200
18.0200
18.1600
17.6500
18.2000
17.9700
17.6400
17.7400
17.8300
17.5000
17.3400
17.1700
17.3100
17.5800
17.8700
18.1500
17.8500
17.9700
17.7400
17.7100
17.4000
17.5600
17.9800
15.7300
16.0200
15.9100
16.1900
16.4900
15.8000
15.5900
15.2600
15.2600
15.0000
15.0900
15.3200
15.4300
15.5500
15.5800
15.1000
15.4500
15.8300
15.7000
16.0600
16.3000
15.9900
16.1200
16.1300
16.0200
16.0600
15.8300
16.0400
15.9900
15.9700
15.3100
15.4800
15.4300
15.5500
15.5800
15.6500
15.6500
15.8200
16.5000
16.4900
16.3200
16.3600
16.4000
16.4500
16.5000
16.8600
16.6600
16.3700
16.4600
16.4000
16.0700
15.9400
16.3600
15.9900
16.1300
16.0900
16.1000
16.0700
16.0200
16.3500
16.1600
16.3500
16.2500
16.2900
15.7100
15.5700
15.6700
15.9200
16.3300
16.5200
16.3500
16.5400
16.2900
16.1200
16.5700
16.3800
16.3100
16.5600
16.8300
16.7100
17.0000
16.3000
16.4100
16.6000
16.6600
16.2800
16.0600
16.3000
16.6000
16.7600
16.1000
16.4700
16.9600
16.4100
16.5400
16.9600
17.0500
17.1100
16.9100
17.0100
17.4600
17.8800
17.9400
17.9800
17.6600
17.8500
17.7300
17.6500
17.8100
18.2400
18.1400
18.1600
17.9300
18.0200
17.9200
17.7200
17.7000
18.0900
18.3500
18.3400
18.3000
17.6400
17.2200
17.4000
17.5600
17.4100
17.4200
17.6200
17.7700
18.0600
18.6400