51.0700
51.2500
51.1900
51.5000
51.8000
52.2600
53.0200
52.4900
51.7300
52.0100
52.1700
52.8000
53.1400
52.8000
52.9400
55.0600
54.8700
54.9000
55.0200
55.4300
55.2200
55.0000
55.6100
55.6700
55.1800
54.7500
53.9600
53.5400
53.8700
53.5200
53.5800
53.6500
53.6000
53.3300
53.4400
53.9200
54.7800
54.9600
54.5600
53.6400
53.1400
53.2100
52.8000
52.0300
52.0500
52.7700
52.9000
52.4000
53.3300
54.2300
55.0000
54.9000
54.9500
54.8200
54.8500
54.2200
54.4400
55.5100
55.3400
55.0500
55.0800
55.4800
55.5500
55.5800
54.7700
55.0300
54.1500
53.1100
53.8300
54.8600
53.9600
54.2400
54.8900
55.4600
54.3600
53.9300
52.7000
53.1600
53.6800
54.0600
54.5600
54.5700
54.8700
54.6600
54.7600
53.8700
54.1200
54.1500
53.2500
53.3700
53.1800
52.6400
51.9900
51.7300
50.9800
50.2600
51.4300
51.7200
51.2800
51.7200
51.8500
52.5900
51.5500
51.4500
50.0100
49.8400
50.7900
51.2500
51.1900
51.3100
51.4100
51.7800
51.4900
52.3400
54.1500
54.5700
55.1900
54.9000
53.7500
54.5700
53.7100
53.8200
54.3300
53.7900
55.1000
54.6700
54.6800
54.2100
53.5400
53.6700
53.0600
53.0600
52.7200
53.0500
52.9000
53.7200
53.5700
52.1400
51.3800
50.7500
50.7500
51.2700
51.3000
52.4100
52.3400
52.0300
52.8300
51.4000
52.7500
52.9400
53.0000
52.9900
52.7900
53.0600
53.2000
53.7900
54.1100
54.5000
54.3600
54.5000
54.3000
53.8200
53.2300
53.7400
53.6900
53.7200
53.5800
53.1100
53.2600
53.8200
53.1200
54.1900
54.1500
53.5500
54.0000
54.4200
55.1900
56.0100
56.2300
55.9300
55.8900
55.7700
56.2900
56.4900
55.9800
55.5900
55.8100
55.6600
54.9000
54.6700
54.4200
55.0600
54.8100
54.3500
52.7300
52.2200
52.4600
52.3000
52.3000
53.4600
52.8200
53.6100
52.6400
52.9500
52.2500
52.2800
52.4000
52.1900
52.6000
53.0700
52.6400
52.7100
53.4600
52.6100
52.4200
52.5300
53.0500
52.6800
52.3200
52.0000
52.1000
53.0000
53.6000
53.5000
54.5200
54.5300
54.2200
54.6000
54.0500
54.1600
54.4400
54.3500
54.3600
54.3500
54.5700
54.7900
55.8100
56.1300
56.1900
55.7800
56.1600
56.3500
55.9600
56.5700
55.8700
55.8700
55.4300
55.1600
54.4500
54.8200
55.8800
56.1400
56.7300
57.0700
56.9700
58.3800
58.8400
58.8400
58.8700
59.5600
59.4300
60.6200
61.5500