15.7800
15.7500
15.8000
15.7800
15.6700
15.9100
16.2400
16.0800
15.8800
16.2800
16.5500
16.5900
16.7900
16.7900
16.8700
17.0700
16.8800
17.0800
17.0300
17.1900
17.4500
17.4300
17.6200
17.5300
17.6200
17.7500
18.0200
17.7800
17.9300
17.9200
17.9400
18.1500
17.9500
17.9400
17.8800
17.9100
17.8800
17.9000
17.9200
17.8400
17.8900
17.7400
17.5100
17.1000
17.2700
17.5700
17.7300
17.8000
18.1800
17.8600
18.1900
18.1700
18.3200
18.3000
18.1700
18.2000
18.2000
18.6700
18.5800
18.3500
18.4000
18.7000
18.8000
18.5100
18.2000
18.3100
17.9700
17.5600
17.9700
18.2900
18.0800
18.1800
18.4100
18.1600
18.1000
18.1400
18.0700
16.0100
16.2900
16.4700
16.4800
16.5400
16.4500
16.4300
16.2300
15.8200
15.9400
15.8100
15.8200
15.5300
15.4500
15.2400
15.3500
15.0300
14.8400
14.7400
15.0100
15.0000
15.0400
14.9500
15.0800
15.1600
14.8100
14.8400
14.3700
14.4300
14.5600
14.7700
14.4700
14.5700
14.3200
14.5700
14.3000
14.5600
14.7600
14.7800
14.9300
15.0300
14.4400
14.4500
14.0300
14.0700
14.1700
13.8900
14.6100
14.5000
14.8000
14.7200
14.1200
13.9200
13.8200
13.7200
13.2800
13.4600
13.3200
13.4500
13.5800
13.8400
13.5800
13.4100
13.1800
14.9600
15.3600
15.9300
15.4700
15.7500
16.0100
16.3100
16.8000
16.8700
17.1600
17.1000
17.0000
17.2800
17.2200
17.1800
17.6700
17.9900
18.0100
17.8700
17.9900
17.8300
17.7600
17.7300
17.6300
17.7500
17.8300
17.6700
17.8300
17.8800
17.9300
18.9500
18.9200
18.9600
19.0000
19.0600
19.2000
19.1400
19.1100
19.0000
18.9400
18.9000
18.5300
18.2400
18.0800
18.0700
18.2100
17.9800
17.7800
17.9400
17.9100
18.0100
18.0300
17.7600
17.6700
17.6800
17.9500
17.8800
17.9600
18.3200
17.8600
17.7700
17.4300
17.3300
17.3700
17.3800
18.5400
18.3900
18.1900
18.7100
18.8000
18.7100
18.8500
18.2100
17.9500
17.9700
17.9600
17.7900
17.5300
17.5600
17.9700
18.1900
18.0200
18.2100
18.4700
18.3000
18.0200
18.2300
18.6200
18.7600
18.6000
18.6600
18.8700
18.8500
18.9500
18.7200
19.0900
18.7500
18.5400
18.6800
18.5200
18.7900
18.6100
18.6400
18.5400
18.4200
18.3100
18.2200
18.1600
18.8200
19.5000
19.4100
19.6200
19.6500
19.4200
19.5200
19.9400
19.9400
19.9100
20.8500
20.7100
20.8500
20.6800