29.4500
29.0000
28.9100
28.9200
28.9100
29.2000
29.2300
29.3300
29.4700
29.8300
29.8300
30.0000
30.2200
30.2800
30.2900
30.4300
30.3500
30.3000
30.1400
30.1100
30.4100
30.6300
30.9000
29.7900
29.3600
29.4500
29.5400
29.3100
29.2800
29.3000
29.1300
29.1300
29.4700
29.3700
29.4000
29.3100
29.2700
29.1700
29.3400
29.4200
29.3300
29.3500
29.4600
29.3900
29.5300
29.7500
29.9300
30.1500
30.1700
30.1900
29.6900
29.6300
29.6500
29.7100
29.9100
29.8700
29.8400
30.0200
29.9500
29.8200
29.7800
29.8600
30.0400
29.6600
29.5000
29.4700
29.1100
28.9900
29.2800
29.4400
29.3100
29.6800
30.1000
29.6700
29.5500
29.0300
28.5400
28.5900
28.8100
28.9200
29.0600
28.9000
29.0100
28.7000
28.3500
27.9000
28.2900
28.0200
27.7200
27.8800
27.6000
27.5700
27.7000
27.7500
27.7900
27.2600
27.3600
27.5600
27.5400
27.8000
27.9400
28.1000
28.0100
27.9100
27.5500
27.7500
27.9200
28.2700
28.6200
28.8000
28.6400
28.6000
28.5300
28.9800
29.1400
29.2000
29.5000
29.2400
28.8900
29.0000
28.8000
28.7500
29.0000
29.3200
29.8100
29.8800
29.5100
29.2900
28.9900
29.0500
29.2100
29.1800
28.6900
28.9000
28.8700
28.9200
29.0700
29.0700
28.8700
28.5500
28.4700
28.3100
28.8100
29.2500
29.3500
29.3900
29.2500
28.8000
29.2300
29.1300
28.8600
28.8900
28.6900
28.8400
30.1400
30.4500
30.6500
30.4000
30.5600
30.3600
30.2300
30.2000
30.0300
30.3600
30.3900
30.4500
30.3400
30.2800
30.3000
30.2900
30.1600
30.6200
30.5800
30.5300
30.4600
30.1900
30.6600
30.3500
30.5200
30.7100
31.0200
30.8700
30.7500
30.9500
30.8700
30.8800
31.2500
31.2700
31.5600
31.7500
31.6000
31.5600
31.6000
31.4000
31.2300
31.1600
31.2500
31.2500
31.4900
31.5900
31.6600
31.6900
30.9200
30.8700
30.6300
30.4100
30.8400
30.8600
31.0700
31.5700
31.3400
30.7800
30.6100
30.2400
29.8900
30.0000
29.9600
29.9600
29.9900
29.9200
30.0300
30.4700
30.4600
30.4800
31.0000
31.0400
31.2700
31.5900
31.5000
31.6500
31.5300
31.2300
31.6700
31.8700
31.8300
31.7300
31.8600
32.0400
31.8800
31.7600
31.9400
32.2400
31.9900
32.3900
31.9600
31.9300
31.6800
31.7100
31.4100
31.6600
31.9000
31.7600
31.8500
31.7600
31.4400
30.8800
30.9500
30.9100
31.0700
31.2100
31.1500
31.2800
31.4700