30.3800
30.4300
30.4000
29.6800
29.6600
29.7600
29.9900
30.1200
30.0700
30.2500
30.3300
30.4200
30.5100
30.4000
30.0900
30.2100
29.4500
29.1600
29.3400
29.4100
29.6000
29.7900
29.9500
29.9700
30.0400
30.0200
29.9900
29.8400
30.0400
30.0700
29.8700
30.0200
30.0100
30.3400
30.2800
30.4600
30.3400
30.3600
30.5300
30.5900
30.6300
30.8700
30.9900
30.7300
30.8800
31.0000
31.1800
31.4400
31.6300
31.4500
31.6400
31.5900
31.6500
31.7900
31.8400
31.7100
31.5200
31.7900
31.6400
31.3600
31.2100
31.2300
31.4500
31.4300
31.5700
30.9400
30.6400
30.1300
30.4500
30.8400
30.5400
30.6100
30.8900
30.7500
30.7400
30.8600
30.6100
31.7200
31.7400
32.4400
32.6700
32.9100
33.0600
33.0400
33.1100
32.8600
33.0000
33.0400
32.8100
33.1300
33.5900
33.5300
33.3500
33.1900
33.2900
33.6600
33.6300
33.5400
33.3600
33.6400
33.6900
33.9400
33.8400
34.1700
33.9000
34.1500
34.0600
34.5600
34.1600
34.5500
34.5900
34.9800
34.9800
35.6900
35.7100
35.6300
35.4700
35.4100
35.0300
35.1700
34.9500
34.9800
35.1900
35.3900
35.6600
36.2000
36.0000
35.7700
35.4400
35.5400
35.4400
35.2600
34.8700
35.3500
35.4200
35.8200
36.1900
35.4800
35.2900
35.3800
34.6300
35.3300
36.3000
37.1400
37.4300
37.9200
37.6400
37.5400
37.5800
37.6100
37.4400
37.4300
37.2300
37.4900
37.3900
37.2500
37.1000
37.2400
37.1700
36.8900
36.5900
36.5600
36.5600
36.9500
36.8700
36.6400
36.8200
36.6900
36.6400
36.8100
36.9300
37.4400
37.3000
37.4200
37.6200
37.7200
38.1500
37.2600
37.6000
37.6600
37.7600
37.9400
38.0800
38.2500
38.0600
38.0800
37.9900
37.7000
37.7500
37.8100
38.1700
38.3400
37.8600
37.6600
37.1400
36.9200
36.2600
35.6300
35.2100
35.4000
35.7200
36.0200
35.3200
35.2600
35.0000
34.7100
34.5000
34.6300
34.5900
35.0900
34.9300
34.8300
34.8000
33.6400
33.2000
33.5400
33.8700
33.9500
33.7800
33.4200
33.1400
33.8200
33.6800
33.8500
34.3600
33.9700
33.6200
33.6200
33.9300
34.1300
34.1400
33.9200
33.9100
33.6500
33.7400
33.7300
34.1500
34.4900
34.3200
34.0100
34.2300
34.3400
33.9100
34.1700
33.6700
33.7400
33.7800
33.6600
33.3200
33.7100
35.0000
35.0200
35.2300
35.3900
34.3500
34.2400
34.3700
34.2700
34.0200
33.7600
33.2600
33.2000
33.4400