43.6400
43.2500
43.4000
43.5700
43.7700
44.6600
44.8500
44.7000
43.9400
43.6200
43.8200
43.5400
44.0000
44.0000
42.8400
42.9900
43.1700
42.8800
42.5400
42.8900
43.7600
43.4200
43.9300
43.6100
43.9600
43.7000
43.9000
43.1700
43.7700
44.0200
43.8600
45.1000
45.4300
44.8500
44.4100
44.4000
43.9200
43.8400
44.0000
43.9400
43.7200
43.6000
43.3300
42.0400
42.1100
42.6600
42.7600
42.7800
42.8800
42.9500
42.8700
43.1100
43.3100
42.9200
43.1000
43.4900
43.9600
44.7300
45.2500
45.0200
44.9900
45.2500
45.6600
43.1800
41.8400
41.2700
41.1700
40.8700
40.8000
40.8200
40.9400
40.8900
40.9800
41.2000
41.2600
41.3000
41.0100
41.5200
41.2800
41.6500
41.4900
41.5800
41.9400
42.1200
42.4700
42.0000
42.0400
41.4300
40.9800
41.1100
41.3200
40.9300
40.4600
40.1700
39.9900
39.8400
39.8100
39.9800
39.2500
39.5100
39.7800
39.6000
38.9800
38.4500
38.3300
38.2800
38.3000
38.8100
38.7400
38.9800
38.4900
38.6600
38.7000
39.3800
39.4300
39.5500
39.6300
39.6700
38.7900
38.9600
39.1300
39.3900
39.7300
39.7600
41.6100
41.4700
41.6700
41.4000
41.0000
40.3600
40.0800
40.4700
40.7300
40.8600
40.7500
40.9200
41.4800
41.3700
41.3400
40.7700
40.4900
40.2200
41.3000
42.2800
42.5900
42.3200
42.8200
41.1200
42.0800
42.3200
42.9200
43.9600
44.0300
44.1700
43.6800
43.4300
43.8100
44.2700
44.3300
44.2400
44.2500
44.1200
44.1300
44.2700
44.3500
44.2200
44.0800
43.9900
44.5400
44.5200
44.8700
45.7300
45.5400
45.2100
45.3500
45.2600
46.0000
45.8700
45.6400
45.8500
45.7800
45.6500
45.6000
45.2900
45.1800
45.1100
45.3500
45.0500
42.8200
43.2800
43.7900
44.6000
44.6400
44.7900
44.3000
44.1700
44.3100
44.2000
44.5000
44.6100
45.1800
44.6000
44.0300
43.9600
43.9400
43.5100
43.8000
43.4600
43.1400
43.2000
43.3100
42.9400
43.2000
41.6000
40.9000
41.1800
40.7700
40.4200
39.5900
39.7000
39.8300
40.2800
40.1600
40.0800
40.5100
40.4900
40.2300
40.3500
41.0500
41.4600
41.5200
41.7500
42.4000
42.5000
43.0100
43.4000
43.6300
43.1100
43.1500
43.0400
43.4900
43.8600
43.4500
43.5100
43.3600
43.2800
43.2000
43.1600
42.7100
42.7900
43.5400
42.9400
42.7500
41.9600
41.8300
42.1100
42.3400
42.6900
42.9000
43.0800
43.4900
44.2100
44.8400