49.5300
49.4500
49.0300
47.3700
48.5500
48.4900
48.0400
48.4200
48.8000
49.6800
51.2200
52.6100
52.5300
52.8800
53.2300
54.0100
52.9800
53.3700
53.3000
53.5600
54.3200
54.2700
56.8400
56.8700
57.8600
58.0400
63.9400
62.0600
61.6200
62.1600
61.7500
62.4900
62.6300
62.1900
64.0200
63.6400
65.4800
65.6800
65.9200
66.5500
67.0200
66.5900
65.1200
63.6200
65.5400
66.1600
66.4100
66.3900
67.3200
67.6000
68.0800
68.2400
68.2800
66.7800
68.2200
68.1000
68.6200
69.3800
68.4600
67.9400
68.1100
68.1500
69.0400
69.8300
67.8000
68.1000
67.3000
66.1600
67.5200
68.9000
69.0200
67.3900
69.4100
69.6600
68.9600
68.9000
68.4600
66.8100
69.0400
70.4000
70.8800
69.7800
71.0900
72.1900
77.1400
73.1400
72.1900
71.3300
72.3500
71.2500
71.1400
69.6000
69.6100
67.8500
66.3300
65.3800
68.0900
69.5800
70.4700
69.9700
70.5400
71.6100
69.8200
66.4800
64.6400
65.2100
66.7400
69.0400
68.1900
68.6600
67.8700
68.6900
68.5200
69.2900
72.1100
72.7700
72.9700
72.2600
69.7000
71.3800
70.1000
68.9600
69.6600
68.0300
72.0100
71.8800
72.4200
72.6200
65.0100
65.4100
62.7900
62.8500
64.8400
65.5900
64.6200
65.1700
66.9200
68.3000
66.9700
66.3700
65.5500
65.7700
67.9300
68.2600
67.6600
67.6200
66.1000
67.3000
72.7000
72.1500
73.8000
74.4400
75.1200
75.7000
75.9800
75.4800
75.4000
75.6700
76.0900
75.2300
75.3700
74.7100
74.5500
75.4700
76.0900
76.2700
77.7700
76.4900
76.3800
77.4200
78.3500
80.6200
80.2000
74.6300
75.1400
75.0200
74.9500
75.2400
76.2100
75.9200
76.3600
76.0800
77.0400
75.2500
74.6200
73.4600
76.2000
75.4100
74.4700
75.9200
76.0600
74.3400
75.6700
74.3600
72.1700
72.7200
73.0000
74.5900
75.0000
75.5400
74.4500
73.9000
72.2900
71.5600
71.3500
68.6700
67.8300
67.7000
68.3100
63.7500
63.0800
63.6000
64.1800
63.1100
63.2700
63.3300
63.7700
64.1800
63.7800
62.2100
62.4400
61.9700
61.4400
61.1800
62.2800
62.1300
61.5500
59.2700
59.7900
59.4800
58.5200
58.1000
57.9400
58.7000
58.1900
58.6300
60.9400
61.1900
60.0100
59.4300
60.9900
62.7200
62.5000
62.7300
62.4000
62.2200
61.1100
61.2600
60.6900
61.8900
63.7100
62.2900
62.8300
63.8500
63.7400
63.8100
64.6600
65.3400
66.0300
66.0500
65.1100
66.3100
65.6100