18.9900
19.0100
19.0700
18.9400
18.9500
19.0500
19.1100
19.1700
18.6000
18.2600
18.3000
18.2900
18.3000
18.3400
18.0700
18.4800
18.6100
18.3600
18.0700
18.0500
18.2300
18.0900
18.2800
18.1200
18.2600
18.1500
17.8100
17.6500
17.6300
17.6900
17.7600
18.0400
18.1000
18.0000
17.9900
17.9400
18.1100
18.0900
17.9500
17.9500
17.9900
17.9400
17.8200
17.6500
17.6700
17.6900
17.7800
17.9600
18.0000
17.7200
17.7500
17.7500
17.6900
17.5600
17.5300
17.4900
17.5300
17.7500
17.7200
17.6400
17.6300
17.5500
17.5900
17.5700
17.4900
17.2900
17.1400
16.9300
17.1100
17.3300
17.1800
17.3600
17.6100
17.6100
17.7300
17.8500
17.6500
17.8000
17.8000
17.8800
17.9400
18.0200
17.9800
17.8500
17.9900
17.8500
17.7500
17.8300
17.8000
17.8000
17.8100
17.7100
17.4800
17.4900
17.3800
17.2300
17.3700
17.3700
17.2900
17.3600
17.3500
17.4400
17.2300
17.4000
17.2000
17.2500
17.4700
17.7500
17.6600
17.7400
17.8000
17.8500
17.8600
18.0000
18.1300
18.1500
18.2900
18.1400
17.8500
17.8300
17.7800
17.7400
17.9800
18.0500
18.0600
18.2200
18.3000
18.2700
18.1700
18.1100
18.0400
18.0900
18.0800
18.2900
17.9100
18.0000
18.0900
18.1800
18.2400
18.0700
17.7200
17.6700
17.9000
18.2200
18.4500
18.1900
18.1700
17.7700
17.9800
17.9100
17.8000
17.9100
18.0700
17.9400
17.9000
18.0000
17.7900
17.8300
17.8800
17.8500
17.8300
17.7900
17.5700
17.6100
17.5300
17.5700
17.4200
17.4300
17.3600
17.4900
17.3600
17.6000
17.5400
17.4500
17.5000
17.4000
17.5500
17.4600
17.3900
17.3800
17.3700
17.4500
17.5100
17.6900
17.6500
17.7200
17.7000
17.7400
17.5000
17.4400
17.5200
17.6100
17.5500
17.5300
17.6600
17.5900
17.8100
17.5200
17.5900
17.6800
17.9600
18.0000
17.8900
17.8000
17.5900
17.4900
17.5400
17.6100
17.8700
17.8800
17.8200
17.8100
17.8400
17.4800
17.0600
16.9200
16.7400
16.7700
16.6000
16.4000
16.5100
16.4100
16.3600
16.3100
16.2100
16.4000
16.5200
16.5800
16.6900
16.8100
16.6500
16.6400
16.8800
16.8300
16.8400
16.8600
16.8600
16.8200
16.6400
16.6000
16.8300
16.9200
16.8900
17.0500
17.0300
16.9600
16.7800
16.7200
16.5600
16.7600
16.9700
17.0200
17.1800
17.0900
17.0600
17.0700
17.1300
17.1400
17.1100
16.9900
16.9300
16.9600
17.0200