53.5800
53.4800
53.6600
53.1900
53.1100
52.9300
52.7200
52.4600
52.0700
52.1500
51.7700
51.2400
51.0900
51.2800
51.3900
52.6300
52.7000
51.9500
51.4200
51.9100
52.4600
52.4900
52.7200
52.9500
53.4000
53.3400
53.2400
53.3600
53.4700
53.6800
53.8200
54.0600
54.5800
54.0400
54.1000
54.2600
54.4100
53.2200
52.8100
52.0300
52.2700
52.0700
52.3000
52.0700
52.3500
53.2400
53.5300
54.0600
54.1300
53.1600
53.1100
53.0000
52.7400
53.0800
52.9000
52.6000
52.7000
53.0600
53.2800
52.9000
52.8500
52.9900
53.4100
53.3300
52.9100
52.2200
52.0700
51.3100
51.2200
51.7600
51.7500
52.2100
52.7800
52.4700
52.4400
53.2000
52.9900
53.4900
53.8700
54.2200
54.4200
54.6400
54.9200
54.4400
53.7400
53.6000
53.2900
53.5800
53.4100
54.1800
53.9400
53.8900
53.7100
53.7500
53.2800
53.2100
53.6500
54.2900
54.2800
54.7600
54.7300
54.2700
53.4700
54.1000
53.6600
53.6500
54.0100
54.7400
54.8700
55.4800
55.4800
55.7700
55.9600
56.2700
56.5500
57.0500
57.3100
56.8900
55.8300
55.8900
55.7600
56.1900
56.7200
56.8900
56.8700
57.7200
57.6700
57.2800
57.5300
57.2300
57.3500
57.6800
57.8200
58.5600
58.6000
58.8700
59.3400
59.7400
60.0500
59.6500
59.1700
59.0200
59.9000
60.8000
61.1100
60.5400
60.4900
60.2000
61.1600
61.3000
61.1000
61.1500
58.8000
58.4000
58.2400
58.2900
57.5300
57.0100
56.7800
56.7100
56.2900
55.8900
55.1800
55.3200
55.3500
55.3100
54.6000
54.1900
53.9900
54.3400
53.9600
54.7400
54.2900
54.2600
54.2500
53.3700
53.8600
53.4800
53.2600
52.9000
52.9000
52.7600
52.4700
52.6500
52.6300
52.8700
52.2700
52.2000
54.6200
55.0300
55.0600
55.2300
55.2000
55.5200
55.3200
55.2900
54.9500
54.4800
54.9100
54.7900
55.7700
55.6100
55.1800
54.7000
53.8000
53.5200
53.8500
53.5700
54.0400
53.9500
53.5500
52.8800
54.2600
52.3000
52.0000
52.0000
51.9000
52.1700
51.7600
51.4200
52.6500
52.7500
52.8700
52.5800
52.6000
53.2900
53.3500
52.8400
52.7900
53.1700
52.9600
52.5500
53.5100
53.2900
53.3700
53.4700
53.5600
53.2400
53.3500
52.8700
53.9200
54.4400
53.6400
54.1200
53.2600
53.0900
52.5800
52.2300
51.6100
52.2200
53.5900
53.8000
54.2900
53.4800
53.4700
53.2800
53.7500
53.9200
53.8200
53.8700
53.4900
54.0600
54.2900