13.7500
14.1800
14.6200
14.6300
14.8900
15.0400
15.1100
15.0700
14.8400
15.1700
15.7700
16.1200
16.1400
16.1000
16.3000
16.1300
16.4100
16.9500
16.5100
16.3500
16.5200
16.7800
17.0300
16.6800
16.6000
16.7800
16.7800
16.5000
16.4800
16.8000
16.8000
17.3000
17.0100
16.5400
16.2300
16.5800
16.3800
16.5300
16.7900
16.4200
16.3200
16.1100
15.3100
15.1400
15.7400
15.9000
16.2100
16.1100
16.6400
16.4800
16.8400
17.0500
17.0400
16.8300
16.8700
16.7400
16.8200
17.1800
17.2400
16.7600
16.7400
16.8900
17.0200
16.6600
16.1700
16.4200
16.0800
15.6700
16.1100
16.7800
16.2900
16.2900
16.8300
16.7400
16.5700
16.3000
16.1400
16.0300
16.8300
17.2000
17.3900
17.2100
17.2100
17.0600
16.5500
16.1300
16.0300
15.8200
15.6700
15.6200
15.7100
15.6000
15.4200
15.0200
14.5900
14.3200
14.6400
14.5900
14.9900
14.7600
14.7900
15.1400
14.7600
14.4500
13.6100
13.5900
13.8800
14.2400
14.0600
14.3800
13.8800
14.1000
14.0200
14.1300
14.4600
14.4800
14.7500
14.8200
14.1000
14.3100
13.6800
13.7000
13.8600
13.4400
14.0600
14.0100
14.3500
14.3900
13.6700
13.4400
13.1600
13.2500
13.0500
13.2100
13.1000
13.2300
13.6300
13.8200
13.6400
13.3800
13.2300
13.4500
14.8500
14.9700
14.6300
14.7100
14.4900
14.3600
14.8000
14.8600
15.3500
15.3700
15.4900
15.5900
15.5200
15.2800
15.4300
15.8900
15.9400
15.7000
15.7900
15.7000
15.5500
15.7400
15.6000
15.7000
15.6200
15.4500
15.6200
15.5800
15.4300
15.9600
16.2800
16.0200
15.8900
15.8500
16.2000
16.4300
15.6700
15.1500
14.9800
14.7000
14.6000
14.4100
14.3200
14.0500
14.4300
14.2200
14.1400
14.1600
13.9700
14.0900
14.0700
14.0000
13.7900
13.4900
13.6800
13.6200
13.7300
14.1000
14.1600
14.2500
14.1200
14.1700
13.8000
13.6200
14.7300
14.5000
14.6200
15.4200
15.3100
15.6800
15.9300
15.5200
15.3900
15.5100
15.6800
15.5400
15.2300
14.8600
15.0300
15.3500
15.2900
15.4600
15.9300
15.6700
15.5600
15.7900
15.7600
15.6400
15.5700
15.7800
15.7300
15.9000
15.8400
16.3300
16.6000
16.6000
16.3300
16.4900
16.4700
16.7700
16.6900
16.8700
16.7500
16.5400
16.5400
16.5600
16.4200
16.8900
17.4900
17.2600
17.3000
17.1500
16.9500
17.0000
16.9600
17.1000
16.8400
16.7000
16.7800
17.0800
17.1300