51.1200
50.0000
48.5100
48.9500
48.5700
48.7900
49.0300
49.8100
49.8200
49.8800
49.8700
50.9000
50.1700
50.1500
50.7500
51.1400
50.5000
50.0500
50.3300
50.8100
51.4200
52.0000
52.1400
52.0500
52.4100
52.5700
52.7000
52.4300
52.3600
52.2700
51.8100
51.9300
52.6400
52.5400
52.9700
54.5000
55.2200
55.3100
56.0100
56.6900
56.7600
56.5900
56.7000
56.4900
56.6400
57.2300
57.6900
57.9800
58.4800
58.6000
58.7500
58.4100
58.3700
58.0100
57.5700
57.9300
58.1900
58.8600
58.1900
58.1600
57.9800
58.2700
58.2900
57.8800
57.8200
57.7200
57.5200
56.4000
57.2000
57.9300
57.4300
57.3900
57.6000
57.3800
56.7900
57.2800
56.6400
56.7300
56.8300
57.4900
58.2600
57.9400
58.0100
57.9800
56.5500
55.6500
55.7600
55.5500
55.2800
55.3100
55.4300
54.9200
55.0800
55.3200
54.8100
55.4600
55.8300
56.6700
56.7800
57.2500
57.6200
58.1300
57.7900
57.9100
57.2000
57.5700
57.3200
57.5000
57.3200
59.2000
58.7000
58.1600
58.0500
58.5500
58.5000
58.4700
58.7000
58.5000
57.4000
57.5600
57.2300
57.6300
57.5600
57.4600
58.1900
58.2700
57.7800
57.1500
58.0700
58.0400
59.2300
59.7900
59.8800
61.9500
61.5000
61.2600
61.3900
61.2500
61.3700
60.4400
60.5500
60.3600
61.0600
61.5200
62.0400
60.6500
60.6200
61.9700
62.3600
62.3900
62.6400
62.9400
62.6900
62.8400
62.5100
63.3800
64.5000
63.9100
64.1400
63.6400
64.1300
63.6800
62.9900
63.6900
63.3600
63.8100
64.2600
64.1600
64.0900
63.8400
63.7300
64.8600
64.0000
64.8000
64.4800
64.3800
65.0600
64.6700
64.4100
64.2800
65.0100
65.4000
65.4400
65.1500
64.3800
63.8300
63.5900
63.4700
62.9900
62.9800
63.0900
63.6500
64.1800
63.9900
62.8900
62.6600
61.2500
61.5200
61.8100
62.9000
63.0400
62.9400
62.2300
62.2100
62.6400
62.8300
63.1200
63.9200
63.7500
62.9400
62.7100
63.4000
63.3900
62.7900
61.8200
62.0200
61.9800
62.0900
61.3800
62.4400
62.5000
63.0100
63.0000
63.7200
64.4800
62.7800
62.5700
62.8100
62.7900
63.1300
62.3000
61.9900
62.0400
62.2000
62.2800
61.9600
61.4300
60.5400
61.2500
60.5000
61.0900
62.2800
61.5200
60.3600
59.6000
59.5400
59.2100
58.9300
58.5700
59.1700
58.8200
60.1600
60.5800
61.3000
60.6400
60.1800
60.3100
60.0700
60.3900
61.0900
61.3200
61.4600
61.5300