19.8400
18.7600
19.0400
19.9600
20.4000
20.6000
20.9200
20.5200
20.2800
19.7200
20.0800
20.6400
20.4000
20.3600
21.3200
22.0000
21.6400
21.9200
21.3200
21.1600
21.8800
21.7200
23.8800
23.7600
23.4000
23.4400
22.3200
22.8800
23.0800
22.6800
22.8000
22.7200
22.6400
22.4000
22.2000
22.4800
23.1200
22.6000
22.8400
22.6000
22.9200
22.6400
22.0800
21.6000
21.8000
22.1200
21.8800
21.4800
21.8800
21.7200
22.7200
22.3200
22.1200
21.6400
21.7200
21.3600
21.0000
22.1600
21.6400
20.7600
20.6400
21.2400
21.4800
21.9200
21.4000
21.0400
20.4400
20.0800
20.3200
21.4000
21.2000
21.1200
21.5200
21.5200
21.7600
21.6400
21.2800
21.3600
21.9200
20.6400
20.8400
20.7600
21.3600
21.1200
20.4000
20.1200
20.1600
20.4000
20.5600
20.6000
20.2800
20.0000
19.6800
19.6000
18.8000
18.3200
18.6400
18.7200
18.5200
19.0000
19.0000
19.4000
19.0000
18.8400
17.9600
17.5600
17.8000
18.8400
18.3200
18.7200
18.7200
18.9200
18.4400
18.6800
18.4400
19.3200
19.8000
20.2000
19.2000
19.5600
18.4000
19.6800
19.9200
21.0000
20.9600
20.6800
20.3600
20.5200
20.3200
20.4400
19.5200
19.8800
19.4400
20.5600
20.1600
19.5600
19.2400
19.1200
18.6000
17.8800
17.8000
17.5600
17.6000
19.2800
18.6000
18.4800
18.5200
18.6000
18.7600
18.6400
20.3200
20.8400
21.0000
20.8800
21.2000
21.0000
20.8800
21.1600
21.0800
20.6400
20.5600
20.4800
20.2400
20.6800
20.9600
20.9600
21.0800
21.1200
20.7600
21.2400
21.0800
21.6400
21.6400
21.4400
21.6800
21.8400
21.4800
23.0400
23.6400
24.3600
24.7600
24.8400
24.7200
25.2400
24.4000
25.0800
25.3600
25.0800
25.9200
25.8400
25.6000
25.1200
24.7600
24.5200
23.8400
23.8800
24.0900
23.6700
24.1800
24.1200
24.3000
24.1200
23.5100
23.8100
23.2900
23.3800
23.7500
23.3300
23.6000
25.4000
25.0300
25.9200
24.9500
27.3400
26.3000
26.2100
26.5700
26.1400
25.1800
25.1500
26.3900
27.4900
27.8000
28.0000
28.2900
28.0800
27.6900
28.3800
28.9500
28.9600
29.0000
28.9300
28.9700
29.0900
28.8500
29.6100
30.0900
30.1500
30.2000
30.6300
31.1800
32.4700
33.0000
33.5000
32.4300
32.3300
32.3300
31.9800
31.3300
32.4700
33.3900
34.2800
34.1100
34.3000
33.4700
33.4600
33.1600
34.3000
34.6800
35.4700
35.7500
37.1200
38.0400