15.5800
15.4700
15.1700
15.3500
15.4300
15.6400
15.8300
16.0600
15.9400
15.9300
16.2600
16.4200
16.2800
16.1100
16.2100
16.1200
16.0100
15.9500
15.6900
15.3800
15.4000
15.6100
16.1100
16.0600
15.8400
15.4200
15.4300
14.8900
15.0500
14.9000
14.7600
14.9500
14.8500
15.0000
14.8700
14.9800
14.9900
14.9900
14.9300
14.6600
14.3900
14.1200
13.9000
13.5000
13.5100
13.7500
13.8700
13.6400
13.8900
13.6800
13.9100
14.0200
14.1400
14.0500
13.9600
13.6400
13.6400
13.7400
13.8000
13.5800
13.6100
13.5600
13.6500
13.4500
13.1400
13.0500
13.0100
12.9700
13.3900
14.0000
13.8200
14.0100
14.2700
14.3300
14.2000
14.1000
13.7500
14.1700
14.3500
14.6500
14.7000
14.7700
14.8100
14.6700
14.7900
14.3500
14.3900
13.8200
13.5300
13.5300
13.4500
13.3200
12.9200
12.6400
12.3000
12.0800
12.4000
12.1500
12.2500
12.1400
11.9200
12.1500
11.7100
11.4800
11.0700
11.1400
11.3300
11.6100
11.4100
11.3900
10.9700
11.2100
11.0000
11.0300
11.1800
11.1000
11.2600
11.2000
10.6800
10.7400
10.5200
10.6100
10.7400
10.8500
11.3100
11.1900
11.4700
11.4200
11.1900
11.1100
10.9700
11.0600
11.1300
11.3400
11.2000
11.0900
11.0600
11.3000
11.3400
11.2300
11.0100
11.0400
11.1600
11.7400
11.5800
11.6600
11.3700
11.7300
12.1400
12.6900
13.0000
12.9500
12.9300
12.9000
12.5900
12.4700
12.4900
12.7200
12.7800
12.8500
12.9200
12.9500
12.7500
12.6600
12.4900
12.4800
12.3800
12.1100
12.2400
11.9900
11.9200
12.1100
12.7100
12.6800
12.7500
12.8400
13.4500
13.8300
13.5400
13.5000
13.5000
13.4000
13.2600
13.1300
12.9100
12.6900
12.8900
12.8300
12.8200
12.8000
12.3700
12.5000
12.4000
12.4500
12.3900
12.1600
12.4300
12.0600
12.0300
12.3400
12.2500
12.2800
12.1200
12.3500
12.2300
12.1700
12.2100
11.8200
11.7100
12.3300
11.9000
11.8300
12.0700
11.6100
11.4400
11.5700
16.5000
16.6700
16.5500
16.5000
16.6100
16.5800
16.6000
16.6400
16.5900
16.5600
16.5700
16.5300
16.5400
16.6200
16.5300
16.5200
16.4600
16.4900
16.4800
16.4600
16.4800
16.4300
16.4400
16.3900
16.4700
16.4500
16.4800
16.4800
16.4700
16.4800
16.4800
16.4900
16.4900
16.5100
16.5000
16.5000
16.5000
16.5000
16.5000
16.5000
16.5000
16.5000
16.5000
16.5000
16.5000
16.5000
16.5000