66.4800
66.7900
66.6800
65.7500
66.9400
59.9400
59.9800
59.7900
59.1000
59.6500
60.5400
63.0800
61.8800
63.0100
63.2800
63.7300
63.5600
63.4900
63.3000
63.8000
63.9400
63.7000
65.2100
65.1600
64.6400
64.0100
64.1800
63.8800
64.3600
65.5700
65.4100
65.7900
66.2800
65.5900
64.4900
64.4800
64.6800
64.8900
65.2400
65.0100
66.5300
67.4700
68.0300
67.1000
67.8400
68.9000
68.7700
69.1400
70.4400
70.1900
68.9500
68.0300
68.6800
73.2700
72.9100
72.4800
71.4500
72.3300
71.6900
70.0700
69.0500
69.1300
70.0200
67.9800
68.1900
67.5800
67.2000
65.8200
66.7600
67.3700
66.4000
66.6600
66.9600
66.4300
66.1500
67.1500
67.0000
65.9300
68.4100
68.7400
69.4700
68.4600
68.7300
68.5300
67.9700
65.9500
65.7100
64.7500
64.1400
63.6300
63.0400
61.5900
61.2500
62.1500
60.0700
60.6400
61.1400
61.4400
61.8000
57.5900
56.3200
57.3700
56.5900
55.3900
54.3400
54.7000
55.4700
56.5900
55.8700
55.2800
54.3200
55.5300
54.0600
53.5400
53.5900
53.7500
53.7000
54.0900
52.6000
52.2600
51.3200
51.6500
50.2900
51.0700
52.9500
52.8900
53.7000
54.0600
53.4500
52.4000
51.8300
51.6100
50.8500
52.1600
52.5500
52.8700
55.2500
57.1800
55.9700
55.1600
54.7100
54.6600
56.0400
57.4300
57.2100
54.9300
54.7700
53.5800
54.7400
56.3300
58.0000
58.3000
58.6200
58.4800
58.3100
59.1800
59.4100
59.6300
60.6600
59.4500
59.0200
58.6200
58.4600
58.5000
62.7100
62.5000
62.7500
61.7200
61.9500
60.4900
59.3100
60.7400
62.6400
63.0400
62.2600
62.5500
63.9800
65.6000
65.3000
64.0800
64.5600
64.3000
63.5100
63.3400
61.5900
61.1800
61.9000
61.8800
61.5000
62.0800
62.3500
62.9700
63.0100
62.9700
62.1100
61.5100
62.5900
62.2100
61.8000
64.0600
64.9200
64.8700
64.2000
64.0100
63.0800
63.0500
63.0400
62.5700
63.2200
66.2700
65.2500
65.3100
65.3600
62.9200
61.0900
60.9900
61.4100
61.2400
60.3100
59.3700
59.5400
60.9300
60.8400
61.2300
62.0700
63.3400
62.6300
63.7300
59.8000
58.9800
58.1600
58.8800
58.3200
58.6200
58.4200
57.4800
57.8500
57.3900
57.5200
58.0900
58.8300
59.8700
58.9900
58.5100
58.4000
58.3200
56.6800
57.0300
56.4400
57.3400
58.9300
60.2800
61.1800
61.1000
62.6000
63.2600
60.4000
60.2800
61.2500
63.2400
63.7600
63.6600
63.8000