31.8550
32.2150
33.1550
33.2300
32.8500
32.7800
32.7700
32.6550
32.5750
32.9900
33.4250
33.4600
33.2900
33.2950
33.6300
33.9800
33.9750
33.6850
33.7250
34.0700
34.1450
34.0600
34.5300
34.3200
34.6000
34.4200
34.5700
34.3600
34.4100
34.4900
34.0400
34.2300
34.8700
35.2200
35.1300
35.9300
35.9700
36.7400
36.9600
36.6100
37.0900
37.0800
37.4000
36.8100
37.1600
37.7400
38.1200
38.0700
38.0500
38.0900
38.1900
37.9100
38.1000
38.4700
38.9100
38.9000
38.6300
39.3600
39.5300
39.4800
39.2200
39.7100
39.8700
39.6100
39.3600
40.2900
40.0100
38.6700
39.5800
39.7600
39.8200
40.1900
41.3500
41.3800
41.0900
41.0200
40.4400
40.2500
41.2200
41.7700
42.4600
41.7100
42.0500
42.5300
42.4500
41.7400
41.4900
41.2900
41.2700
41.7900
41.2500
39.7000
42.4500
42.4300
40.9400
40.0600
40.3300
40.5700
40.6700
40.9000
40.8700
41.6000
41.3300
42.4600
40.9000
41.1300
41.1100
42.2200
41.5600
41.4600
41.2500
41.7000
41.4100
42.0600
42.4600
43.0400
43.4800
43.1100
42.4100
43.2000
42.4400
43.0900
42.2500
41.6000
42.9300
43.2200
42.5000
44.0900
44.4300
44.6400
44.0000
43.6100
44.0700
44.7900
44.7300
45.0700
44.9700
44.9800
44.3100
44.2100
44.0100
44.2800
44.2000
44.7000
44.9000
44.2800
43.8700
45.0100
45.1100
45.2500
45.1400
45.1000
45.0000
44.4600
44.2400
45.0300
45.0200
45.1900
45.9100
45.8400
45.7800
46.0900
45.5800
45.8700
45.6800
45.7900
46.6400
45.6000
45.7900
46.1600
45.6300
46.2800
45.8500
45.8400
45.5500
45.5900
46.5600
46.4600
45.9800
45.3400
45.2900
45.1700
44.5500
44.3100
44.0600
44.6000
45.0500
44.7900
45.4100
45.1700
45.2100
45.5000
45.4000
45.2700
44.6600
44.7600
43.8800
42.8300
43.3600
43.1000
43.0500
43.2300
42.5500
41.8500
42.5800
41.9900
41.3500
40.7300
41.6300
42.3000
41.5200
41.9900
41.5600
41.0200
40.3600
40.7300
40.9700
42.0600
42.0900
42.0000
42.4500
44.0800
43.5400
43.4600
43.9100
43.5100
43.0900
44.0400
44.1200
44.3400
44.0500
43.3500
43.3300
43.5400
43.4500
43.0800
42.6500
42.5700
42.5100
42.6100
43.6200
43.6800
43.2500
42.3500
41.9500
42.2100
41.2300
41.5300
41.6200
42.4500
43.1700
44.5800
44.5600
44.2600
43.5000
43.6700
43.7300
43.9600
43.9300
44.3500
44.3200
44.6100
44.7500