4.0800
3.8700
3.9000
3.8800
3.9400
3.9600
3.9700
3.9900
3.9100
3.8400
4.1200
4.1700
4.1900
4.1700
4.3700
4.2100
4.2200
4.2900
4.1900
3.8000
3.7700
3.8100
3.8700
3.8600
3.8400
3.8100
3.8100
3.8300
3.8700
3.8500
4.0000
4.0600
4.0700
4.1400
4.0600
4.0100
3.9900
4.0900
4.0300
3.9600
3.9500
3.9700
3.9400
3.8800
3.9000
3.9300
3.9300
3.8800
3.9200
3.8800
3.9400
3.9500
3.9400
3.8500
3.9600
3.8700
3.9100
3.9700
4.0200
4.0300
4.0300
4.0500
3.9800
3.9300
3.9000
3.8800
3.8200
3.7400
3.7900
3.8600
3.8500
3.8500
3.9200
3.8400
3.8800
3.9000
3.8400
3.9400
4.0300
3.8100
3.8200
3.7700
3.8200
3.8100
3.7400
3.7500
3.6800
3.7800
3.8600
3.7900
3.7300
3.6600
3.6600
3.7500
3.6800
3.5500
3.5600
3.6000
3.6100
3.5700
3.5400
3.6400
3.5700
3.6600
3.5700
3.5200
3.5000
3.6400
3.5700
3.5300
3.5300
3.4800
3.3500
3.3500
3.2900
3.5000
3.4500
3.4300
3.3500
3.3500
3.2800
3.2700
3.3400
3.2600
3.3300
3.3600
3.4100
3.4600
3.4500
3.5400
3.5700
3.4200
3.3200
3.3700
3.2800
3.2200
3.2500
3.2400
3.1000
3.0600
2.9900
2.9600
3.0100
3.3300
3.2500
3.2900
3.2600
3.2400
3.3300
3.2900
3.2700
3.2900
3.3100
3.3000
3.3300
3.2700
3.3000
3.2900
3.3600
3.2900
3.3400
3.3200
3.3000
3.3000
3.4700
3.5800
3.6200
3.5000
3.5500
3.5500
3.5600
3.6700
3.6700
3.6200
3.6300
3.7200
3.6400
3.7800
3.6800
3.7100
3.7000
3.6800
3.6200
3.6400
3.5600
3.5400
3.5500
3.5300
3.4900
3.4300
3.4100
3.4700
3.4100
3.3800
3.3400
3.3800
3.3600
3.3100
3.3700
3.4100
3.4000
3.3800
3.2400
3.2800
3.2200
3.1600
2.9600
2.9400
2.9200
3.0300
2.9900
2.9800
2.9900
2.9300
2.8400
2.8500
2.8700
2.8100
2.7400
2.7300
2.7200
2.7200
2.7800
2.8300
2.8700
2.8800
2.8600
2.9800
2.9500
3.5600
3.3700
3.3700
3.3700
3.3700
3.3700
3.4200
3.3500
3.3200
3.3300
3.3400
3.2900
3.3500
3.3400
3.4400
3.4900
2.6200
2.4300
2.3400
2.3400
2.2800
2.2900
2.2800
2.2700
2.1600
2.2000
2.2100
2.2300
2.2300
2.2300
2.2200
2.2300
2.2300
2.2500