43.7400
43.4500
43.9800
43.4600
43.3600
43.8900
43.9200
44.1100
43.9600
43.9100
44.5500
44.8800
45.3200
45.4900
45.3500
45.5100
45.0000
45.7500
45.1200
45.6700
46.2500
46.7300
47.6700
47.3600
47.2400
47.1600
46.6700
47.2000
48.0200
48.1000
47.7400
48.6600
48.7200
49.0900
48.7200
48.7800
48.8000
48.6100
48.7400
48.4400
48.6700
48.5600
49.1900
48.1800
48.3000
48.5000
48.7700
48.5700
49.4700
49.5900
50.4300
50.5500
50.3100
50.3900
50.0800
49.4300
49.5600
50.5000
50.3200
50.2300
49.6400
49.8500
50.2100
49.9000
49.2100
49.0800
48.3700
47.9800
48.6400
49.2800
48.5300
48.7600
49.5300
49.2700
48.6300
48.6300
48.3100
48.8900
48.0400
48.6500
49.0900
48.7100
48.9400
48.6800
48.2700
47.5600
47.8600
48.1800
47.6100
47.9900
48.2100
47.6100
46.9900
46.3500
45.7500
45.5000
46.1700
46.2800
46.4500
47.0700
46.4700
46.5900
46.1600
46.6600
45.5600
45.2900
46.0100
47.1800
47.2700
47.5000
47.3400
47.8400
47.3200
47.9800
48.3200
49.2600
49.8200
49.5600
48.6700
48.7800
48.3300
48.6400
49.4000
49.6000
50.5500
50.7400
51.3600
51.2100
50.8900
50.8000
50.6700
51.0700
50.7400
51.9000
51.4900
51.5800
51.8800
51.5800
51.1900
50.8200
50.4200
50.3700
49.1000
50.0100
50.0400
49.7500
49.6500
50.3900
51.3600
51.3700
51.3700
50.7100
49.8000
50.3100
50.4800
50.3200
50.5300
50.9100
51.1100
51.0700
50.6500
50.5700
50.4700
50.9400
51.1200
50.9800
51.1000
50.8300
51.1800
51.5100
51.5700
52.1400
52.2700
51.8900
52.3400
52.1900
52.5700
52.7600
52.2400
52.0900
52.1300
52.2300
51.9200
51.9800
51.3100
50.8200
51.1500
51.3500
51.3100
51.0300
51.0300
51.6900
51.9300
51.7500
51.0900
50.8700
51.2200
50.7700
50.7500
51.3900
52.0900
51.9400
51.1000
51.1900
50.8400
50.9900
50.1700
50.4600
50.5900
51.0000
50.5600
50.6400
50.8000
49.8200
49.7700
50.2200
50.0600
50.0100
49.5500
49.8300
50.4700
50.9200
51.1600
51.2300
51.8400
51.7000
51.5800
51.7700
51.9000
51.9900
51.8100
51.6700
51.8200
51.6300
51.7700
52.1100
52.0000
52.0900
51.1400
50.5800
51.8100
51.8600
51.8700
52.9700
52.1100
52.1000
51.6000
51.1400
50.9600
51.6700
52.5500
53.1300
53.4600
53.5300
53.0500
53.0300
53.2400
53.4500
53.5200
53.4400
53.5700
53.6100
53.7600