46.9000
45.9500
46.3400
47.6200
47.6700
49.0700
49.9700
49.7800
49.3500
49.8600
51.1900
51.8400
51.1400
51.8300
52.4800
53.5400
52.3100
52.4600
52.4500
52.9000
54.7100
54.8000
56.2900
55.7400
55.3600
56.0000
56.0700
55.5200
55.7000
55.8500
55.8600
56.6200
56.3800
55.9200
55.8400
56.1200
56.6600
56.4300
57.2400
56.6200
57.1800
57.2500
56.5600
55.4300
55.2500
56.0900
56.2700
55.3900
57.0800
57.7600
58.0000
57.9100
57.9300
57.2500
56.9800
56.4500
56.7500
58.1500
57.6300
56.5400
56.0600
56.3800
56.3800
56.1700
55.5800
55.8900
54.5300
53.1100
53.3600
55.1200
54.1000
53.6400
54.0800
54.5200
54.3700
54.1400
53.7500
52.7400
55.0700
54.9100
54.9100
55.6500
56.1100
55.6100
55.2400
54.0300
54.0300
53.7900
53.3400
53.4600
53.3000
52.5400
51.8300
51.5400
51.1500
50.5400
51.9200
51.3400
50.9800
52.2100
51.6800
51.7200
51.1700
50.4800
49.1300
48.6300
49.3800
50.1100
50.6500
50.8700
49.7200
50.3100
49.8600
50.6400
51.2300
50.9000
51.9200
51.6300
50.4000
51.0400
49.8300
49.5400
50.8900
50.5500
51.9100
51.3800
52.8000
52.5900
51.4300
51.5800
51.1800
51.7200
51.4500
52.0400
51.9000
52.3200
53.2300
53.0300
52.0500
50.7000
49.7800
54.1400
54.6900
56.1000
56.0600
55.6700
55.6600
54.3900
56.6000
56.5800
57.1500
57.3000
56.9500
57.0700
56.9900
56.7100
57.5600
56.5500
56.6100
56.5600
56.3800
56.5600
56.3100
56.5900
56.6400
56.2800
57.1700
56.9800
57.3500
57.3100
57.0400
58.2300
58.9300
59.0500
59.0800
59.3300
59.9700
60.6100
60.1900
59.9800
59.7400
59.7200
59.7100
59.4700
59.0100
58.7200
59.4400
58.8300
59.2300
59.7200
59.7500
60.3000
60.9000
60.5000
58.8800
58.4100
59.1700
58.8400
59.4300
60.2700
60.5300
59.0000
58.0400
58.4500
57.6100
60.3600
61.7000
61.0400
61.0600
62.4300
61.5000
61.9300
61.8200
60.8500
59.7600
60.6900
60.6300
61.1900
60.7200
60.4400
60.5900
61.4100
61.8300
61.1600
62.6400
62.3200
62.1900
62.7500
63.5100
63.5500
63.5100
63.6100
63.9600
64.3700
64.2800
64.7800
65.2800
65.1500
64.9200
64.2100
64.8000
65.2500
64.7500
65.1500
63.8100
63.9400
63.2800
63.4200
62.9100
63.7800
65.0000
64.8000
65.3700
65.8800
65.4700
67.7300
67.5400
67.5500
67.5600
67.7400
67.7200
68.9300
69.4000