57.5900
57.4800
58.2900
58.7100
58.2000
60.4100
59.3300
59.3700
59.0000
58.6800
59.7400
60.0600
60.0500
60.1800
60.5400
60.9800
61.0400
59.8200
58.2500
57.8400
58.6200
57.8500
59.3000
58.7600
58.6600
58.5300
59.5500
59.1400
60.1000
59.9500
60.1000
62.2200
62.9100
61.7000
61.1400
61.4900
61.0300
61.2500
61.2400
61.5900
62.2400
61.6500
61.1800
60.1800
60.9800
62.0500
63.1100
62.3900
63.9600
63.7600
64.7100
64.7700
64.7200
64.5000
64.4900
63.9400
64.0200
65.0000
64.7900
64.4900
64.1000
65.3000
65.6900
65.6900
64.5400
64.8800
63.6100
61.8500
61.8000
63.0700
62.0500
62.1800
63.5000
62.4400
61.7600
61.8800
61.0100
61.9500
63.1800
63.4000
63.2300
63.1200
62.9200
62.2400
61.4900
60.4500
60.2500
60.0000
59.7300
59.8700
60.1300
59.4900
59.4100
59.1600
58.0100
56.8900
58.1500
58.1000
57.6000
58.0700
57.2000
58.3100
57.3500
57.5900
55.2100
55.2200
55.5700
57.7000
58.3000
58.8000
58.1300
58.9100
58.6400
59.7600
60.7900
60.6400
61.6900
61.8600
59.4700
60.7500
59.4100
59.7400
60.6600
60.7400
62.9600
63.0300
63.1200
62.4200
61.8200
61.7400
60.3200
60.9300
60.3700
62.7900
61.8500
62.0800
62.9500
62.7000
61.4700
61.1200
60.6800
58.9700
59.7500
61.2500
60.2200
60.7500
60.1700
59.1200
60.8100
60.6600
61.6500
60.7800
61.0200
60.9300
61.0700
61.0300
61.6000
62.6500
62.3700
62.0900
62.2300
62.1600
61.6500
62.7300
61.8600
62.0600
61.3800
61.3800
61.4400
61.9900
61.3200
63.2900
63.4000
63.2500
63.0700
63.3700
64.2800
65.8100
65.0700
64.5400
64.4600
64.3700
64.1100
64.1300
62.9500
62.5700
63.2800
63.3000
63.1900
62.6600
62.8100
63.5700
63.7900
64.2600
64.0000
63.6800
64.2500
63.6000
64.0900
65.0400
65.8500
66.4100
65.3500
65.0300
64.7000
64.1600
64.7400
64.8300
64.8800
65.8300
64.9900
65.5600
66.2700
63.9600
63.4400
63.3600
63.7000
64.0700
63.2400
63.4200
63.2500
64.4300
64.9500
64.9000
65.7000
64.9500
64.4200
63.8700
64.4200
64.6700
64.0900
63.7000
64.3400
64.8500
64.8400
64.0600
65.4800
64.9900
64.0700
63.9800
65.8400
66.1500
65.9900
66.5000
65.8900
65.9000
65.2200
65.0500
63.9300
65.1200
66.9800
66.9900
68.3400
68.3300
67.8500
67.4400
68.2100
69.5400
69.3500
69.7000
69.2400
69.5300
71.1300