58.9900
58.7500
59.3300
59.3500
59.6900
60.1000
59.9000
59.8000
59.3700
59.6900
59.8900
60.3000
61.5900
60.2900
58.0000
59.1500
58.7000
58.0500
58.1100
58.3000
59.2700
59.3900
60.1200
59.3300
59.7400
59.8500
59.8900
59.3800
58.9900
59.1600
59.2900
59.4400
59.8500
59.2700
58.9400
58.9600
58.6000
58.6000
58.4000
57.9700
58.4200
58.0100
58.5000
56.9900
56.8700
57.1000
57.6100
57.6100
58.4100
58.9500
59.0800
59.2000
59.1200
59.1600
58.5100
57.9700
58.2000
58.8500
58.4800
58.7700
58.6500
59.2000
59.3300
59.2800
59.2200
58.8800
58.0500
57.7500
58.1700
59.1000
58.1200
59.1600
59.9900
59.4700
61.7000
62.7500
62.9100
63.3700
63.7800
64.7700
64.0100
64.3200
64.6000
64.7400
64.7500
64.5000
64.5900
64.3900
63.9200
64.6400
64.6200
64.4800
64.1500
63.6100
62.7000
62.1800
62.7000
62.8200
63.1200
63.1900
62.6000
62.8800
61.8900
62.4900
60.5800
60.3800
60.8000
61.6400
61.9100
62.1400
61.5600
61.9400
61.6500
63.1200
63.4100
63.0700
63.4500
63.8500
62.5800
63.3500
62.1500
62.1500
62.8300
62.8500
63.8400
63.9200
64.1300
63.9600
63.2600
63.0700
63.2100
62.5300
62.2400
63.1300
62.5500
63.3100
64.0000
63.6900
62.7100
61.7400
60.8900
60.9800
61.6100
62.7200
63.2100
62.6500
63.3500
62.8700
63.7100
63.5200
63.3700
63.8100
63.8900
63.9800
63.7300
63.5400
63.7500
64.0300
65.1300
65.6400
65.2300
65.4500
64.8000
65.4000
65.1800
64.8400
64.8000
64.4900
64.7400
64.6400
64.5300
65.3400
65.2100
65.3100
66.9500
67.5400
68.4500
68.5800
68.4800
68.4600
68.2300
68.4500
68.6100
68.4200
68.4800
67.7800
68.4100
68.2600
69.0700
68.7000
69.0100
69.2800
69.5600
69.5400
69.3200
69.4000
69.1600
68.7200
69.7900
70.4900
71.3800
73.9400
73.5100
73.9900
73.3800
73.1800
72.1200
71.5600
70.9400
70.2300
69.6200
69.1100
70.1700
68.7100
69.0000
68.9800
68.4300
68.2300
68.0700
68.3200
68.6500
69.5400
69.6400
70.2200
71.2700
70.8600
70.8300
70.9600
71.1800
70.8200
70.9500
70.5300
74.0000
73.1500
73.3900
73.3400
73.4300
73.3100
73.2300
73.3700
74.1900
74.3300
73.4300
73.8200
72.8200
72.3600
72.2700
71.8200
71.2400
71.8200
72.8600
73.4200
74.0600
73.0600
73.1900
73.9400
74.4500
74.8500
74.9500
75.5600
75.5500
75.9000
76.3100