20.3100
20.3700
20.2800
20.3200
20.0900
20.3300
19.7400
19.9600
19.8800
19.5700
19.4600
19.5000
19.2000
19.1700
18.9700
18.8400
18.9000
18.8000
18.7300
18.6400
18.5200
18.6200
19.3800
19.1500
19.1400
19.0500
19.1300
18.9200
19.0400
18.9200
18.8400
19.1200
18.9900
18.7900
18.6900
18.8600
18.9900
19.1400
19.0800
18.9100
19.0000
19.4300
19.3900
19.1800
19.5500
19.6500
19.8600
19.6700
19.9700
19.6500
19.6900
19.8600
19.7700
19.6200
19.4600
19.4200
19.4800
19.4800
19.5100
19.4500
19.2600
19.1500
19.4400
19.0500
18.9900
18.8000
18.3000
18.2500
18.0800
18.1000
17.9300
17.8900
18.1000
18.0300
17.9700
18.0500
17.6600
17.9300
17.8600
18.2600
18.2200
18.2500
18.3500
18.3300
18.2400
18.0400
18.6300
19.2400
19.5000
19.5400
19.5800
19.4100
19.2800
19.4800
19.2100
19.1200
19.1200
19.3700
19.1400
19.0400
19.3200
19.4600
19.2900
19.3700
18.6800
18.5900
18.5700
18.8600
18.8800
19.0500
18.8400
18.9100
18.7700
18.7300
18.7600
19.0400
19.1700
19.4100
18.8700
18.9300
18.5800
18.5800
18.4900
18.3700
18.8300
18.5600
18.4400
17.7800
17.5900
17.0900
17.0700
17.0600
16.2600
16.1500
15.6300
15.4500
15.6700
15.3600
15.0900
14.9300
14.7900
14.6800
14.6900
15.0700
14.9000
15.0100
15.1200
15.1500
15.4000
14.1700
14.7700
15.9700
15.8200
16.0400
15.6300
15.7200
15.6700
15.2600
15.4600
15.2900
15.3200
15.1300
15.1400
15.1500
14.9400
15.6200
15.6400
15.4600
15.6600
15.8900
15.5700
15.7500
15.7000
15.9300
16.1300
16.2200
16.3500
16.4600
16.2200
16.4200
16.5700
16.5600
16.4400
16.3300
15.9200
16.2400
16.3600
16.0200
16.7100
16.5400
16.3400
16.4400
16.3700
16.2800
16.3100
16.0600
16.1100
16.0200
16.1300
16.3000
16.4900
16.6200
16.4400
16.6200
16.1400
16.4000
16.3700
16.5400
16.8100
17.1900
17.1300
17.0700
17.2600
17.0200
16.7100
16.8100
16.9100
17.1100
16.7400
16.7600
16.8800
18.7200
19.0700
18.9900
19.2500
19.3600
19.1100
19.0800
19.1900
19.1700
19.2200
19.2800
19.6000
19.6800
19.6300
19.5600
19.7100
19.7100
19.6000
19.6500
19.7000
19.7900
19.6000
19.7000
19.4700
19.5800
19.2900
19.3700
19.1800
19.4000
19.9800
20.3500
20.3400
20.2200
20.3200
20.2800
20.1600
20.3200
20.4500
20.4100
20.4600
21.2300
21.8500