24.0700
24.0100
22.6000
22.9500
22.4800
22.8600
23.4000
23.3600
23.0400
23.6200
24.3800
24.0700
24.1800
24.6400
24.9000
25.4900
25.1200
25.4700
25.5400
25.0300
24.8400
24.6200
25.4100
25.8000
27.0400
27.4000
28.0200
27.7600
27.6400
28.5000
27.9300
28.0700
27.8200
28.3900
28.5900
28.7300
27.7000
27.4000
26.9100
26.5300
27.1600
27.6000
27.1400
26.1900
27.2700
28.9700
29.4600
29.3300
29.8900
29.4100
29.5900
29.6300
29.9100
28.9000
28.6400
27.9600
28.5200
28.6600
28.6400
27.9100
27.1800
26.8400
26.8000
26.1000
26.0000
25.3700
25.2500
24.2800
23.9100
24.5500
23.6400
22.5500
22.9200
22.9000
23.1000
22.9400
23.0700
23.1200
23.2800
23.4800
23.5700
23.2500
23.2400
22.9000
22.3500
21.9900
21.7400
21.5500
22.2500
22.9300
22.4600
22.3600
21.8100
22.1000
22.4100
22.1400
23.2500
22.9200
23.4300
23.2000
23.7600
23.9100
23.2100
22.1200
22.4900
22.1700
22.3900
22.5900
22.5600
22.4200
22.0000
22.9200
22.2800
21.9600
22.8000
22.2800
23.6400
23.9200
23.4100
24.3100
23.8500
24.1300
24.6000
25.0600
24.9600
25.4800
26.2600
25.9100
25.9100
25.4000
25.6900
26.3800
26.8200
27.3200
27.5700
27.4100
27.9900
27.1200
27.4300
27.3800
26.3300
26.4500
27.1100
27.9000
27.7000
27.6500
27.8100
31.7900
31.7900
32.7600
34.4100
34.8900
35.3200
35.5000
38.8700
38.5900
38.4100
38.7000
39.3900
39.5500
39.0400
38.9200
38.6100
39.4500
39.2700
39.5600
39.2800
39.3900
39.7400
39.3100
39.0900
39.5600
40.1400
40.1000
40.3100
40.3400
40.4100
40.8500
40.5600
40.7400
40.7200
41.6100
41.2000
41.7100
41.0500
40.6900
41.8800
41.9000
43.0000
43.0800
42.5500
44.1500
43.2400
41.9000
40.9900
38.7000
38.5900
38.2900
38.0400
38.5800
38.6200
38.5700
38.1600
38.1200
36.4200
37.2100
37.3800
38.3500
37.7100
36.1800
35.4600
36.9300
38.9800
37.9900
37.3700
37.5900
38.2100
37.5900
37.6200
38.3800
38.0700
39.9300
40.0800
41.1500
41.9200
41.4600
41.5000
41.6400
41.5700
42.2800
41.3900
40.8000
38.9300
38.8600
39.6500
40.8800
40.8600
39.9900
41.3600
43.6600
44.6900
44.7300
43.9500
44.3600
43.6900
43.3900
43.3400
43.5100
42.7500
44.0500
45.4000
43.7300
42.5400
40.2200
41.4000
40.4700
42.8500
42.1700
42.6200
43.4000
43.7000
43.6800
42.4900