19.9300
19.6600
19.5100
19.4000
19.5100
20.2500
20.3800
20.5800
20.6200
20.6900
20.8900
20.9400
20.8000
20.7100
20.9400
21.8300
21.7200
21.4600
21.3800
21.4400
21.4000
21.3700
21.6000
21.6900
21.6000
21.5100
21.6100
21.4200
21.4300
21.5500
21.4700
21.6000
21.6400
21.5600
21.5500
21.7700
21.9600
21.9200
21.9400
21.8800
21.8500
21.9800
21.9400
21.6400
22.0500
22.1800
22.3200
22.3300
22.5200
22.6500
22.7100
22.8300
22.7400
22.7400
22.9000
22.7100
22.7700
23.1800
23.0100
22.8500
22.9100
23.0700
23.2400
23.1200
22.6500
22.7700
22.5400
22.4000
22.6800
22.9200
22.6400
22.8200
23.2100
23.1200
23.2900
23.3900
23.1000
23.2000
23.4300
23.6900
23.7700
23.5200
23.6200
23.6300
23.4000
23.1200
23.0200
22.8600
22.8400
22.8300
22.8900
22.6100
22.8200
22.5200
22.3600
21.8800
22.5100
22.6500
23.2000
23.3500
23.5600
23.7600
23.5000
23.2700
22.5100
22.5500
22.7000
23.2600
23.3300
23.4500
23.2100
23.3400
23.0300
23.5300
23.8100
23.9100
23.9200
23.8900
23.4900
23.6400
23.2300
23.1800
23.2500
23.2800
23.9300
24.3200
24.3900
24.2500
24.0400
23.7600
23.6300
23.7000
23.5000
23.4200
23.4700
23.4900
23.7800
24.2000
24.0600
23.7000
23.6800
22.6400
22.8800
23.6200
23.7400
23.6500
23.5000
23.2100
23.4700
23.6700
23.7900
23.7000
23.7000
23.6700
23.7700
23.6200
23.6900
23.7300
23.9800
23.5500
23.3100
23.2300
23.2600
23.4100
23.2900
23.1900
23.1900
23.0500
23.1800
23.3200
23.1700
23.5300
23.6700
23.4200
23.3400
23.3400
23.5900
23.8600
23.8800
23.9500
24.1600
24.1200
24.3100
23.8900
23.7500
23.6300
23.9500
23.7000
23.6100
23.7900
24.0000
24.1000
24.1900
23.9700
23.6300
23.2900
23.2400
23.0300
23.2800
23.3500
23.4400
23.4600
23.0300
23.2400
23.0300
22.2500
22.4100
22.4600
22.4900
22.6600
22.3600
22.1200
22.3700
22.3000
21.9900
22.0200
22.0300
21.9200
21.6400
21.6100
21.4400
21.6600
21.6200
21.7300
21.9800
21.8000
21.7200
21.8000
21.8700
21.9500
21.9000
22.0700
22.3500
22.2500
22.1800
21.9600
22.3100
22.2000
22.1500
21.9600
22.1600
22.1900
21.9300
21.8000
21.6700
21.6500
21.4200
21.5500
21.2300
21.4200
22.3000
22.3800
22.2700
22.2900
22.7000
23.5500
23.3300
23.6600
23.7500
23.7600
23.7300
23.8700
23.6200