64.8800
64.8600
64.9600
64.0300
64.2300
64.3000
64.4900
64.8400
65.4300
66.2600
66.3800
68.3500
69.0500
69.2300
68.6300
69.1100
74.5100
73.7700
73.5900
73.7200
74.2900
74.1300
75.6600
75.0200
75.2200
76.5400
76.3800
75.4700
75.8000
75.9200
76.8300
77.0400
77.6600
76.6600
76.3200
77.2400
78.2100
79.1400
79.4900
79.3400
79.2300
78.9600
78.6100
77.7800
78.1300
79.2900
79.6800
79.9300
81.0000
80.6000
79.7700
79.3100
80.3100
80.0400
80.7200
80.1800
80.8600
81.4400
81.3100
80.5200
80.3400
81.5000
81.8700
80.9100
80.5900
80.8400
79.9300
77.7700
79.0700
80.2200
80.3800
80.9600
81.7800
81.8000
81.4300
81.8900
81.0300
80.9400
82.1500
81.1400
80.6500
80.4500
81.3200
81.6200
80.8500
78.7700
79.2300
78.7200
77.0500
77.3500
77.1500
76.1100
76.3300
76.3500
74.4800
74.0700
76.5800
76.1600
75.7400
76.9000
76.4200
76.7100
75.8300
75.4000
74.1500
73.9900
75.1900
75.7000
75.2200
76.0700
76.6400
77.8800
77.0200
77.9200
77.9300
78.9000
79.6500
79.4600
78.2300
77.8600
76.9600
78.3800
80.0000
80.0200
82.1000
83.3200
83.7900
81.8000
81.8900
81.4500
81.8500
82.7600
82.0500
83.4600
82.7100
84.8600
85.0500
85.6800
84.8000
84.1200
83.3600
83.3000
84.4000
84.4700
85.0000
84.9300
85.6000
87.9400
89.2000
89.0400
89.1000
89.3500
89.0300
89.4300
89.7500
90.6000
89.7700
89.5500
89.7900
89.4000
89.3300
89.3000
89.0800
89.5500
89.8700
89.8800
89.3300
88.8400
88.8200
88.4800
89.3700
90.6600
90.8200
91.3400
91.3500
91.7800
92.9600
92.3800
92.1000
92.5600
93.3600
93.5800
94.4600
95.7900
94.7000
94.0100
94.9900
95.0600
95.7100
98.1600
98.3100
98.9600
99.2500
98.3800
97.2800
97.5000
96.3200
96.8600
98.3700
98.6600
99.7200
100.3100
99.7000
99.2900
97.7000
98.7300
97.9500
99.5200
99.1500
98.7400
98.1700
91.9300
94.1700
93.2500
93.0200
93.1000
91.5400
91.1300
89.2900
90.8200
90.4800
92.3800
92.9200
92.1300
93.5500
93.0900
93.2800
92.6600
94.1300
94.8900
95.1400
94.9700
94.4500
94.3900
94.8900
93.9200
93.9800
93.7900
93.8200
94.0700
95.9300
96.2700
95.6500
97.2700
95.5300
96.7400
96.0500
96.2200
95.1800
97.1900
99.1500
97.8900
97.7500
97.2600
96.3600
97.5600
97.9500
97.8800
98.3200
98.5900
98.8500
99.5200
100.5400