36.3300
36.4900
36.7900
36.5500
36.8100
36.9700
37.3600
37.6100
37.2700
37.3100
37.3900
37.7300
37.6000
37.4400
37.5700
38.2100
37.9700
37.5400
37.4300
37.0600
37.6900
37.1800
38.1900
37.9700
38.1000
38.1100
37.7100
37.5200
37.8800
37.8400
37.4800
37.9000
37.7000
37.5700
37.0800
37.3100
37.6900
37.5800
37.8600
37.2100
37.4600
37.1400
36.9600
36.5100
36.5900
36.8600
36.7200
36.1800
36.5200
35.9800
35.8400
35.9100
35.9400
35.6800
35.7600
35.7600
37.0800
37.1800
36.7600
36.2900
37.1400
37.7500
37.5900
37.4900
36.9200
36.6500
36.0300
35.4100
35.7200
36.0300
35.6900
35.7100
36.3300
36.2200
36.3100
36.6000
36.2700
36.4200
37.1800
37.8800
38.0700
37.4700
37.9200
37.2900
36.9800
36.3500
36.0000
35.6900
35.6400
35.8700
35.6900
35.5700
35.2800
35.2700
34.6200
34.2700
34.5000
34.5500
34.4200
34.5800
34.7000
35.2700
34.5000
34.4700
33.7600
34.1200
34.0400
34.8600
35.0000
35.2300
34.5600
35.3300
34.8300
35.4300
36.4200
37.1500
37.3300
37.1300
37.2700
37.4900
36.6200
37.1500
38.0000
37.8700
38.5000
38.7500
38.8400
38.2900
38.5900
38.1100
37.7300
38.1000
37.7100
38.1900
38.1200
38.7300
38.9200
39.1400
38.8600
37.4900
37.8800
38.5500
38.3500
38.9800
38.5800
39.1200
39.6000
40.6700
41.3800
41.6100
41.9400
42.3100
42.5500
42.9000
42.6700
42.4100
42.6900
42.5200
42.6100
42.7400
42.1700
42.1900
41.8000
42.0900
41.8600
41.5300
41.8500
41.4800
41.5500
41.3500
42.2500
43.2200
43.6400
43.0700
43.0400
43.0700
44.3300
44.7100
44.8700
44.8700
45.5100
45.7900
45.9000
45.8200
44.9900
44.6400
45.3800
45.3400
45.5000
45.3000
45.8000
45.8300
46.1800
46.5000
45.5600
45.3400
45.0100
45.0600
44.9700
45.2900
45.6600
45.8800
44.9300
44.9900
44.0200
44.0100
43.5900
43.6400
43.4700
43.8000
43.3600
43.0400
43.1100
44.9100
44.1300
44.6700
44.6500
44.6100
44.1000
44.0400
44.7000
45.2800
45.6300
44.9700
46.1500
46.5200
46.6000
46.9900
47.0400
47.3000
46.8000
46.7000
46.0500
46.5700
46.8100
46.6300
47.1300
47.2600
46.6900
46.7700
47.9400
48.1500
47.6400
48.2600
47.5700
47.4500
47.4800
47.4200
46.9300
47.8300
49.7600
49.7800
49.3700
49.1200
50.1500
49.6300
49.8100
49.6100
49.3000
49.1300
49.1700
49.4000
49.9300