29.7600
29.5700
29.7800
29.7800
30.1600
30.6700
30.7300
31.3700
30.9500
31.0700
33.7200
33.8200
33.6400
33.1900
32.5200
32.8000
32.3600
32.6100
32.1800
32.3800
32.8600
33.0600
33.9300
33.6100
33.4300
33.8500
33.8000
33.3600
33.2600
33.2200
33.4100
33.9100
33.5900
33.2800
32.9600
33.3200
33.3200
33.1100
33.7200
33.3500
33.1700
32.8200
32.1900
32.1200
32.6500
32.6000
32.2700
31.9100
32.2900
32.0100
32.7800
33.0200
33.8400
33.5800
33.6100
33.4300
33.3500
33.9900
33.8700
33.3300
33.1900
33.6100
33.2600
32.6000
32.1600
32.4600
32.1400
31.6900
31.9900
32.5100
32.1800
32.2000
32.7800
32.7200
32.6400
32.4700
31.8900
31.3600
31.9700
31.9500
32.1700
31.9400
31.8500
32.0900
31.3900
30.5900
30.6100
30.6300
30.6000
30.7800
30.7400
30.6300
30.2900
29.9600
29.3500
28.7300
29.4800
29.3600
29.1400
28.8900
28.9400
29.3600
28.9500
28.4800
27.0000
27.0900
27.4800
28.6000
28.2300
28.5200
27.6500
28.2400
27.8200
27.7300
27.8600
28.0200
28.2700
28.5400
27.6000
28.0500
26.9800
27.0300
27.0700
26.8700
28.6900
28.2800
28.5600
28.4100
27.7200
27.4100
27.3900
27.3000
26.7400
27.0200
26.4300
26.5900
27.6500
28.0400
27.2500
26.8200
26.5700
26.6300
27.0500
27.3400
27.2100
27.2400
27.6300
27.2500
28.2700
28.2400
29.2300
29.3600
29.5400
29.7500
29.5400
29.4800
29.9000
30.2700
29.8600
29.5300
29.6400
29.3800
29.3200
29.5600
29.3200
29.2400
29.4000
29.0100
29.0400
28.7900
28.5200
29.5600
29.1800
28.6700
28.5800
28.5900
28.9100
29.5600
29.1000
28.6600
28.6900
28.8500
28.9900
28.6800
27.8300
27.5700
27.8800
27.5600
27.6100
27.6100
27.4700
27.9100
28.1600
27.9900
27.3200
27.1700
27.3000
27.2800
28.2200
28.7300
28.4700
28.7600
27.8100
27.7900
27.8400
27.7000
28.1300
28.9200
28.0900
29.2100
28.5300
29.4700
29.9400
29.2900
29.1400
29.5100
29.5100
29.3800
28.7600
28.7900
28.3200
28.9000
29.3100
29.2000
29.5900
29.6300
29.4600
29.7800
30.0500
29.4700
29.6100
29.6100
29.8600
29.8100
29.8500
29.8200
31.0100
31.0600
30.5800
30.8000
30.9100
31.3400
31.2500
31.2800
30.9300
30.9300
30.8100
30.7400
30.4700
30.8900
32.3100
31.8900
31.8200
31.9200
31.5500
32.0000
32.4300
32.4200
32.3400
32.2800
32.5100
33.1500
33.5200