18.6400
19.0100
19.1100
19.1200
19.0700
20.1700
21.3200
21.3200
21.1800
21.6700
21.6000
21.6400
21.5000
21.7500
21.6100
24.7600
24.7400
25.2100
25.4300
25.4800
25.6600
25.5000
26.0300
25.9300
26.3600
27.0700
26.9900
26.9600
28.0400
27.9800
27.4300
27.8700
27.9500
27.7000
27.7700
27.7200
27.6500
27.5200
27.8200
27.5100
27.7600
27.0200
26.5100
25.3400
26.1300
26.6500
27.0100
27.0500
27.6800
27.5100
27.7100
27.4800
27.3900
26.6200
26.9600
26.4300
27.1400
27.8000
27.7800
27.3400
27.9700
27.8300
28.8400
28.8900
28.3800
27.6700
27.0100
26.4000
26.9300
27.3500
26.8500
27.0100
27.6500
26.6500
26.3500
26.7500
26.1900
26.6400
26.8400
26.8000
27.0100
26.6400
26.4800
26.5300
26.0900
25.5000
25.0600
24.6800
24.1900
24.2300
24.0900
23.6300
23.5200
23.1600
22.2200
22.3500
23.5000
23.4500
23.7300
23.7800
23.5200
24.1900
23.4600
23.6300
22.6900
22.7000
23.2100
24.1600
23.9400
24.3100
23.5800
24.5200
23.9400
24.2900
24.8400
24.7400
25.4900
25.8900
24.7400
24.5700
23.6800
23.4600
23.9000
23.8200
24.8700
24.5200
25.1000
24.8600
24.2300
24.1800
23.2000
22.4900
22.7600
23.1500
22.9700
22.9700
23.7600
26.5000
26.3100
25.8900
25.2100
25.3100
25.5700
26.4000
26.3600
26.0500
25.4000
25.2000
26.4600
26.1100
26.8300
26.5300
26.8100
26.8300
26.9400
26.7900
26.8000
27.0000
27.1900
27.2700
27.1000
26.9300
26.5800
26.5300
26.4400
26.4900
26.4500
26.0600
26.7200
26.4100
26.3200
27.0600
27.5900
27.1100
27.0900
27.6700
28.1900
28.3600
28.2200
27.8600
27.9400
27.5400
27.1200
26.8000
25.9900
25.9500
26.3800
26.1700
26.4600
25.7800
25.4600
25.4700
25.7800
25.6300
25.2600
25.2200
25.4200
25.4900
26.3200
26.4600
24.9500
25.7500
25.5100
25.6700
25.3100
25.0000
25.5100
25.5600
25.2100
25.5900
25.0700
25.1800
25.1900
24.1000
23.8900
23.8600
23.7900
23.9900
23.2000
23.1400
23.1200
23.5700
23.5600
23.5900
23.7800
23.8100
23.7000
23.8400
23.9100
23.4900
23.0800
23.0200
23.1700
23.6500
23.7900
24.1900
24.2200
24.0000
24.0400
24.2600
24.3500
24.6800
24.6200
24.7100
24.4800
24.4100
24.1700
24.3000
24.1200
24.7900
25.4800
25.6900
26.2300
26.4000
26.3600
26.3700
26.6100
26.4100
26.4500
26.4100
26.2900
27.0900
27.2200