51.4900
52.2400
52.5900
52.7800
52.7200
52.6200
53.0100
52.8700
52.7000
53.5700
53.9400
52.3200
52.2700
52.4300
51.3300
51.5700
50.3500
51.0200
51.0700
51.7900
53.2600
52.5400
51.3100
51.2900
52.0300
52.1400
53.0600
53.3200
53.8500
54.4600
54.6200
54.7900
54.6800
55.3200
55.1800
54.9400
55.6500
55.7300
55.8400
55.7500
55.9900
55.8400
55.0400
54.4600
54.3900
55.6100
55.7800
55.0200
55.3300
55.7800
55.7100
55.5900
56.1300
54.7800
53.9700
53.8800
53.6600
55.1000
55.4300
55.4400
58.1100
58.9400
59.1200
59.4000
59.0600
59.0100
58.1400
57.5600
58.0200
58.4600
58.0500
57.3600
58.1000
57.3200
58.7100
59.5100
59.1900
58.7200
58.8700
58.3700
57.9100
56.1500
57.1300
56.6600
55.7200
54.7200
55.2500
55.8200
55.2200
55.2900
55.2000
55.1600
54.9400
54.9000
54.8800
53.9900
55.5500
55.7200
55.3600
56.2200
56.1200
56.1500
56.1700
55.7700
55.0400
54.9100
56.0400
57.7000
57.4500
58.0000
57.4600
57.8400
58.0100
59.2500
58.9000
59.4200
60.2600
59.6000
58.3400
59.0700
57.6900
58.8000
59.2900
59.6000
58.5000
56.2600
54.8800
55.8100
55.8200
56.0900
55.7000
56.0400
54.5700
55.2000
55.1600
55.9000
56.3500
54.9900
55.4100
54.5100
54.9000
52.4800
52.0100
53.3400
53.2600
51.0900
51.2100
51.1000
51.6100
51.0000
52.5400
52.7300
52.0200
51.9000
51.9000
51.9700
52.8200
53.3900
53.1300
53.2000
53.4200
53.9700
53.9200
54.1600
54.6100
54.3300
54.6400
54.6900
54.3000
54.5600
54.2800
54.8900
54.8800
53.7400
52.8000
52.8200
53.8900
54.2500
54.4800
55.1300
54.9500
54.9400
56.1800
55.9800
56.2000
55.7800
56.2400
55.4100
56.4600
56.8000
56.8600
57.9700
57.1300
57.6000
57.4700
57.1100
57.6600
57.0700
57.4900
56.8800
55.9900
56.0100
55.6600
56.5400
56.1800
55.9200
56.2100
55.7800
56.0000
56.9500
56.0500
55.2800
56.3900
54.2600
53.4400
52.9000
52.2000
52.1900
51.2500
51.2500
51.9000
52.9100
53.1400
53.5300
53.9200
53.5300
52.5900
52.7500
54.3600
54.3900
53.8900
53.5400
53.8400
53.6500
53.8700
54.1900
54.7600
55.2500
54.3800
54.0500
54.3600
54.9500
54.4900
55.4600
55.0300
54.8500
54.2200
54.4400
53.8600
54.2400
54.5400
51.9900
52.0900
52.0900
51.4000
52.3700
53.1100
52.8200
53.3600
53.6200
53.6600
54.4000
54.5600