21.5200
21.5900
21.7500
21.4600
21.0800
21.8400
21.8800
22.3300
22.2400
22.3600
22.5100
22.7400
22.7700
23.0700
23.3200
23.2300
22.8200
22.9200
22.8200
22.8300
23.1100
23.0800
23.7900
23.6500
22.7600
23.0100
22.5000
22.4400
22.5600
22.5300
22.6800
22.8400
23.0800
23.3500
23.2800
23.2400
23.1800
23.2000
23.2600
23.0500
23.1700
23.2200
23.5000
23.0200
23.2200
23.4900
23.7600
23.7000
24.2000
24.1500
24.6400
24.4400
24.2000
24.3100
24.1800
23.8400
23.9500
24.3400
24.4500
24.6800
24.4400
24.4800
24.5800
24.4300
24.1900
24.1000
23.4900
23.0700
23.2700
23.6900
23.2700
23.5400
23.8200
23.5200
23.5500
23.3600
23.1300
23.4400
23.8600
23.7500
23.9000
23.7400
23.7300
22.8800
22.4700
22.0300
22.0400
21.9300
21.7800
21.7600
21.6700
21.3300
21.0500
20.5400
20.0000
19.9000
20.2100
20.2300
20.1300
20.1900
20.1300
20.2600
19.8500
19.9500
19.3000
19.0500
19.1500
19.8600
19.7800
19.7900
19.4900
19.4400
19.1600
19.0900
19.5100
19.2600
19.4000
19.8000
19.1700
19.2600
18.5200
18.7300
18.8000
18.9000
19.1300
19.3800
19.5800
19.4300
19.2000
19.0800
18.9500
19.1700
18.9000
19.4200
19.1800
18.9200
19.4400
19.3800
18.9500
18.7500
18.3600
18.5200
18.5800
18.9500
19.0000
18.8900
18.6000
18.7000
19.1800
18.9600
19.1700
19.1200
19.3600
19.4400
19.3900
19.4000
19.4400
19.6400
19.4000
19.6000
19.6000
19.3200
19.3200
19.2100
19.1100
19.0400
19.3200
19.2700
19.5100
19.5000
19.4000
19.9300
20.1200
19.9500
20.1600
20.0800
20.3700
20.9200
20.5500
20.3600
20.2800
20.0500
19.8900
19.8200
19.3100
19.2500
19.4300
19.2200
19.4900
19.5400
19.4800
19.8700
19.9800
19.8600
19.7800
19.5500
19.9300
19.7500
19.8200
20.3100
20.6700
20.8100
20.4800
20.5800
20.4600
20.4300
20.5200
20.4200
20.2800
20.5200
20.6500
20.5800
20.9100
20.0500
19.5800
19.6600
19.5300
19.4200
19.1800
19.3400
19.4800
19.7800
19.8100
19.8800
20.2300
20.3300
20.1600
20.3200
20.3900
20.3900
20.4400
20.4300
20.6800
20.6600
20.8300
20.9700
20.8600
21.0900
20.8600
20.8300
20.8900
21.2600
20.9700
21.1500
20.8700
20.8300
20.7700
20.7100
20.5500
20.8200
21.4600
21.6500
21.8900
21.7700
21.6100
21.7600
22.1200
22.2100
22.2400
22.2100
22.1300
22.5100
22.5000