108.0000
108.7800
107.9900
107.5300
109.4900
111.3600
111.9800
111.0500
109.7300
109.5000
109.8200
112.1800
112.8400
111.2200
111.2100
113.6300
113.6800
114.9000
114.6400
114.3100
114.8400
114.7300
116.1100
115.0500
114.6800
114.3500
112.8000
111.6300
113.1800
113.1700
109.4100
108.8800
110.9900
111.7800
112.0800
111.9500
112.6200
112.7400
112.2200
110.2500
111.5300
110.8900
109.5500
106.8000
107.8400
109.2700
107.6400
108.1500
110.3900
107.7100
113.0800
113.1500
113.0100
111.8400
112.3100
110.0400
108.8900
111.3300
110.5100
107.9100
107.4000
107.4800
109.6000
107.7500
108.3800
108.6500
106.1800
104.9800
105.8000
108.8000
108.0400
108.0900
109.2000
109.6500
105.7000
107.2600
109.0000
110.5200
113.4900
113.3700
113.8900
112.4400
114.8100
115.0400
114.0600
113.6000
113.6300
113.0800
111.8900
112.4100
112.1800
111.0700
112.4100
112.0000
108.1600
107.1700
110.1800
111.3800
112.4900
112.8900
111.8800
112.5900
109.8600
111.4000
108.1100
106.4500
107.0800
110.1800
110.2800
110.6400
109.6100
112.1700
112.3000
113.6400
114.8700
118.1900
118.4100
117.2900
115.4600
116.4800
113.9300
114.6800
114.7900
115.3200
119.3100
118.5600
118.9500
118.2500
116.7500
117.9900
116.4600
116.5200
116.2900
118.1500
117.9600
118.3400
118.6000
122.7700
119.6000
117.2900
116.7900
117.3900
120.8100
122.4800
123.1400
122.6100
121.5900
121.8000
124.5400
123.3900
123.2500
122.0000
121.2900
122.0100
121.6900
121.6800
123.7100
124.9200
125.0100
124.3200
124.7200
124.6900
123.7900
123.9900
123.6500
123.5000
122.7800
121.4000
121.4400
122.2600
119.2300
121.2400
122.2500
122.8600
124.1900
124.9400
126.4700
128.4300
126.9100
126.6200
125.0500
120.9500
119.3700
121.1100
120.3800
118.9200
118.5100
118.7000
118.5300
119.1000
120.6400
121.5700
122.1600
122.6400
121.2600
120.9300
120.9200
121.0500
120.9300
123.4000
123.7300
125.3400
123.7700
124.3400
123.2200
120.8700
121.6400
123.6100
123.0300
125.9700
123.9800
123.7400
124.7600
122.1400
121.0300
120.2500
121.7700
121.3200
117.4600
117.9900
117.5600
119.7100
120.0300
120.0400
121.9800
121.8700
122.2500
122.7900
123.1600
122.7800
121.4300
122.3700
122.8600
123.1300
123.9500
125.2300
123.5900
124.7000
124.6900
124.2800
125.6900
127.1600
125.7700
126.1200
125.6800
125.5000
124.7100
124.6200
123.5400
125.7200
128.4600
128.6400
130.8900
130.2700
130.1800
130.8900
131.0900
130.9700
131.3400
131.4400
131.3600
131.6700
132.4900