74.1600
73.8400
73.1200
73.4800
73.4500
74.1900
74.6100
74.7400
74.1600
74.2000
74.9300
75.3100
75.4200
75.1300
75.0000
75.6200
75.8400
76.0400
76.1500
75.6500
76.7800
76.3800
76.7000
76.9200
77.2900
76.9200
76.5700
76.6900
77.1600
77.1100
76.7300
76.7600
76.7600
76.4000
75.9000
76.6400
76.5000
76.7700
76.8600
76.9900
76.8900
76.5400
76.3200
75.6100
76.0000
76.7200
77.1600
77.6900
78.3700
78.2400
78.9400
78.4100
81.1100
80.3900
80.5100
80.2800
79.7100
80.5700
80.3900
80.0400
79.8500
80.7200
80.6700
80.5200
79.8600
80.1800
79.1900
78.3300
78.7900
79.4200
79.5600
79.5600
80.3000
80.4900
79.8600
80.2700
79.0300
79.4600
79.6500
78.2500
78.4400
78.1400
78.4700
78.4200
78.0700
77.7300
77.8000
77.6600
77.1500
76.6100
76.4300
76.2100
76.0800
75.9200
74.8100
74.0300
74.6400
74.7600
75.0000
75.1800
74.9400
75.5100
74.6100
74.9400
73.2500
72.9900
72.8000
74.9800
75.4700
76.6300
75.8300
76.1900
76.2700
77.3700
77.5300
77.7900
78.1600
78.1700
77.1000
77.7100
76.4400
76.3600
76.7900
77.1100
78.7600
78.6900
79.4700
79.9100
79.3700
79.2000
78.5800
78.8800
78.5900
79.4400
79.1700
79.3300
80.2100
79.9700
78.4500
77.9500
74.3400
74.2700
74.8700
76.0000
76.2300
75.6100
75.1500
75.0000
75.7600
75.6200
76.0900
75.7800
76.0300
76.3000
76.1500
76.1800
76.5800
76.3700
76.4900
76.4400
75.9000
76.1400
75.6800
75.7200
75.2600
74.5900
74.3000
73.8200
73.8100
73.7000
71.9400
71.9400
72.6000
73.0500
73.5400
73.6400
74.7300
73.6800
74.2300
73.5100
74.2700
72.6100
71.8800
72.0300
72.0700
71.7800
72.0200
71.5700
72.0100
72.0200
73.3900
72.9700
73.1000
73.7600
73.0200
72.2600
72.3000
72.1100
72.5900
73.1100
73.2900
73.6100
72.3000
71.5600
73.7300
73.1200
73.2000
73.0200
73.2500
73.9000
73.4800
73.4500
73.5700
73.0000
72.5900
72.2500
72.3000
71.8600
70.3000
70.3300
70.0200
71.4400
71.3400
71.4000
71.9800
72.5800
72.1600
72.7100
73.5600
73.1100
72.2700
73.0400
73.5000
72.9300
73.1700
73.6800
73.7600
73.4300
73.3500
72.8500
73.3600
75.0500
75.6100
75.1300
74.8400
74.6400
74.2600
73.9100
72.8300
73.7300
76.3100
76.3800
76.5700
76.3500
76.1400
77.0000
78.2000
77.9200
79.2400
79.3300
79.6600
79.7900
80.2500