27.5800
27.5700
27.9800
27.7500
28.2400
28.2600
28.4100
28.7400
29.0300
28.7700
29.0800
28.5600
28.7400
28.4900
28.4500
28.6000
27.7900
27.8600
28.0100
28.2200
28.5600
28.5700
29.2000
29.1600
29.4500
29.6300
29.3400
29.0100
29.1800
29.0000
28.6300
29.0800
29.3500
29.1200
28.8100
28.9900
28.7300
29.3000
29.1700
29.4000
29.7100
29.2700
28.9000
28.3700
28.6400
29.1600
29.7200
29.6800
31.0100
31.4800
31.6800
31.6500
31.8500
31.7000
31.5400
31.3700
31.7000
32.1100
31.6900
31.8200
31.5500
31.6800
31.7100
31.5900
31.3100
31.3500
31.0100
30.3400
30.8700
31.3400
30.9000
31.1600
31.5500
31.3000
31.2200
31.2900
31.2100
31.6200
31.6800
32.1000
32.4300
32.1700
32.2900
32.0400
31.9400
31.6700
31.8400
31.5700
31.4700
31.9100
32.2100
31.5600
31.3000
31.0600
30.6500
30.2700
30.7200
31.0000
31.0900
31.1300
30.9300
31.2100
30.7500
31.1100
29.6000
28.7900
29.2200
29.7000
29.5800
30.1000
29.8700
30.6300
30.5600
31.0100
31.5800
31.5200
31.7600
31.7200
31.2300
31.7200
31.1600
31.3100
31.4300
31.4400
32.1600
32.4400
32.5800
32.2900
32.0100
32.0300
31.9000
32.2800
32.0100
32.7000
32.7800
32.9500
33.4800
33.8000
33.6000
33.4200
33.4700
33.2900
33.5900
33.9200
33.7500
33.5000
33.3200
32.9000
33.4900
33.0100
33.0900
33.0200
33.0300
33.1600
33.1800
33.0200
33.1700
33.2100
33.1100
33.2300
33.0300
32.9000
32.7600
33.0300
33.1900
33.3100
33.5000
33.2900
33.4100
33.1200
33.0800
33.9300
33.9800
33.8300
34.0400
33.9400
34.8700
34.9300
34.1900
34.1900
34.3400
34.0400
33.8500
34.1800
34.1200
33.9500
34.1600
34.3000
34.0900
34.0800
34.3800
35.1900
34.9200
34.8100
34.6800
34.6000
34.3900
33.7200
33.6300
33.6100
34.2000
34.4000
34.2300
34.1700
33.3600
33.1300
33.4800
33.1500
33.2100
33.6600
33.4300
33.1400
33.5900
32.3900
32.1700
32.1000
32.0600
31.7100
31.3300
31.2100
31.5500
32.0800
32.2500
32.0500
32.5800
32.3800
32.1000
32.3900
32.4000
32.2600
32.0500
31.4300
31.7600
31.8100
32.0200
31.9000
31.9700
31.8700
31.5700
31.4000
32.0900
32.5700
32.2000
32.4400
32.4800
32.3100
32.2600
32.0200
31.6800
31.9400
32.9700
32.5100
33.2200
32.9200
32.9700
33.2700
33.6400
33.5000
33.4700
33.2800
33.1500
32.7600
32.8700