74.6600
75.0500
74.3300
73.9000
74.1000
76.0300
76.7000
77.2400
76.0800
77.0400
77.6000
77.1900
76.6900
76.8600
77.7800
77.6500
77.4100
77.6200
77.6100
78.3500
80.2200
80.0200
81.0500
80.5700
80.2800
81.7400
83.7800
83.5000
84.8800
84.6400
82.6000
83.2200
83.7800
83.9600
83.9500
83.4900
83.9700
83.6300
83.4700
83.8700
84.1600
84.5400
83.2900
81.3900
82.5700
83.5300
83.5500
83.9900
86.5700
86.8100
86.8900
85.4800
84.6200
83.2600
82.7200
82.0700
81.8000
83.5000
83.1100
81.5200
82.3200
82.9400
82.7300
82.2000
81.9200
81.6000
80.2300
78.4800
79.6300
81.1700
79.8000
79.8800
81.2400
81.2000
80.4000
81.0000
79.7500
79.8500
79.8100
81.2500
82.0000
81.6400
81.4300
81.5500
80.9100
79.4800
78.9100
78.8200
77.0100
77.2900
77.1800
75.9500
76.1700
74.7000
73.3300
72.3800
73.7000
73.9400
74.0600
73.5000
73.0200
75.0900
73.7400
74.1100
72.0200
71.4500
70.8800
73.6400
75.4000
75.5000
74.6200
74.3500
73.5400
74.1400
74.4900
75.0000
76.4000
75.9100
74.8200
75.2000
73.7500
73.6300
74.1600
72.6000
75.5300
75.0400
75.7500
75.3900
74.0900
74.3300
74.1500
72.5100
71.8400
73.5900
73.2100
73.6000
74.8500
75.8200
74.2300
73.2800
71.9400
72.6100
72.9300
74.2800
74.9700
74.4400
74.7900
74.4400
76.8100
76.6500
78.1200
77.4800
77.0300
77.8900
77.4700
77.7800
77.9900
78.7700
80.3700
80.0800
79.2700
79.6600
79.2000
80.0800
80.5600
80.6400
80.1700
79.0600
79.8500
78.3500
78.0300
79.4000
79.4100
78.6100
78.7600
78.8300
80.5300
82.4500
82.1500
81.4800
81.7200
80.9200
80.7500
80.0300
78.7700
78.5300
78.3500
78.2900
78.3500
78.3900
78.5600
78.5300
78.5100
78.3700
77.3300
76.0200
76.0500
75.9600
76.1500
77.6000
78.5400
79.2300
77.9900
77.8300
77.0700
77.9000
77.2900
78.2000
78.1600
79.0600
78.0700
77.9000
79.9700
77.6800
76.1600
75.8400
76.9500
77.0000
74.6500
74.8400
75.2500
76.5800
76.6900
77.3300
78.6100
78.6800
78.8300
79.8000
79.7600
80.1100
79.8000
80.1400
80.2300
80.8700
80.9900
81.0100
81.1900
81.0000
80.3700
79.9800
79.9900
82.2300
83.0300
83.1700
82.5400
82.2400
82.1100
82.0700
80.8100
82.0100
84.0000
84.3100
84.9800
84.5700
83.5500
84.5500
84.9700
85.1800
85.8000
85.9600
85.5700
86.4000
86.9500