69.3000
68.2700
68.5500
68.9000
69.0900
69.5100
69.4600
71.7000
70.0500
70.4000
70.6400
71.7000
69.1000
68.5800
68.5100
69.2400
67.3000
66.0900
65.5600
65.8700
66.7200
66.9500
67.7700
67.7100
67.5000
66.2500
64.8700
64.7300
65.1200
65.7700
66.1300
67.1000
66.4400
66.1000
65.8200
65.9900
66.5600
66.4500
66.4000
65.2500
65.9200
66.2000
65.8900
64.4800
65.4300
67.0600
67.1700
67.3500
69.0700
69.6500
70.8000
70.5700
70.5400
70.2100
69.8900
69.2000
68.9700
69.9200
69.9700
68.9200
68.8000
68.9600
69.0800
69.5600
68.1700
68.4400
67.5200
66.3500
67.0600
67.8200
66.5300
66.3700
67.3800
66.9200
66.2500
67.7300
66.7100
66.9700
69.7900
63.6000
63.4000
63.4200
64.5700
65.2200
64.4600
63.3500
63.5600
63.4700
63.7000
64.1100
64.5800
63.8700
63.7600
63.4600
62.3800
61.2900
62.8200
62.3000
61.0900
61.1500
61.3600
60.9400
59.8900
58.6600
57.5700
57.4800
57.9100
59.5300
59.2100
59.4700
59.3300
59.6500
59.1100
59.3900
60.3800
60.4600
61.2800
61.0400
59.0900
59.3300
58.0600
58.6900
59.8500
59.0000
60.7700
60.6500
61.5000
61.3000
59.9300
57.9400
57.6500
57.8800
57.7400
57.8400
58.0400
59.0300
59.8600
59.4300
57.0800
56.7900
55.6600
57.3100
53.7300
55.5600
54.8700
54.5800
55.3300
54.4100
55.4600
55.7200
56.6600
56.6200
56.4300
56.8500
57.7500
57.1700
58.7600
59.3000
58.9800
59.9100
59.8100
59.2300
58.7900
59.5800
59.1600
58.7700
59.4800
58.7400
58.7900
59.6800
58.5900
59.5000
59.9000
59.9300
60.3300
61.4400
61.7600
61.6000
61.4400
61.6500
61.7000
61.2400
61.0800
61.3200
60.2400
59.7100
60.0400
60.3200
60.4700
60.8700
61.0100
61.3900
61.0600
60.6500
58.7700
58.2600
58.8700
58.2900
58.2400
59.0400
59.7400
59.1400
58.4200
58.3600
57.4900
57.0800
58.1000
66.9300
66.7600
68.7700
70.1500
70.4000
70.5900
69.6700
68.5900
68.8400
68.3300
68.2800
67.7500
67.7400
67.8900
69.1100
69.0700
68.8600
69.4200
69.4600
68.8800
69.1100
69.1200
69.1600
69.3800
70.1300
69.8100
69.6100
70.7000
71.4100
72.3500
72.0800
71.6000
71.0000
71.5000
72.3200
70.9400
71.7800
70.8000
70.8600
69.8400
70.2200
69.6200
70.2400
72.4700
73.6800
72.7200
75.1900
74.8400
75.2500
74.8800
74.5800
73.8500
74.0000
74.1400
74.5900
75.0900