129.6700
135.3800
135.2100
133.6700
134.8600
133.9900
131.7200
132.9900
131.9400
132.6700
133.2700
133.0900
133.5300
132.3300
132.5600
134.2200
131.5400
130.8100
131.0000
131.4900
130.6000
129.9600
133.3900
132.7600
135.5700
139.6300
142.3300
141.0200
142.7500
143.6300
143.2500
147.9200
147.0500
144.8400
144.7500
143.8600
146.4200
148.0900
147.4700
146.0500
147.2400
147.2600
146.9500
144.8500
144.9800
146.3500
145.8000
146.7600
148.4500
146.9800
147.6300
147.7200
147.8900
148.7500
148.9400
148.9900
147.0000
151.3500
150.8200
148.8600
148.4600
145.9800
149.1500
149.8200
148.6800
150.3400
148.8400
144.5200
145.3200
146.7200
149.0400
148.9600
150.0000
149.0000
149.1400
151.0300
150.1200
147.0100
149.2700
154.0000
154.2000
152.0500
153.3200
155.7100
153.5700
148.6100
147.4200
141.8600
139.9700
139.3800
139.3400
138.8800
137.4400
138.0000
133.9600
133.8300
137.1000
139.5100
139.4300
141.6100
141.2000
143.5400
140.8200
141.0400
134.3500
136.1600
137.9900
139.5200
139.3100
139.6800
138.0600
139.9800
138.0800
139.7500
140.9100
141.1700
142.4300
142.5000
139.8800
143.5600
140.1500
138.6500
138.5300
134.0000
133.4500
131.9000
131.3200
134.8500
135.0000
134.0000
137.2400
135.6900
136.1100
139.8700
139.2000
140.5000
141.8100
152.4200
150.4500
150.1200
148.4100
147.2800
148.9100
150.1500
150.2500
149.3000
145.7700
146.4500
149.0600
149.7100
151.5000
149.9200
149.1800
147.3300
149.5800
149.3600
149.2500
151.0400
153.0300
149.7300
149.6400
149.1800
148.5200
150.2200
149.7400
152.9400
152.8800
152.3300
152.6800
151.2600
151.3000
152.7500
153.8700
154.9200
155.7500
155.6100
161.0100
164.3300
163.6500
160.5300
160.7300
160.2000
158.4900
157.2100
157.7600
158.6800
160.4400
159.3600
158.6400
161.2100
160.5900
162.9500
162.8100
161.2100
160.0600
159.5800
160.0300
161.7300
163.6500
168.2800
168.8600
168.8300
166.7700
159.4600
155.6700
156.7300
155.1900
154.6400
156.4800
159.7100
157.9600
158.6900
160.6700
157.5800
153.4600
152.9300
159.6800
156.5400
154.4800
153.8700
155.8200
156.9900
157.5700
156.8300
158.5300
157.2800
155.9400
162.1000
161.7900
160.5100
161.0500
156.1900
154.8400
153.0000
152.6100
148.6500
151.3000
149.7200
147.4400
148.1800
151.1100
151.8400
151.2200
150.6500
150.1000
150.0600
148.0100
150.1500
148.2900
150.9700
150.3600
151.7900
153.8100
149.3800
149.2900
147.7000
150.9200
149.0000
153.8800
153.8900
152.9000
151.1300
147.9400