45.9100
45.9000
46.9700
47.4500
46.6000
46.9300
47.2800
47.8900
46.8900
47.5600
48.0600
48.5800
47.6300
47.7500
48.0000
48.3500
48.0100
47.8200
47.9000
47.0400
46.9700
46.6900
48.3600
48.7200
48.8000
49.3700
49.3800
49.2200
49.3900
49.0400
48.4700
48.9000
48.6900
48.3800
47.7700
47.4900
47.4500
46.9000
47.1600
47.6600
48.8300
48.4800
48.4700
47.2400
47.4300
48.3000
47.7900
47.5400
48.0300
47.4800
47.1000
47.6200
48.4600
47.6700
47.1300
46.6800
46.6400
47.0700
47.6500
47.1700
47.3400
47.4600
47.1400
46.9700
46.4000
47.2600
46.7500
46.2400
46.4000
47.0800
46.7800
46.4000
47.1500
47.2800
47.2600
47.2800
46.3900
46.1300
46.9300
47.4400
47.3700
46.3900
46.6100
47.4300
49.0200
48.2500
47.9500
46.9700
47.1100
47.8900
47.6900
47.7300
46.9900
47.2500
46.7000
45.8800
46.9000
46.8800
47.2100
48.4000
48.0000
48.8700
47.8500
47.7300
46.2600
45.7500
45.6500
46.6700
47.3800
47.6400
47.0500
47.8200
46.1600
46.7700
47.6700
47.4600
47.8800
48.4000
47.4500
47.3400
46.2900
46.1700
46.9400
46.6100
47.0200
47.7900
48.6000
47.7500
47.6600
47.6100
46.8600
46.7300
46.2800
47.3100
46.9900
46.9600
47.6200
46.6500
46.4100
45.6000
45.2800
45.2800
46.0400
46.7700
46.7000
46.7100
46.2300
45.8300
47.2000
48.8100
49.0900
49.1000
49.7900
49.4400
49.3400
49.2800
49.6400
49.9400
51.0200
51.0200
50.6200
50.6000
50.1700
50.6100
50.2800
50.2600
50.3300
49.9100
50.0100
49.3600
48.9800
49.8300
50.8600
50.7600
50.9100
50.8100
52.2600
52.1300
52.4700
51.7500
53.5500
54.3800
54.3100
55.2100
54.4800
53.4200
54.1500
53.5900
53.6200
54.0700
54.3100
55.6500
55.9100
56.6400
56.2200
54.6200
54.3000
54.3300
54.4100
55.1000
55.3500
55.5700
54.6700
55.2500
53.7000
53.8200
53.4600
52.5300
51.2900
51.7700
50.9600
50.6900
50.6100
50.2700
49.4300
49.1600
49.1000
48.8200
47.9900
49.2300
49.4600
50.4000
49.9700
49.7100
50.4800
50.1300
50.3800
50.9400
51.3900
51.6100
51.0400
51.2900
51.3900
52.5100
53.5500
54.2200
54.5400
54.1600
53.3500
53.0000
53.3800
53.8000
53.4200
53.4900
53.0900
53.1600
52.6900
52.6100
51.9600
52.7400
56.0100
56.4500
57.5100
56.2900
57.0400
57.8000
58.5000
57.7800
57.7600
57.8200
57.1700
57.5900
57.8800