20.9300
20.4200
19.8100
20.3700
19.6100
20.0800
20.4500
20.9400
21.0200
22.0300
23.0500
23.0000
23.5100
23.5200
24.1900
24.6500
23.8900
24.1200
24.2800
23.9900
23.9800
24.0800
24.6300
24.8600
25.2900
25.0400
25.2900
24.8100
24.4500
24.6200
24.8700
25.3500
24.9900
25.5300
25.5100
25.8000
24.3900
24.5300
24.7900
24.4900
25.7000
26.0200
25.6900
25.1700
27.0000
27.8700
28.5600
28.2200
28.4800
27.9800
28.0200
27.9900
27.9500
27.4600
27.1400
26.4400
26.6900
27.0500
27.5200
27.3200
26.6500
25.7700
26.3300
25.4000
25.2700
24.9400
24.7100
23.6000
23.7900
24.9300
24.1400
23.3600
24.0800
23.8800
23.9000
23.7500
23.6200
23.9300
24.1600
24.5700
25.1200
24.7000
24.8400
24.2100
23.5400
22.9500
22.8800
22.5600
22.4800
22.5600
22.5400
22.0500
21.5200
21.8300
21.5900
21.4400
21.8800
22.0600
22.2100
22.1200
22.3400
22.3700
21.8100
21.1000
20.6800
20.3700
21.0000
21.7200
21.4500
21.2700
21.8500
22.2800
21.7400
21.8900
22.2400
21.7900
23.0300
23.5400
22.9900
23.5000
22.9700
23.3500
23.6200
23.9300
24.1500
24.1900
25.0100
24.4100
24.5600
23.8100
23.6400
24.0200
24.3000
24.8600
25.2400
25.4500
25.8200
25.4200
25.5400
25.6500
25.2000
24.9300
25.5100
26.1000
26.0800
27.5000
27.1500
27.3000
27.8400
28.1400
28.5600
28.7600
28.8600
29.1000
28.5300
28.7100
28.6000
29.0200
28.8000
29.7500
29.8000
29.5500
29.2100
29.2400
30.7700
31.1200
30.7700
30.7300
31.2600
31.0200
31.2200
31.4200
32.1800
32.0200
32.7700
32.7800
32.7900
33.7500
32.0400
31.6000
32.2200
32.1400
31.9700
31.7500
31.4700
30.9000
31.4400
31.6800
32.1300
32.1400
31.5900
32.6100
31.8900
31.7100
31.4000
29.4700
29.1400
29.0100
28.8100
29.5200
30.0300
29.6400
29.5300
29.4700
28.3600
28.4100
28.4900
29.0300
29.1000
28.7600
28.2000
28.8800
30.0600
29.3900
29.3700
29.5900
29.4600
29.2200
28.8600
29.5800
29.3600
30.1100
30.5500
31.0000
31.9200
31.5900
31.1500
31.6500
32.2400
32.2600
31.8900
32.2100
31.3400
31.8000
31.8600
32.6600
32.6600
32.7900
32.6000
33.3700
34.0400
34.2400
34.0300
34.3800
34.1400
33.7400
33.6800
33.8300
33.1000
34.1200
35.4800
34.7200
35.3100
34.3500
34.6700
34.3700
34.9000
34.7000
35.3300
35.8000
36.7900
36.8200
36.7600