39.6800
39.3000
39.6200
39.2900
39.5000
39.7000
40.4000
40.5000
40.6600
40.9100
41.2700
41.6400
42.7200
42.1400
42.2200
43.2700
43.2500
43.4500
43.7900
43.8600
44.0100
43.9500
44.7900
45.2000
45.7300
45.8500
47.4000
46.9400
47.1100
47.1400
47.2900
47.5300
47.6800
46.8100
46.1300
46.4000
46.1700
45.9700
45.3600
44.5600
44.1400
43.6300
43.8100
43.4400
43.8200
44.9100
45.9900
45.2800
46.2100
45.5600
45.9900
45.7200
45.8100
45.3100
45.1200
44.1800
44.1600
44.2900
44.1200
42.7500
42.4100
42.7300
43.1900
43.0000
42.5000
42.5000
42.0200
41.2400
41.7200
42.1100
41.6300
41.5300
42.3300
41.3500
41.0200
41.1800
40.8500
41.1100
41.7700
41.9300
42.3600
42.8100
43.0100
42.7400
42.7000
41.3700
41.4700
40.8800
40.0100
39.9900
40.0200
39.0300
38.3700
35.2600
33.9000
34.5900
36.3500
35.2000
34.5700
35.0300
35.7600
36.0900
35.0200
34.6500
32.9700
32.5700
32.9200
33.3300
33.7800
34.2300
33.2500
33.9500
32.9700
33.4500
34.3500
34.6800
34.9100
34.4700
34.3200
35.2800
34.6900
35.4600
37.3200
37.7100
39.7100
39.8900
40.7200
41.1300
41.1200
41.2800
40.5000
41.1000
41.6800
43.1300
43.2400
43.8400
44.0400
44.1200
44.0800
43.9600
42.7300
42.1800
37.8300
39.7900
38.7900
38.7400
37.4700
36.9000
38.4100
38.6600
39.5400
39.1600
39.8900
39.7800
39.4200
39.1300
39.1400
39.8200
40.4000
40.4000
40.0800
40.3200
39.5900
41.0700
40.2600
40.3500
39.9900
38.5000
38.9200
37.7000
37.9400
38.4900
40.3500
41.4400
41.9700
46.4600
46.9600
49.1700
46.2200
46.2100
47.5700
47.7800
48.4900
48.2700
46.1100
45.7600
47.9300
47.3000
47.0900
47.7900
47.1500
47.9600
48.2100
47.5700
45.5800
45.9400
46.7100
46.1400
46.5700
47.7800
49.3800
48.8000
46.5500
46.9400
46.1800
46.3600
46.8900
46.4900
45.9700
47.4700
46.3500
46.6000
48.4800
46.0700
46.0100
46.3400
47.0300
47.4000
47.1400
46.4500
46.5500
48.2500
48.2300
48.5200
49.2400
49.5000
48.7900
49.6900
51.3100
52.8400
52.3100
52.7600
51.1200
52.0200
52.0000
52.0900
52.2500
51.3000
51.6800
51.6000
52.7100
53.1900
53.1000
53.2500
52.2600
52.9700
52.8100
51.7000
51.2000
52.0500
53.8800
53.5000
53.8500
53.7300
53.7600
53.7500
54.2000
54.5800
53.8700
54.3700
54.1200
55.1400
56.6900