35.8200
35.8200
35.7400
35.4000
35.0200
35.7200
35.5800
35.8100
35.5400
35.8000
35.9100
35.7500
36.0100
36.1000
36.5200
36.4100
35.9200
36.3200
37.1100
37.0400
37.4600
36.8300
37.0400
36.6000
36.5300
36.5200
36.8700
36.6100
36.9600
37.2000
36.8700
37.2000
37.1800
37.3200
37.4500
37.9700
37.6400
37.5800
37.3300
36.9500
37.0000
37.0000
36.7400
36.2000
35.9800
36.4800
36.9500
37.4100
38.1400
37.9600
37.9800
38.4700
38.5600
38.1900
38.0200
38.4700
38.1400
38.4500
38.3300
38.2200
38.5400
38.3500
38.7500
39.0000
38.5400
38.9400
39.0000
39.0000
39.4400
39.6900
40.6700
40.5800
41.8900
42.7100
41.9500
41.9700
42.3200
41.2600
41.7500
42.0300
41.7000
41.1100
41.3700
41.3900
41.3300
40.7200
40.8400
40.6900
40.5000
40.1600
40.3100
39.7600
39.7900
40.1400
39.6000
38.6200
39.5800
39.4200
39.9300
39.2400
39.8000
39.9200
38.6200
38.2300
37.7300
37.7700
38.3300
38.9900
39.4000
39.8100
39.6000
40.3000
41.1600
42.0100
42.3300
43.5800
43.4400
43.5500
42.8200
43.2100
42.6200
43.7600
43.6200
42.5200
43.5700
43.3800
44.2900
44.9900
43.8100
43.4300
43.0800
42.9400
42.5300
43.1700
43.2500
43.5600
43.8100
44.0000
43.1900
42.1400
41.7800
41.4400
42.6300
45.4200
45.5100
44.4200
45.0000
45.1100
45.6500
45.8700
45.8400
46.5000
46.6000
46.7600
47.4900
46.9700
47.6900
47.7600
48.1600
47.7300
47.4900
47.8500
47.5400
47.5000
47.2200
47.2600
47.4300
47.2000
47.6800
48.1000
48.2900
49.0100
48.9300
47.9000
47.2500
47.4200
48.0100
47.7800
47.0000
46.8400
47.2500
47.2900
47.6000
47.3800
47.8200
47.8000
48.6000
48.6900
48.7900
48.5200
49.4800
49.5000
49.2100
48.3900
47.5800
47.6800
47.9000
48.0300
48.2600
48.6000
48.9700
48.7000
47.3700
47.3100
47.3800
46.6900
46.6000
39.3900
37.0700
41.1500
39.6700
40.1400
40.4900
40.4200
41.7500
41.4800
42.9700
42.2900
41.9300
41.6100
40.9200
40.6100
40.4600
40.8700
40.8700
39.6900
39.8700
40.0500
39.3400
34.1500
35.8800
35.6000
35.4700
36.5600
36.2800
36.9900
36.9400
36.8000
35.8800
35.9000
36.2400
36.9300
38.3000
37.8900
38.0400
38.0200
37.8000
38.1200
38.0000
38.8200
39.8500
40.0300
40.0400
40.0600
39.8900
39.5600
38.8700
38.0000
38.3800
39.3600
39.2500
39.4100
39.5500