55.5900
53.8000
53.9400
53.7000
53.6800
54.3900
54.6600
54.4000
54.9500
55.5000
55.6900
56.0200
56.4200
56.9300
57.3900
57.9200
58.9800
58.8200
58.0600
58.3100
58.5400
58.2700
58.5500
58.7800
58.8700
58.7500
58.4200
58.1200
58.7300
58.0600
57.5700
57.6000
57.1700
56.1700
56.0900
56.7700
56.0000
56.1200
55.9400
55.9200
55.9100
56.5200
56.6300
56.2300
55.6600
55.6800
55.3900
55.7800
57.2100
57.2700
57.1900
56.9700
57.2200
57.1600
57.1000
56.0000
56.2000
56.7400
57.0700
56.9800
56.8800
57.1000
57.2900
56.5500
55.8400
55.5000
55.0900
54.0600
55.2900
56.0900
55.9200
56.3100
57.0300
56.2800
55.8800
56.8300
56.1700
57.1900
58.5200
58.7100
59.2000
58.7900
59.2900
58.9800
58.8200
58.5300
59.1200
58.8800
58.8400
58.9700
58.9100
58.4900
58.1700
57.5800
56.6900
56.3000
57.5900
57.7100
58.1300
58.2300
58.0900
58.9800
57.8500
58.8200
56.8900
56.3300
56.9900
57.5500
57.3600
58.2900
57.7000
58.1500
58.0900
59.3100
60.1200
61.0400
61.1600
61.2600
60.6200
60.3800
60.3600
60.8200
60.9900
61.8500
63.1200
63.3500
63.8500
63.1900
63.4300
63.9000
62.9300
63.3700
63.4700
64.4800
64.7100
65.9100
65.7500
65.5300
65.3900
65.1800
65.3000
65.3700
65.7200
66.7900
67.3300
67.2500
66.8100
67.2200
67.0500
66.8200
65.4800
63.9800
63.6900
63.7900
63.6200
63.6800
63.9600
64.2900
63.9800
63.9800
64.0500
64.3100
63.7400
64.1500
64.4800
64.8400
64.9200
65.1700
65.4900
66.3300
66.2400
66.5400
65.0400
64.2300
64.7100
64.9000
65.3600
65.0700
65.2100
63.0500
63.2800
62.9000
62.6500
62.9400
62.0700
62.2400
61.9400
62.2500
61.8200
62.7500
62.6100
62.6500
63.1700
63.1000
63.1100
63.9300
63.6600
63.5400
64.3100
64.7100
63.8900
64.7000
64.5400
64.5100
63.4800
63.5900
63.0200
63.0400
63.2700
63.4800
64.1900
63.2300
63.9100
64.1200
63.4300
63.6900
63.7900
63.9500
63.2100
62.9100
63.8100
64.5200
64.7100
64.3200
65.0600
65.1600
64.0600
63.8100
63.5800
63.6500
64.1400
64.5100
64.1200
64.8600
65.2400
64.9900
65.3600
65.0700
63.5400
62.7000
63.3800
63.8900
63.6900
64.6900
64.0100
64.6300
64.2200
64.3700
63.9400
64.7200
65.1600
64.6800
64.9800
64.7600
65.0700
65.2700
65.1600
65.1900
65.0200
65.2200
65.1400
65.5300
65.7500