39.7300
39.2100
38.9400
38.3300
38.3700
38.5700
38.9000
38.9200
38.9200
39.0200
39.0100
39.0000
38.9700
38.4000
37.7900
37.6900
37.3400
37.2100
37.6100
37.6600
37.8000
37.5600
37.8400
38.1400
37.9200
37.9200
37.9200
37.6900
38.1300
38.0400
37.8300
38.0500
38.4600
38.4900
38.2100
38.1300
38.1400
38.1300
38.1500
38.1100
38.4300
38.6700
39.0000
38.6900
38.8700
39.2200
39.1000
39.3200
39.4800
39.4700
39.5400
39.5700
39.6500
39.6300
39.7800
39.6600
39.4200
39.3300
38.6600
38.2600
38.0700
38.2300
38.5200
38.4600
38.3900
37.6600
37.4600
36.8000
37.3800
37.5500
37.2600
37.4300
37.7400
37.6600
38.1500
38.7300
38.5700
39.5000
39.4800
40.1400
40.2300
40.3800
40.5600
40.6000
40.6400
40.2600
40.5300
40.5500
40.2500
40.5500
41.1600
40.8900
41.0500
40.8800
41.3700
41.5300
41.3400
41.3900
41.2800
41.3900
41.4500
41.7500
41.4200
41.6400
41.0300
41.3400
41.2000
41.7700
41.6400
42.4400
42.5600
42.9400
42.9900
43.7500
43.5500
43.8200
43.7300
43.3000
43.3300
43.9500
43.6500
43.8400
43.7800
43.9700
44.4400
44.9300
44.9500
44.8900
44.4200
44.7400
44.7000
44.9000
44.6700
45.2100
45.2700
45.6600
45.8900
44.5400
44.4900
44.3500
43.7700
43.7200
44.4600
44.9000
44.9500
45.1400
45.2100
44.6200
44.4600
44.6900
44.4700
44.1800
44.3400
44.6000
44.2700
44.3300
44.1900
44.1200
44.0600
43.7000
42.8900
42.6200
42.2500
43.1700
42.7600
42.6700
43.0900
42.7700
42.9400
43.7000
43.8000
44.1500
43.7200
44.0600
44.2400
44.8900
45.5800
44.5300
44.5800
44.9100
45.2700
45.4900
45.6400
45.6800
45.6200
45.5900
45.7600
45.5700
45.8100
45.8600
46.2800
47.2600
47.0500
46.5700
46.1100
45.7800
45.2000
44.6200
44.5000
44.0800
44.7200
45.7800
45.1600
44.7700
44.0700
44.2300
44.2500
44.7300
44.6400
45.1400
44.5200
44.2000
44.3000
43.1900
42.6100
42.6400
42.5600
42.5400
42.2400
41.7000
41.4000
42.8100
42.8200
43.1600
43.7600
43.3000
42.9800
43.5600
44.0100
44.1200
44.1000
43.6700
44.1000
44.4500
44.4100
44.0300
44.4400
44.7900
44.5200
44.2100
44.1200
43.8700
43.3800
43.8100
43.5700
43.5400
43.4500
43.4800
42.9000
43.2700
44.2700
44.0600
44.3000
44.6900
43.1000
43.0000
43.5900
43.3000
42.5900
41.9700
41.5100
42.1300
42.5400