33.0600
32.8300
32.7200
33.0800
33.5000
34.4000
34.0100
33.2700
32.6300
33.2000
33.7500
33.5000
33.4800
33.8600
34.2700
34.6900
34.3200
34.2300
33.6300
33.3600
33.2200
33.5300
33.6500
34.2800
33.4600
33.1300
34.2100
34.5400
34.7900
34.6300
33.8200
34.2400
34.7100
34.1800
34.2900
33.9700
33.8600
33.5400
33.4100
33.1600
32.7700
32.6900
33.3000
32.8700
32.7900
32.7800
33.4800
33.6300
33.2500
33.3700
33.7700
34.2100
34.0600
33.8100
33.5400
33.3800
33.5600
34.3700
34.8000
34.7500
33.9300
33.4900
34.1600
33.8500
33.3000
32.8400
32.5600
32.2100
33.0800
33.2900
33.0400
33.3000
35.0700
35.5100
35.6300
35.9300
35.4000
35.2400
35.3000
35.3900
35.6700
35.0600
34.7200
34.1500
33.8400
33.6500
33.5700
34.0900
33.9300
34.0500
33.2400
32.8500
32.8800
32.7800
31.8700
31.3100
31.3500
31.2500
31.2900
31.2600
31.3600
31.6000
30.9300
30.5200
29.9300
30.5100
30.5800
30.9600
30.9800
31.1600
31.2200
31.2500
30.8800
31.6700
31.8000
31.9600
30.0900
29.2100
29.1500
29.5700
28.9900
29.0900
29.4200
29.0400
29.5800
29.8600
29.6100
29.8700
29.6200
29.7000
29.9200
29.9400
30.1000
30.5800
30.5000
30.7000
30.9700
34.6200
34.6000
33.9200
34.1100
34.6500
34.9700
35.7200
36.2700
36.3600
36.2700
35.7500
35.8000
35.7900
36.0300
36.2400
36.0900
36.1700
35.9700
35.7100
35.5600
35.5200
35.8400
36.0300
35.6500
35.5500
35.6600
35.6500
35.6000
35.4000
35.3000
35.2100
35.7600
35.7000
35.8800
35.2000
34.9400
35.1400
35.1100
35.3600
36.0200
36.0200
35.7000
35.6600
35.8100
35.5500
35.1100
35.6700
36.0700
35.8200
36.6000
36.4400
36.9500
36.9100
36.3600
36.3700
36.1300
35.9200
35.6000
35.6300
36.1000
35.9400
36.1700
36.3700
35.8300
36.1100
35.7900
36.3300
35.3900
35.4500
35.3300
35.1900
35.2300
35.5000
34.8900
34.0800
33.9400
33.4400
32.7700
32.6600
32.7600
32.5400
32.2600
32.2300
32.1600
32.6500
32.7200
32.6300
33.0900
33.0700
33.0300
33.3200
33.7500
33.9100
34.2800
34.2700
35.5700
35.8500
36.1000
36.3500
36.6500
36.6700
36.5100
36.7600
37.1400
37.5500
37.2400
37.5500
36.3100
36.4700
36.6600
36.5300
36.5400
37.0100
38.0600
37.7900
37.1800
38.0300
38.1700
38.4500
38.5700
39.1000
39.0400
39.3000
39.3900
39.3600
39.2100