75.9400
74.4500
73.7100
74.1500
74.2700
74.1400
75.3900
76.7100
76.0600
77.7800
76.2900
79.3800
77.9900
78.7600
85.0400
87.9100
86.9500
86.8200
86.2700
86.5700
88.3300
88.7800
89.4900
89.2600
88.8300
88.5600
88.3400
87.8000
88.1400
88.5100
87.9200
89.1000
88.6300
87.4400
88.1200
88.1100
88.5600
88.9800
89.9000
89.6000
90.3000
89.3400
88.9200
87.3200
87.8800
89.8600
90.9800
90.5100
92.2700
92.1800
93.1300
92.9600
92.5800
92.8800
92.3800
91.2100
90.8900
94.0300
93.1100
92.8600
91.8100
92.6600
93.9900
93.8900
91.7600
91.9300
90.0800
87.4400
88.1500
89.2800
87.5600
86.9500
88.5600
88.1900
88.0400
88.7500
88.3400
81.8000
83.2700
84.3000
83.8200
84.1100
83.9200
83.8200
83.5200
83.5100
83.7800
84.5000
84.3500
84.2900
84.8200
83.8400
83.1200
83.1800
82.5200
80.8100
82.5500
82.7700
82.0900
82.2500
82.1000
82.4700
80.8000
79.7800
77.0700
76.1500
76.9700
78.8300
78.3500
78.7800
78.2600
79.3800
79.5000
80.3200
80.5600
81.2800
82.3800
82.3500
80.0400
81.0900
79.5200
77.8300
78.1400
76.8900
79.4700
78.5000
79.4300
79.8200
77.3100
75.9600
74.6600
75.3000
75.4100
76.6300
76.1900
77.1200
78.6300
78.5100
76.4800
75.5900
75.6900
75.1100
77.0900
79.0600
78.1100
77.4800
77.3200
75.4000
77.1100
77.0000
78.6800
79.2700
78.5600
78.6500
78.0200
77.3300
78.3300
76.1700
75.2600
75.7500
76.0000
76.6500
77.1000
77.7200
78.0100
77.5400
79.1800
79.0900
80.1900
79.8700
79.6100
81.6700
83.1800
83.2200
83.4200
83.6400
85.1500
85.0400
84.9200
85.2400
85.0100
85.0900
84.6900
84.6200
84.1200
83.3600
84.1200
83.3300
84.1600
84.0100
84.3200
84.4500
84.3500
84.3700
81.9800
80.3900
80.8900
80.3800
80.6000
81.6900
82.1100
81.1000
79.8800
81.0600
78.8900
79.6000
80.6700
81.5600
81.8100
84.1900
83.4900
84.7400
85.3800
84.0000
83.2100
82.9700
82.9100
82.3900
80.7400
81.1300
81.2100
83.1700
82.8400
82.1300
83.6400
83.2700
82.9500
83.7300
84.5500
84.5500
84.1400
84.4300
84.1500
85.0200
85.5000
86.0000
87.0600
87.6100
87.4300
87.3500
88.1800
89.2000
88.3900
89.3300
88.4200
88.6200
87.3800
87.5300
86.2500
87.1200
88.7100
86.2200
86.8200
87.0900
88.7400
91.0200
91.2600
90.6100
90.3000
90.9000
90.5600
90.5700
91.8900