30.9800
31.3000
32.7600
33.4900
33.7500
33.5300
33.3600
33.8600
33.3500
33.0900
33.6600
33.9500
34.6500
34.7100
36.8800
37.4000
37.0100
37.0500
36.8700
36.3500
38.0300
37.5700
38.5800
38.7200
38.8800
39.7700
39.1900
38.5700
38.1700
39.1400
38.3000
40.5900
40.4500
40.2400
39.5600
39.7000
39.7800
38.7900
39.3800
39.2500
39.8600
38.9300
38.4700
37.2200
37.8700
38.9800
40.3200
39.6300
40.1500
39.6300
38.8700
38.2600
38.1900
39.0800
39.4500
42.0600
42.4400
42.6000
42.4600
42.1700
42.0100
41.3900
41.9100
41.6300
41.2800
39.7400
39.6900
38.2700
38.2200
39.1900
39.0200
39.5700
39.5100
41.5600
42.0500
41.4400
41.4200
41.4400
43.1400
44.1000
37.9300
38.8100
40.0400
40.5300
39.2400
38.8800
39.1500
39.1400
39.9500
40.7400
40.3000
39.9300
39.9600
38.6300
37.0700
34.6600
35.9600
34.5100
34.1000
33.8300
34.2100
33.1700
32.2300
31.3900
30.1100
29.9000
29.9300
30.9400
30.8200
31.2300
30.6600
30.5400
30.3400
30.2000
30.6900
30.5500
30.8600
30.8900
29.3700
29.7000
28.9300
29.1300
29.8000
28.8000
30.4800
29.8400
30.9800
30.6800
31.0200
31.5300
32.0100
31.5000
31.3500
31.5800
31.6200
31.9700
33.4000
32.7100
32.0700
32.2800
31.7700
32.4700
39.2700
39.9200
40.1700
39.7700
39.4200
39.9000
41.0000
41.2500
41.7500
41.8600
43.0300
43.9900
44.3200
44.0000
44.1700
45.4100
45.4800
45.3200
44.6600
44.5000
43.4800
43.6300
43.7900
43.5000
43.5000
42.1000
41.8200
42.3200
41.8400
43.1100
41.8600
41.1800
42.2500
41.4800
42.5800
41.0600
39.4800
39.3600
39.0700
39.0700
40.1600
40.0200
39.6500
38.6100
39.5800
38.7300
38.1200
38.1700
37.6000
37.9900
37.9900
38.3400
37.1900
36.3700
36.5900
36.0200
35.7500
36.3500
36.2400
35.5500
34.8800
35.2800
34.4300
33.7600
34.4000
34.1200
34.2300
35.4100
35.2000
35.5600
37.0400
35.3000
34.8400
35.1100
34.7400
34.6800
33.8500
33.8500
34.5800
35.0000
34.0900
34.3800
35.0900
35.8100
34.6900
33.9000
33.9200
33.4300
33.4100
33.5900
36.0300
37.1000
37.6000
38.4500
38.1600
37.8600
37.8300
37.7800
38.0400
39.6000
41.2000
42.1600
42.0900
41.8100
42.0900
42.0700
41.4600
42.4900
43.4400
43.0200
42.8800
42.9000
41.9800
43.8000
44.1600
43.9800
44.7000
44.8400
45.3100
45.2200
44.8100