34.5500
34.4500
34.6400
34.4900
34.5000
34.5100
34.2300
34.3400
34.2100
34.3000
34.1300
34.1000
34.1000
34.2500
33.9200
34.5600
34.7800
34.2500
34.0000
34.0000
34.2000
34.4100
34.6600
34.6700
34.9300
34.6200
34.7100
34.2600
34.2800
34.3200
34.3100
34.4200
34.3800
34.2200
34.2900
34.3900
34.3700
34.2700
34.1600
34.0800
34.1700
34.2200
34.1800
34.1000
34.4200
34.6600
34.8500
35.1800
35.2700
34.7300
34.6000
34.5300
34.3700
34.4500
34.4400
34.4900
34.5000
35.0600
35.2300
34.9200
35.0400
35.1800
35.3900
35.3700
35.1700
35.0500
35.0600
34.5900
34.6900
34.9900
34.8500
35.3400
35.5800
35.5600
35.4300
35.8800
35.6300
35.8400
36.1700
36.3700
36.5900
36.8400
36.6800
36.4500
36.2500
36.4200
36.2800
36.7100
36.7000
36.8900
37.2000
37.2500
37.1700
37.3300
36.9800
36.7100
36.8100
37.2200
37.0400
37.3000
37.5000
37.6300
37.1500
37.8400
37.7900
37.8000
37.8800
38.3700
38.3600
38.6000
38.5600
38.8700
38.9000
38.9400
39.2900
39.2500
39.0300
38.6200
38.3900
38.6000
38.7100
39.0100
39.5800
39.5200
39.5700
40.1500
39.9400
39.8800
40.0100
39.9500
40.0800
40.2800
40.4700
40.9100
40.7300
40.8400
41.2800
41.2000
41.1600
40.7800
40.5100
39.9800
40.5200
40.9100
41.0300
40.7400
40.2700
39.9300
40.3500
40.4000
39.8300
39.7100
39.3600
39.2600
38.9900
38.9900
38.9400
38.5400
38.5600
38.6400
38.4900
38.7200
38.2000
38.3800
38.4000
38.2600
38.2600
38.1100
37.9600
38.3800
38.3500
38.5900
38.1500
37.8700
37.8700
37.4300
37.7800
37.3700
37.1500
36.8700
36.8600
36.7900
36.7300
37.1800
37.4000
37.7100
37.3900
37.6700
37.5100
37.4700
37.7000
37.9300
38.1000
38.2000
38.1900
38.1500
38.1400
38.1600
38.4600
38.6700
38.8300
38.7700
38.5000
38.1700
37.8700
37.6000
37.8000
37.8800
38.4700
38.3600
38.2000
37.3600
37.5100
36.9200
36.8600
36.3200
36.4400
36.7500
36.4800
36.1200
36.3700
36.6700
36.5300
36.4500
36.1900
36.4000
36.6800
36.9000
37.1600
37.5300
37.3400
37.0200
37.8100
37.6400
37.7900
37.5700
37.6300
37.5600
37.3000
37.0500
37.6700
37.9800
37.5900
37.5800
37.4900
37.3800
36.9000
36.8300
36.4800
36.8500
37.6600
37.5700
37.6900
37.3300
37.1400
37.2000
37.7300
38.0300
38.0600
38.0400
37.7800
37.9500
38.1100