28.4300
28.5600
29.0200
28.9400
29.3000
29.4100
29.6200
29.6100
29.6100
29.8300
30.2400
30.1500
30.5400
30.9200
30.5400
30.2000
29.0500
29.6000
29.2500
29.2100
29.8900
29.9000
30.6300
30.2000
30.2600
30.6300
30.5800
30.2600
30.6200
30.4200
30.1700
30.3700
31.0900
30.9600
30.5900
30.6500
30.1800
31.0300
31.3700
31.2900
31.5400
31.2800
30.9700
30.1100
30.4100
31.4000
31.6600
31.5100
33.3300
33.3700
34.0700
33.8900
34.2500
34.3200
34.0200
33.3600
33.5300
34.3900
34.0000
34.4700
33.9400
34.1400
34.5100
34.4800
33.8800
33.7300
33.4200
32.9200
33.6200
34.0200
32.8400
33.1500
33.6800
33.5700
33.1200
33.0000
32.6900
33.0700
33.3500
33.8400
33.7700
33.4200
34.0900
33.5700
33.3900
33.0300
33.5000
33.1500
32.6300
33.1900
33.3100
32.4100
32.2400
31.9700
31.4400
30.9400
31.4000
31.6700
31.7400
31.8100
31.8600
32.2500
31.7000
32.0500
30.1600
30.0500
30.5200
30.9700
31.1800
31.4300
30.9900
31.3000
31.5800
32.0300
32.4500
32.4600
32.9600
32.8100
32.3400
32.8100
32.2200
32.3300
32.7300
32.4800
33.4400
33.5500
33.4800
33.1300
33.0500
33.2600
32.9700
33.2700
32.8500
33.9100
34.0200
34.1200
33.9600
34.1500
33.8100
33.4400
33.2300
33.1600
33.7800
34.1500
33.9600
33.8100
33.9000
33.3400
34.3400
34.0000
33.9600
33.8200
33.8200
33.8300
33.9600
33.9600
33.9700
34.1300
34.0300
34.0700
34.3800
34.1800
33.9200
34.0400
34.0200
34.1000
34.0700
33.8700
34.0300
33.8000
33.7500
34.8400
35.0000
34.5900
34.1500
34.3300
35.5500
36.1300
35.3300
35.4400
35.2500
35.2000
34.9700
35.1000
34.7200
34.4200
34.7600
34.5300
34.7000
34.8200
35.4400
35.9700
35.8400
35.8000
35.1000
35.2300
35.1800
34.2500
33.9000
33.7300
34.4700
34.5700
34.3400
34.5000
33.8700
33.7200
34.0600
33.9700
33.6900
34.0600
33.7400
34.0200
34.3200
32.9100
32.3500
32.3500
32.3700
32.0200
31.4300
31.5700
31.9400
32.4000
32.9200
32.5900
33.2000
32.9000
32.6300
32.8100
33.1600
33.0100
32.7500
32.7400
32.9800
33.1400
33.2300
33.0500
33.2900
33.5000
33.2600
33.1500
34.3800
34.9600
34.6200
35.0600
34.4800
34.4200
34.3300
34.1800
33.9100
34.1800
35.0500
34.7600
34.9400
34.7700
34.7100
34.7100
35.4000
35.1000
34.7700
35.1100
35.0900
35.0300
34.9300