4.0900
4.0500
4.1000
3.8500
3.8400
3.9100
4.7500
4.9100
4.4300
4.5600
4.9200
4.6600
4.6200
4.5800
4.5200
4.6900
4.6200
4.8800
4.8100
4.5700
4.8400
5.1400
5.1900
5.2700
5.1500
5.3500
5.7800
5.3900
5.2900
4.7200
4.6500
4.6600
4.7000
4.6100
4.4400
4.3000
4.1800
4.0900
4.1600
3.9300
3.8600
3.8000
3.6700
3.7400
3.6900
3.8500
3.8700
3.6800
3.8300
3.9300
4.0200
4.1400
3.9900
4.0000
3.8400
3.8000
3.9100
3.9600
3.8900
3.6400
3.6900
3.6100
3.6000
3.5600
3.4300
3.4500
3.3400
3.3400
3.7400
3.7200
3.5400
3.4500
3.7400
3.5500
3.5300
3.4900
3.4800
3.4600
3.4500
3.6600
3.6200
3.5900
3.7100
3.6100
3.4800
3.3500
3.3200
3.3100
3.2500
2.4500
2.2600
2.2700
2.3100
2.1300
1.6600
1.7300
1.7500
1.5900
1.6800
1.5800
1.5900
1.6900
1.7100
1.6700
1.7200
1.5900
1.5400
1.7300
1.7200
1.6800
1.7100
1.8200
1.8800
1.9500
2.0100
2.0200
2.1800
2.1500
2.1000
2.1400
2.1600
2.0700
2.0700
2.1000
2.1700
2.6400
2.5800
2.5200
2.4100
2.3900
2.2700
2.2900
2.1800
2.2000
2.0500
1.9400
1.9200
1.9500
1.8700
1.8200
1.7600
1.7100
1.7000
1.9000
1.8200
1.9200
1.9900
1.8600
1.9600
1.9900
2.0600
2.2800
2.6000
2.6600
2.5900
2.6000
2.6600
2.6900
2.8000
2.7700
2.8200
2.8100
2.8700
2.8800
2.7900
2.8600
2.8200
2.6200
2.6800
2.9800
3.1100
3.2300
3.1900
3.1100
3.2200
3.1700
3.0800
3.2100
3.1900
3.2700
3.2700
3.1900
3.0600
2.9700
2.8200
2.7300
2.7700
2.7500
2.6100
2.5300
2.5000
2.5000
2.4800
2.4700
2.4200
2.3900
2.4300
2.3900
2.3600
2.4500
2.4900
2.5000
2.4500
2.4100
2.3600
2.3000
2.3800
2.3900
2.5200
2.5100
2.4700
2.3900
2.5500
2.3900
2.2200
2.2900
2.2000
2.1800
2.2800
2.3200
2.2600
2.4200
2.4400
2.6000
2.5700
2.6300
2.8000
2.9800
2.9500
2.9300
2.9300
3.0100
2.9800
2.9700
3.0300
3.1400
3.2200
3.1900
3.1400
3.2200
3.2500
3.2700
3.3300
3.3800
3.2400
3.2100
3.1700
3.0800
3.1700
3.2100
3.4400
3.6900
3.7000
3.8200
3.8200
3.9700
4.0500
3.9300
3.7000
3.8300
3.8300
3.8000
3.8100