48.5100
48.9700
50.3200
49.4800
50.4900
51.8300
51.8300
52.0100
50.9000
49.8900
53.8600
55.4300
54.1900
53.9600
54.3600
54.8900
54.4200
54.6000
53.7500
54.3200
61.6400
64.3600
68.6600
70.7400
70.7000
70.2000
69.5300
70.0400
71.9400
72.0700
69.3500
70.6600
71.0300
70.6100
70.0800
70.9000
71.3000
76.1000
76.1500
75.5700
74.4800
74.1400
73.8500
72.8000
73.5700
73.4400
75.3000
75.1300
78.0600
78.5000
78.8200
76.8400
77.7600
77.4200
77.5200
76.5400
76.7800
78.0200
76.6200
75.8300
76.1300
76.8600
75.7700
74.5000
74.2300
75.2300
74.2900
70.4600
71.9400
71.9700
71.1000
71.0300
68.0000
66.2100
64.4900
64.1700
65.7300
66.3300
68.8900
65.9600
64.5200
64.0200
64.7900
64.8800
62.8000
61.7700
61.9800
61.6200
61.1100
61.1300
62.4100
61.0200
60.9600
61.5800
58.4600
57.7100
58.5600
58.5800
58.9600
58.5300
60.5600
62.8300
63.1300
61.8800
57.8100
57.2700
58.8600
60.7900
60.0100
60.8300
58.8300
59.6000
58.2400
58.0400
59.1100
60.2300
62.1400
61.8000
58.1600
56.7300
54.8600
55.4400
56.8500
57.4400
61.1600
61.5300
62.9400
63.2600
62.8200
61.9000
60.6600
61.9000
61.7000
62.8200
61.9800
63.4400
65.0400
68.4600
67.6100
67.3100
62.2500
64.6100
66.9000
68.6100
68.2300
67.5600
67.4000
66.8500
69.5400
70.0200
70.8600
71.6700
71.2200
71.8400
71.7300
71.5200
71.7700
73.8200
75.2700
73.6500
73.4300
74.6300
74.0100
74.3500
74.0400
73.9800
74.6800
74.3100
75.4600
76.0400
75.2500
77.7600
78.0200
78.5100
79.6500
80.4900
80.9300
83.3400
83.3300
82.8800
85.0100
84.5000
85.2200
85.6800
83.3400
81.8400
83.4800
82.9100
82.5700
83.8400
84.9200
85.0000
85.5700
86.5500
84.2100
84.1000
84.8200
83.5800
84.1000
84.8500
87.1100
87.1900
87.0500
86.3100
93.8100
95.2400
94.8800
95.2900
97.6800
100.5600
98.1500
98.1600
98.1500
97.8000
97.3500
96.6100
96.4800
96.9500
95.1400
93.9600
96.1600
98.1200
100.9100
101.0300
102.7300
100.9900
100.1900
102.5900
102.5200
101.8400
100.9600
100.4200
98.6200
97.6000
98.0100
99.6600
99.3600
101.3000
101.1200
100.1000
101.3500
102.7200
102.1500
102.3300
101.3800
100.6000
99.7400
101.1600
99.0200
101.7500
107.1700
106.9000
105.9900
104.3700
105.0100
105.8100
105.7800
105.0500
105.4300
104.4300
102.8000
107.4000
102.3100