11.8000
11.6600
11.6100
11.7000
11.6200
11.7600
11.9200
11.9700
12.0800
12.1700
12.3500
12.2400
12.3300
12.2300
12.1200
12.2200
12.0800
12.0000
12.0100
12.0700
12.2300
12.2900
12.3000
12.2800
12.4400
12.4000
12.4700
12.3700
12.4100
12.4600
12.4100
12.4800
12.4800
12.4700
12.1200
12.0700
12.1600
12.1300
12.1600
12.0800
12.0800
12.0900
12.0900
12.0300
12.0700
12.0000
12.1700
12.1400
12.1100
12.0400
12.1400
12.0900
12.1000
12.0300
12.0300
11.9700
11.9100
11.9300
12.0600
11.5700
11.6500
11.7100
11.7100
11.5700
11.5500
11.5000
11.3900
11.2100
11.3400
11.3800
11.2000
11.2300
11.3800
11.3400
11.2800
11.2800
11.1900
11.1700
11.2300
11.3100
11.2600
11.2400
11.3200
11.2500
11.3600
11.3300
11.4000
11.3100
11.2600
10.0900
9.9400
9.6800
9.4100
9.5400
9.3900
9.3900
9.5500
9.5400
9.4800
9.4400
9.4900
9.4000
9.3200
9.3600
9.1900
9.1200
9.1000
9.2200
9.3100
9.3600
9.4700
9.4900
9.4800
9.4700
9.4700
9.7600
9.9700
9.8700
9.6800
9.6800
9.6100
9.7700
9.3300
9.3100
9.6600
9.8200
9.7800
9.8300
9.7600
9.8100
9.7800
9.7900
9.7300
9.7700
9.8500
10.0100
9.9600
9.9400
9.8500
9.7800
9.5500
9.3100
9.5300
9.7300
9.8000
9.9600
10.1100
9.9700
10.0400
10.0500
10.2600
10.0500
9.3000
9.4100
9.4200
9.5100
9.5900
9.6100
9.5500
9.4100
9.5600
9.5900
9.5400
9.7300
9.6500
9.7300
9.9600
9.8500
9.8700
9.9800
9.9700
10.1400
10.2100
10.2500
10.5200
10.7100
10.7000
10.7800
10.8400
10.7200
10.8600
10.8900
10.9300
10.9600
10.8200
10.4200
10.3000
10.0900
9.9700
9.8700
10.0300
10.0500
10.1700
10.1300
9.9400
10.0900
10.0500
9.9700
9.9700
9.9900
10.1700
10.1100
9.9100
9.7800
9.6600
9.6500
9.6300
9.6600
9.5200
9.6000
9.5300
9.5000
9.4400
9.4200
8.5100
8.5000
8.4400
8.2300
8.1800
8.2200
8.2700
8.3600
8.2900
8.2500
8.3200
8.2700
8.3100
8.4500
8.4500
8.3800
8.3800
8.5000
8.5400
8.4700
8.3600
8.3800
8.4200
8.5300
8.6600
8.7700
8.8200
8.9500
8.9000
8.9100
8.7300
8.6800
8.6500
8.4100
8.3000
8.2800
8.8000
8.8800
9.3200
9.6700
9.6100
9.8000
9.9200
9.9600
10.0000
9.7200
9.6100
9.5800
9.6300