67.6100
67.9800
68.5100
70.7300
71.1800
72.2100
72.5700
71.8100
71.9100
72.7400
72.1700
71.9300
71.7800
71.1800
69.4000
66.1000
64.3000
65.4200
64.4300
64.3200
66.1300
65.1600
65.0700
64.3700
65.0000
64.8300
64.6500
64.1700
64.6600
65.6900
65.1500
66.2300
66.0500
66.3900
66.1000
66.2200
66.1100
65.7900
65.5400
65.6300
66.2300
65.7800
65.1900
64.3400
63.8400
64.4100
64.8800
64.0100
65.0500
67.2200
66.9400
67.3300
67.6700
66.8600
66.3500
66.3900
66.6800
68.6300
68.3800
70.0000
71.6200
73.8000
72.9500
72.6400
72.1200
72.3800
70.5300
69.2700
69.5400
70.0000
69.2500
68.7300
69.9600
69.1700
70.6200
70.6800
70.5900
70.7600
70.4000
69.3500
68.6300
67.8200
68.4100
68.7900
67.3000
66.2600
66.6000
66.8800
65.7700
65.9400
66.1100
66.0800
65.6200
65.2600
66.4500
65.0800
66.9000
67.1100
66.7300
67.8200
67.9000
68.8400
68.0400
67.3900
66.3600
65.4500
66.1700
67.2700
67.2700
69.0700
69.0100
69.4700
68.7400
69.8000
70.7700
71.3400
71.8800
70.8600
69.4600
69.7600
68.9500
69.1000
69.4900
65.9000
63.7900
62.2600
61.2800
61.2500
59.9100
61.9500
61.1400
61.7800
61.0700
62.3600
61.9700
62.9400
63.2000
62.7000
61.9400
61.8100
61.4200
54.0100
53.3900
55.1200
55.2200
53.2900
54.0700
52.9300
55.0400
54.6400
56.2600
57.4400
56.7900
57.9100
56.8900
56.9000
57.8000
57.8400
57.2600
57.3800
57.2700
58.5700
57.7300
57.6600
58.1600
57.3900
61.8000
60.4600
59.8700
59.3900
59.1500
59.7200
60.2900
59.4500
58.6500
58.2100
58.1900
58.3500
58.8100
58.9100
59.0300
58.9600
59.2600
58.4900
58.4800
57.6400
58.0700
58.0100
57.9800
60.4600
60.1100
62.1600
61.2200
61.7500
62.0200
61.5400
62.7900
61.8300
62.3800
62.0200
61.7400
62.9300
61.8200
63.0300
61.8700
61.5800
62.2300
61.2900
61.3000
61.7300
61.1400
60.8500
61.2000
57.8500
56.0100
56.1600
55.8500
55.5000
54.3300
54.6400
55.1500
55.9400
55.6200
55.5700
56.0600
55.3700
54.9700
54.7700
55.6400
55.9000
56.0800
55.6800
56.1000
56.6200
57.7800
58.2100
58.8900
59.2400
59.0200
58.4900
60.0300
60.5700
59.9700
61.5100
61.3100
61.0700
61.1500
60.4800
59.8900
60.9200
60.9200
58.9300
59.2900
59.7400
60.0700
62.0500
62.2400
61.7500
62.4400
63.0100
61.8500
62.4200
62.7500