32.8400
32.3500
32.6100
32.9900
32.9400
33.4200
33.3300
33.8300
33.4000
33.5000
33.6800
33.8500
33.9500
34.3100
34.3300
34.6100
34.7300
34.8100
34.7600
34.7600
34.9900
34.9900
35.3700
35.3700
35.3300
35.3100
35.1800
35.2100
35.5900
35.4400
35.0200
34.4200
34.6100
35.1000
35.0300
35.4700
35.6400
35.3800
35.2000
34.9800
35.1500
34.8900
35.1000
34.7200
34.4500
34.8200
34.9000
34.9000
35.0200
34.8200
34.6500
34.8400
34.7900
34.8100
35.0600
34.9400
34.9500
35.4100
35.3200
34.9900
34.9100
34.9600
35.1900
34.9400
35.0600
35.1100
34.9500
34.4900
34.8900
35.3900
35.1400
35.3500
35.6800
35.8900
35.7400
35.9600
35.8700
35.9800
36.0800
35.2900
34.2500
34.2000
34.5400
34.4600
34.2700
33.9700
34.0100
33.9800
33.7900
33.8300
33.4800
32.6200
32.6600
32.6900
32.3800
32.3000
32.6500
32.8500
33.1500
33.0900
32.9600
32.9500
32.6300
32.4400
32.1600
32.1500
32.2000
32.3000
32.4000
32.4800
32.2200
32.3900
32.4000
32.3600
32.5000
32.5000
32.6900
32.7000
32.4200
32.3700
32.1600
32.1700
32.4100
32.5500
33.4000
33.2700
33.4500
33.2700
33.0000
33.0400
33.0700
31.5900
31.8900
32.3700
32.4700
32.7900
33.2200
33.3300
32.9500
32.9200
32.5300
32.4400
33.1000
34.1500
34.5800
34.4000
34.2200
34.2600
34.7700
34.9000
34.9600
34.8900
34.9000
35.0500
35.0100
35.2100
35.3300
35.6800
35.6600
34.6000
34.4800
34.4000
34.3400
34.2800
34.0900
34.2300
34.6500
34.5300
34.5800
34.7600
34.0000
34.4400
34.5000
34.2700
34.1500
33.9900
34.0700
33.9600
33.9400
33.9400
32.6900
32.5500
32.4800
32.3500
32.0800
31.8600
32.0200
32.0800
31.6300
31.6700
31.6800
32.0100
32.0500
32.0900
31.8900
32.0000
32.1100
32.0900
32.3200
32.4700
32.7500
32.9800
32.5300
32.5800
32.3000
32.1600
32.6900
32.5400
32.7400
33.0000
32.1700
32.2800
32.2300
31.9200
31.6500
31.8200
31.8100
31.5500
31.0800
30.9600
31.4300
31.6200
31.8200
32.1100
32.3600
32.0400
31.9100
32.3700
32.5600
32.5700
32.5200
32.6300
33.5200
33.6800
34.1200
34.3300
34.0000
33.5000
33.6400
33.5700
33.7400
33.9100
33.8000
34.0100
33.8500
33.8400
33.7300
33.7100
33.4600
33.7400
33.9700
34.0900
34.0800
33.9700
34.0400
34.5700
34.8600
34.8100
34.8600
34.9100
34.9700
35.2700
35.2500