26.8200
26.9800
27.5500
27.3900
27.7800
28.3300
27.8400
28.1400
28.2200
28.4300
29.0500
28.7400
28.8400
29.0300
29.0600
29.4100
28.8700
28.5500
28.7100
28.8200
29.1900
28.8400
29.7000
29.4100
29.2000
29.2100
29.1900
29.0600
29.5200
29.1800
28.9700
28.8700
29.1100
29.4600
29.3000
29.0600
29.3100
29.1100
29.0000
29.8800
30.2600
30.2600
30.3500
29.7200
29.6500
29.7800
29.8600
29.6700
30.2300
30.0400
30.0200
30.4600
30.4200
31.3000
31.0100
30.2100
30.1800
30.6100
30.9900
30.6800
30.5900
30.8100
31.0600
31.4400
31.4000
31.4600
31.0000
30.5600
31.0200
31.8200
32.1000
31.3400
31.7500
32.2800
32.1800
32.3000
32.3100
32.3100
32.9600
33.8900
33.6300
34.0300
34.3800
33.7500
32.9600
32.7000
33.1600
32.5800
32.2300
32.5300
32.5400
31.6700
31.2400
30.5200
29.7900
29.6700
31.0100
31.2900
31.3900
31.0500
30.7700
31.3900
30.6800
30.5300
29.0100
28.6700
29.3000
29.5500
29.8500
29.3700
29.2700
29.5400
29.4600
29.4500
30.0700
29.4900
30.0400
29.5300
28.4200
28.4300
27.3600
27.7600
28.2100
28.0400
28.8200
29.0400
29.2800
29.1000
28.9400
29.1500
28.7800
28.9000
28.9400
29.8900
29.9900
30.6700
30.8600
31.0500
31.3100
31.4700
30.9700
30.6100
31.1300
31.6000
31.7600
31.7900
31.8500
30.9300
31.5200
31.7400
31.9700
31.6300
31.6100
31.8500
31.7800
32.1500
32.3700
32.6600
32.3100
32.1700
32.2800
32.2600
31.8800
32.1100
32.4600
32.5600
32.4400
32.0400
32.2700
32.3700
32.1300
33.1800
33.8900
33.6200
33.7400
33.9700
34.6900
35.1000
34.5400
34.0800
33.9600
34.3600
34.3200
34.4900
34.7400
33.9800
34.9800
34.9700
35.6000
35.5500
36.4800
36.1900
35.9500
36.0400
35.9500
35.5500
35.6400
35.1400
35.8500
36.7700
36.1500
35.5100
34.9700
34.9700
34.4400
34.6600
34.7100
34.8200
34.9900
33.6900
33.0700
33.2100
33.4600
32.8500
32.2000
32.0700
31.6500
31.8700
31.1900
30.9700
31.6800
32.6700
32.8000
33.0300
33.4400
32.7900
32.6900
33.0000
32.5800
32.8400
32.5900
32.2400
32.2800
31.5600
31.2200
31.2200
31.3800
31.1300
31.0200
31.4900
31.8900
32.3800
32.5300
32.8500
32.8000
32.5300
32.2900
32.0200
31.7900
32.7400
34.0300
33.7700
34.1400
33.9900
33.5700
33.7700
33.8100
33.4900
33.4700
33.3000
33.4400
33.8000
34.7400