60.3300
59.7100
59.4200
59.0000
59.1800
59.0400
59.4000
59.5000
59.5400
59.8500
60.0100
60.6100
61.0100
60.9100
61.3900
61.4700
60.9700
60.7100
61.3000
61.3600
62.1800
61.9400
62.0300
61.8800
61.6900
61.6200
61.9600
61.9000
61.7900
62.2200
61.7600
62.0400
62.4800
60.0700
58.6000
58.5400
58.7900
58.4600
58.9300
59.0800
58.8200
59.0100
59.4000
58.9700
59.8600
59.7700
60.0800
60.6800
61.0000
61.0800
61.2300
60.8400
60.7400
60.6000
60.5600
60.6500
60.7500
61.2000
61.0900
61.1900
60.8200
61.2000
61.3600
60.6500
60.2600
60.6700
60.1300
59.9300
59.8000
60.1400
59.7700
60.5800
61.8700
62.0600
61.7500
62.4500
59.5400
57.7700
57.3600
58.9500
59.0300
58.9100
59.0700
59.0100
58.9900
58.7000
59.1900
59.0500
59.0300
59.1900
59.4200
59.0700
59.3500
59.1900
61.6800
62.4300
63.0400
63.7300
64.5800
65.0700
65.3100
65.6800
65.4400
65.8200
65.5500
65.9900
65.5000
65.9300
65.8700
68.2200
67.5300
67.7200
67.0700
67.6300
67.7500
68.1200
67.8100
68.5200
67.7000
67.3000
68.1800
68.5800
68.5900
68.3000
69.7200
69.3500
70.7500
71.0800
71.3600
71.7600
72.1100
72.2600
72.3100
73.1800
72.9800
73.1000
72.8500
71.5300
72.2500
71.8500
72.1400
72.0800
73.6700
74.5200
74.9800
74.4300
73.6200
74.0500
74.5500
74.2800
73.9900
74.3100
73.8500
73.6800
73.4000
74.0100
74.4500
72.1500
71.9900
72.3000
71.4300
71.7700
71.5600
72.1100
72.5000
72.4100
72.7700
72.2500
72.6000
73.5100
73.5500
74.8100
73.8200
73.5100
74.0600
74.0700
75.1400
74.5000
73.9900
73.9500
74.3700
74.7500
74.4500
74.7400
74.2600
74.1900
73.9800
73.8000
74.0500
73.7500
74.2000
74.7200
75.1300
75.2500
74.1400
75.4200
75.0100
75.8100
77.1500
76.9100
77.0300
76.5600
75.6200
75.6500
74.7600
74.8200
75.3200
75.1100
75.0200
73.4500
72.7700
73.1400
73.7600
73.1100
72.4800
72.3100
72.4800
71.8100
71.3100
68.7200
68.0300
69.0200
69.0000
68.8900
70.2000
69.9100
69.5000
70.5600
70.8300
72.0200
71.3400
72.1200
71.6500
71.5900
72.2900
72.1500
70.8900
68.9400
69.0400
68.7500
69.2000
69.5000
68.5200
69.0000
68.6500
68.5700
67.9900
68.1900
67.6100
68.2300
69.2400
68.8000
69.0600
68.4000
68.5900
68.5700
68.3600
68.6300
68.3000
68.9800
69.2100
68.8500
69.2000