60.6300
60.3100
61.9900
63.2100
63.3900
64.5800
62.6300
62.0500
62.2100
57.9800
57.9400
60.2600
58.1400
57.2100
55.8900
57.6100
58.6500
59.7400
59.9000
58.6300
59.0700
58.9600
58.0100
57.7500
57.7000
57.9000
58.2500
57.9900
57.7100
60.0700
59.6900
60.3100
60.1800
58.8800
58.3800
58.3700
58.1700
57.9400
58.6400
58.3200
59.8500
59.6800
59.3700
58.0700
58.1800
58.4600
59.6100
59.6500
60.1700
59.2100
58.8400
58.8100
58.7900
58.5300
63.6900
66.1000
65.2300
65.8600
66.6400
66.0000
67.0300
67.0600
67.3200
66.9600
67.1500
67.5600
66.5900
65.8500
66.9800
67.0300
67.2600
66.7900
67.5500
67.7100
68.1100
69.3600
69.4600
68.6000
69.6900
74.4100
76.1600
75.3600
74.5900
74.7300
74.2600
73.6500
74.7300
73.7900
72.4400
72.8800
72.7300
71.7900
71.3900
71.9600
70.8700
69.9100
70.4600
71.0000
70.7100
72.7600
72.6700
73.7000
72.4600
71.2900
69.7500
69.0300
69.3500
70.0000
69.1000
70.8900
69.8700
69.3500
67.9200
68.0900
69.0200
69.2200
70.4100
70.0100
69.5400
71.0200
71.7200
71.1200
71.3200
72.2000
73.9900
74.8300
75.3900
75.5700
75.0100
75.4900
74.8200
74.7000
75.1700
76.7600
77.1400
77.2800
77.4600
76.9700
75.8100
75.4800
74.6900
76.7900
77.7800
79.7700
78.7800
77.8300
78.7500
78.3600
79.3600
79.2100
79.5500
78.9400
79.3100
79.8600
79.8900
80.1800
79.8300
79.7100
79.9000
78.7400
78.4100
78.9800
78.6300
83.3200
82.6500
82.9300
82.1200
81.5200
81.3500
83.0600
83.0700
82.9900
83.5900
83.5900
82.8100
82.0000
82.9000
81.8600
81.3900
82.9300
83.7300
84.2200
83.9000
83.3400
83.1600
82.8300
83.7100
85.1600
85.1400
85.4300
86.4300
87.1900
87.8600
87.8300
87.1800
87.3300
86.8900
86.6700
87.1200
89.2800
88.0300
87.8300
86.9100
87.4400
86.0100
85.9000
86.8900
86.6400
85.9500
87.7100
86.7300
86.5100
87.4400
86.9900
85.7200
85.1100
85.2500
84.4800
83.0100
82.7200
83.4000
84.9900
85.2000
85.2600
86.0800
86.4900
87.5300
87.1100
87.7700
88.0100
88.0200
88.3000
88.0700
87.9700
88.6200
88.3400
89.7800
88.9200
88.1600
87.7400
87.9900
89.8100
88.9000
90.2000
90.8500
90.3600
89.4900
89.2100
89.0400
86.0000
84.2100
85.9200
85.3000
85.6600
86.6800
87.4600
87.9900
83.7100
84.1000
85.2500
84.5400
84.5700
85.4800