380.0700
374.6400
370.9900
376.6700
375.7900
388.1300
389.2700
388.0000
387.0000
388.2500
387.5000
394.5500
394.3800
397.0800
392.3300
397.1800
394.4900
396.9000
389.4600
378.7100
387.7500
382.4000
384.8500
384.0000
383.3000
387.8100
388.3400
389.0200
388.2700
383.7500
384.4400
389.5000
395.3900
388.6600
385.0000
388.8100
397.5600
397.9900
391.1300
393.9000
398.5000
393.4200
390.4800
389.4400
390.3700
390.9600
386.5800
390.2500
399.6500
395.2700
399.9000
400.0000
396.0000
393.0500
387.9400
385.8000
385.2400
393.5100
389.0600
382.9500
369.7300
373.5700
374.1500
372.9100
372.7700
376.1700
374.3000
373.6900
379.2000
383.7300
387.4700
372.1900
379.3900
372.9600
380.1300
382.3900
373.5800
373.6500
378.2200
380.0300
383.9200
378.1700
377.1400
376.8700
376.1500
357.6200
348.5000
345.0000
338.9300
337.0000
336.2000
330.0200
334.7500
342.0000
334.0100
333.0000
327.7500
332.5000
335.1400
339.3500
344.5600
350.7600
349.0000
348.8200
349.5000
351.6300
351.2400
359.4100
360.7000
364.1200
363.5100
367.5200
364.9100
370.0100
374.3500
374.8000
376.9200
375.3900
366.3100
369.2300
362.9000
363.5500
365.3800
369.7800
373.8200
381.1100
380.1900
375.0000
368.5000
360.6900
364.0300
364.0000
353.0000
355.6500
356.5100
360.6400
363.8800
366.7800
361.5400
355.5100
343.8400
344.2500
338.5500
344.4600
340.4900
338.5000
336.5000
330.7500
330.2900
344.5800
344.3100
352.7500
348.2600
348.8800
347.1000
346.1200
346.6900
348.0700
349.0200
355.8600
355.0500
354.7200
350.1600
351.7700
349.2400
352.9800
349.9900
355.0000
352.5000
354.8600
348.6000
353.2900
348.4400
350.1900
349.6100
350.6800
354.1000
359.7600
362.9800
362.3300
363.1700
361.7600
369.2500
369.7200
360.3400
360.7800
358.5500
363.0300
364.3900
366.0000
361.4400
365.7900
366.0600
361.0000
359.6500
358.0500
358.6000
359.4900
359.4800
361.6900
352.9800
351.1500
345.7500
342.3200
337.4200
335.0000
331.9800
332.0000
333.5100
339.4500
356.5000
348.6100
345.4000
338.1600
339.4400
339.2300
337.9200
338.0000
335.0000
340.0000
342.7500
350.9100
343.9700
349.0400
352.5000
344.1100
346.8700
353.0500
356.4300
367.0600
363.4400
364.7700
364.3000
367.3000
372.1300
372.9400
376.6500
374.3200
369.9500
365.0300
368.6100
372.4700
367.3500
368.4800
361.5100
360.7600
360.0000
361.6000
361.8900
365.2100
370.0000
373.4000
375.7900
372.2200
371.4000
370.6500
372.4200
375.8500
375.3200
376.7800
379.7800
381.2100
380.1700