18.5500
18.3000
18.3900
18.3100
18.3700
18.6000
18.7900
18.9700
18.8300
18.5000
18.8100
19.1500
19.0500
18.9100
19.1600
19.5100
19.1400
19.1600
19.0700
19.1000
19.2000
19.1800
19.7300
19.4900
19.7000
17.7300
17.7400
17.5900
17.6400
17.6800
17.6300
17.8100
17.9700
17.7100
18.0100
17.8600
17.8800
17.9500
17.7800
17.4700
17.4400
17.2900
17.1400
17.0700
17.2500
17.3800
17.6700
17.7800
18.1100
18.0500
18.0000
18.0500
18.0000
17.8100
17.6100
17.7200
17.9300
18.2300
18.1200
17.8900
17.8700
17.6000
18.1300
18.0600
17.8100
17.9200
17.6500
17.3200
17.5700
17.8100
17.5600
17.7300
18.0300
17.7400
18.0500
18.0000
17.9500
18.0600
18.3800
18.2900
18.5700
18.3800
18.4300
18.0700
17.8800
17.7000
17.6000
17.5200
17.2100
17.2800
17.1200
17.3200
17.1700
17.0900
16.7900
16.5400
16.9300
16.9400
17.0400
17.0300
16.9000
17.0200
16.6300
16.4000
15.9700
15.9400
16.0500
16.3600
16.5600
16.2000
16.0300
16.2700
15.9200
16.0800
16.2400
16.3700
16.6000
16.9300
16.7000
16.7400
16.4000
16.2200
16.5000
16.4300
16.8400
16.9800
17.1300
16.9600
16.8300
16.9000
16.7100
16.8100
16.4700
16.6900
16.7500
16.8900
17.0300
16.9600
16.7600
16.9500
17.2700
17.0000
17.2700
17.6200
17.5600
17.4300
17.1100
16.9900
17.2600
17.3500
17.6000
17.6600
17.6300
17.6500
17.5200
17.6300
17.5900
17.7300
17.6900
17.8200
17.7500
17.4800
17.3600
17.4200
17.3800
17.3300
17.5300
17.4100
17.6100
17.6600
17.6800
18.0800
18.1500
18.2400
18.3300
18.4900
18.7300
19.1100
18.9600
18.9000
18.6900
18.6900
18.6700
18.6200
18.3500
18.2400
18.4200
18.2200
18.1400
18.2200
18.2600
18.4200
18.4600
18.3500
18.2800
17.9800
17.9300
17.8800
17.8300
18.1600
18.4000
18.3200
17.9300
18.1500
18.0200
17.9800
17.8100
17.9300
12.7300
12.2700
11.9500
12.2200
12.4100
12.5500
12.3900
12.3500
12.3400
12.6000
12.6700
12.6900
12.7100
12.7400
12.4900
12.5600
12.8000
12.7500
12.5900
12.7000
12.6700
12.6100
12.6200
12.8100
12.8800
12.9300
13.0000
12.9700
13.2200
13.2300
13.2500
13.1100
13.2300
13.4100
13.7000
13.7500
13.5900
13.4400
13.4200
13.7000
13.3800
13.6100
13.7600
13.5300
14.0200
13.6700
13.6700
13.3600
13.8500
13.8000
13.8000
13.6900
13.5300
13.4300
13.4100