19.1000
18.8900
18.7800
19.0200
18.7900
19.2100
19.7200
19.8600
20.2200
20.2700
20.5600
21.0100
20.6500
20.2300
19.9400
20.2800
20.6200
20.4700
20.3000
20.0200
20.0800
20.1400
21.3000
20.7000
20.3800
20.5600
20.3600
20.0200
20.5500
19.9800
19.8600
20.5700
20.6500
20.7400
20.7100
20.8900
21.0600
21.3300
21.0000
20.8900
21.2900
21.1600
21.2200
20.5700
20.7400
21.0100
21.4800
21.4000
22.0700
21.8600
22.1700
22.0100
22.2800
22.2800
22.1600
21.8100
21.8700
21.9100
22.0500
22.0200
21.8900
21.9200
22.1600
21.8500
21.6000
21.5100
21.0400
20.3700
20.5200
21.0700
20.7400
20.7000
21.1200
20.7700
20.7500
20.9800
20.0200
20.5200
20.7400
20.8800
20.8500
20.3600
20.4000
20.6300
20.3800
19.9800
20.2200
19.8700
20.0700
20.0100
20.0700
19.4300
19.3600
19.1400
18.6900
18.7600
19.2600
19.4700
19.7300
19.9100
19.7700
20.3100
19.7600
19.9100
19.1100
19.1300
19.3700
20.1100
20.2000
20.4500
20.1800
20.7200
20.3600
20.5800
20.7900
20.9500
21.3100
21.2400
20.7500
20.6900
20.2200
20.4300
21.2100
21.6600
22.3600
22.3400
22.6700
22.3300
22.2900
22.4600
22.1600
22.7100
22.7800
23.3700
23.6500
23.4800
23.3200
23.0700
23.0600
23.0500
22.8100
22.7800
22.9100
23.5900
23.5000
23.3500
23.1600
23.1300
23.6500
23.4700
23.7900
23.5200
23.4500
23.5400
23.7300
23.7000
23.8600
24.4500
24.2400
24.0300
24.2400
24.5200
24.6200
24.3700
24.6000
24.6200
24.8800
24.8700
24.9100
25.0500
25.0600
25.5000
25.4500
25.4700
25.8400
26.3100
26.9200
27.1500
26.8400
26.3900
26.2500
26.2600
26.5300
26.7500
26.4800
26.1300
26.6900
26.1400
26.1000
26.2000
26.6100
26.4600
26.6400
26.4800
26.3100
26.2100
26.2800
26.2600
27.3000
27.2400
28.0000
28.4600
28.0100
28.2300
27.8700
27.5600
27.3000
27.3700
27.6900
27.8500
27.7300
27.6400
27.4000
27.2900
26.4700
26.3100
26.4300
26.3000
25.3300
24.9900
25.3800
25.9800
26.2600
26.2900
26.7200
26.5600
26.5600
26.7300
26.7800
27.5600
27.5000
27.1600
26.5800
27.0300
27.2100
27.4500
27.5900
27.7300
27.2500
27.3300
27.8100
28.2900
27.8500
28.5200
28.1400
28.3900
28.0400
28.0000
27.5800
27.8200
29.1500
29.1500
29.3900
29.4800
29.6800
30.3600
30.5400
30.8000
30.8000
30.5800
30.4300
30.7900
30.6300