37.4200
36.8700
37.3400
37.6400
38.1700
38.5200
38.9600
39.5000
39.0800
39.0100
39.4300
39.8800
39.9000
39.8900
40.3700
40.5900
40.2400
39.9200
39.9700
39.7600
40.5600
40.3700
41.4800
41.2000
40.9300
43.4200
44.2700
44.1500
44.2700
43.6800
42.9900
43.4800
43.9900
43.9700
43.6900
43.6800
44.0200
43.7200
44.3000
43.9900
44.5700
44.1900
44.4100
43.1800
43.5700
43.7500
44.1500
44.8500
46.1600
45.8700
45.5400
45.2400
45.3900
45.0300
45.0900
44.6800
44.6400
45.3500
45.5600
45.5100
45.1200
46.5100
47.0900
46.9600
46.3800
46.9600
46.0900
44.8100
45.7500
46.5000
46.6300
46.7800
47.4200
47.6000
47.9500
47.5100
47.1500
47.1100
48.9700
50.2000
50.6100
50.3400
51.0200
51.3400
51.5700
51.1500
51.4100
50.8900
50.7600
51.3300
51.6400
50.8800
50.7900
49.7800
47.4300
46.7800
48.5700
48.9600
49.4700
49.7100
49.4300
50.8000
50.0300
49.8000
47.3500
47.5900
48.3300
50.2000
50.2600
50.7300
49.7000
50.8500
50.3300
51.2400
51.3300
51.6800
52.4200
52.2400
51.4500
51.2600
50.7600
51.1000
51.4400
50.8600
52.7400
52.8900
53.0000
53.0700
52.7500
52.6200
52.1400
51.7900
49.9000
50.2200
49.9000
50.6500
50.8400
51.3500
50.7600
49.3400
48.4500
49.8400
50.7100
52.2800
52.8400
52.0500
51.4700
51.1000
52.4800
52.4800
52.8600
51.8500
51.2900
51.3000
50.9100
50.6300
50.8600
52.3700
52.5200
51.5500
51.2600
51.0200
50.6500
51.4300
51.6900
51.7300
52.1800
51.6600
52.1400
51.4500
51.0000
53.6500
54.3200
53.6900
53.8900
53.5400
53.9700
53.7500
53.5600
53.3900
53.5200
53.3600
53.0000
53.1300
52.5400
52.4900
53.0200
52.4800
52.8700
53.2100
53.6100
54.4100
54.6000
54.2600
53.7100
53.3500
52.8700
53.2700
54.1900
54.7600
55.0400
54.8700
54.1200
54.4300
53.3000
52.2900
51.5500
50.6600
50.4000
51.3000
50.5100
51.4400
52.1700
51.3100
50.9400
51.3700
51.1400
51.0500
49.9200
48.9800
48.8900
49.1200
49.7000
49.6200
50.1600
49.2600
48.9600
48.8300
48.8300
49.0900
49.9900
49.7400
49.6800
49.5900
49.6400
50.4600
50.0700
50.1200
50.3000
50.2600
52.1200
52.8100
52.4400
53.4000
53.3800
53.1600
52.7200
52.9600
52.1300
53.2100
55.1400
55.4100
56.1400
56.0000
56.0400
56.4100
56.1800
56.0200
56.0000
56.1200
55.6700
56.4300
56.1000