113.9700
112.0100
110.8400
106.9400
106.6400
107.5300
111.8900
109.8000
107.8500
111.9000
116.8100
117.3500
115.4700
117.2700
118.4700
120.4200
119.1500
119.0700
115.4100
115.2300
117.7500
120.7800
114.9800
112.8300
112.6700
114.6400
113.5900
113.2000
110.5600
111.1600
111.4100
112.6700
112.6900
119.4000
117.7400
116.3400
118.1000
116.5200
115.0900
118.5400
122.0600
127.2700
122.7500
119.3800
122.2700
123.3900
120.7900
121.0700
125.3300
126.0800
128.0000
126.9600
129.2900
128.0100
128.8700
126.8100
126.5700
130.0000
128.8100
126.2500
124.9300
124.8800
125.4800
125.6800
123.7600
125.9400
124.2200
122.1000
124.2800
126.2800
125.4800
123.3700
124.7700
130.2800
129.5500
128.9900
125.2500
124.7100
128.9000
134.1300
135.0400
133.4000
134.7100
133.6500
130.5500
127.4000
125.1900
119.2300
115.3700
113.2500
112.9000
108.0900
106.4500
105.0600
101.5400
101.9400
104.1700
103.1500
103.6600
103.2300
102.0400
104.6100
104.5500
103.0400
97.3800
98.1700
100.9900
103.9100
102.6400
104.2100
99.5300
101.4700
100.2000
100.4900
99.5300
100.3300
104.5200
104.8900
102.0500
103.3200
102.0600
102.0400
102.4000
102.0100
103.7200
102.1500
101.5500
101.8200
100.6900
100.0100
100.2300
100.6400
96.7500
96.2200
96.4400
97.3600
96.2900
99.6600
97.3100
95.0200
93.0000
92.7900
93.1000
94.6100
94.5500
93.7500
95.3000
93.5300
95.5600
97.8000
102.6400
102.7100
101.5300
101.8300
100.1300
99.5400
100.2100
104.2400
104.8000
105.6000
105.4100
105.8000
105.1500
105.3300
105.4700
105.2300
104.9200
102.8500
103.1700
100.7200
99.6100
101.5500
102.7400
103.0900
104.8000
107.4500
110.0200
113.0200
112.4700
112.7300
115.6900
114.9000
114.3700
114.0700
113.9300
113.7100
115.4300
115.4400
115.5800
114.6100
114.8700
114.0200
113.8100
112.6800
111.7800
111.0200
112.4600
113.8100
116.2500
117.8000
118.9500
118.3000
115.6200
115.4600
114.3800
112.2900
120.4300
118.9700
121.0600
122.9000
120.8000
111.5200
112.2100
111.0300
109.2500
108.3500
107.4200
106.9300
104.5600
104.5500
104.3300
105.7900
106.8700
108.0300
109.3300
107.5700
108.2600
111.6900
112.0300
112.4000
113.4000
110.1200
109.9400
111.4500
110.2600
110.0400
109.8000
113.4600
114.2200
113.7500
113.6900
113.9500
113.6400
114.2800
113.5100
112.5200
111.5500
111.0100
109.6700
112.4900
118.0700
119.3400
120.7800
121.1900
121.0900
121.5200
122.9000
122.9900
122.8000
123.8000
122.9600
123.4600
124.0600