28.1700
28.4400
27.7900
27.3000
26.7800
27.2900
28.5600
28.6700
27.4300
27.3300
28.1600
28.2800
27.8200
28.4400
28.9600
30.4000
29.3700
29.8800
28.7300
30.1900
31.1700
31.4400
32.2500
31.8700
31.7200
30.9400
31.0100
29.4000
29.1600
28.0000
27.6200
28.8100
28.4100
28.4900
27.6700
28.1300
28.1300
28.0900
27.9100
27.2200
27.5700
27.5100
26.2100
25.2500
25.4900
25.9300
26.8500
26.3900
28.3100
29.1000
29.6500
29.7500
31.6400
31.3700
31.2900
29.4700
29.7400
29.5400
29.3300
28.8100
29.4000
29.3700
30.2600
29.6800
28.7000
28.0300
27.4300
26.7200
27.3200
29.3700
28.2000
28.3300
29.2100
29.0200
28.5900
28.9900
28.2200
27.6500
28.2000
28.4000
28.2000
28.3300
28.9300
28.3800
27.7000
26.7400
26.6700
26.1600
26.3300
25.8500
25.8500
25.5300
23.9400
22.7600
22.4300
21.5600
22.2100
21.7800
22.0300
21.7200
21.8000
22.4600
21.4000
20.3000
19.3100
19.0900
19.2300
20.0300
19.8900
19.1300
17.8900
18.3900
18.0300
18.7200
19.0200
18.4100
20.1500
20.1000
18.8700
19.1500
18.7600
18.7300
19.7400
20.7900
20.6000
20.9300
21.6400
21.2600
20.9800
20.6600
20.2800
20.6300
20.1800
20.2400
19.7700
19.4400
19.4200
19.7300
18.8100
18.6000
18.2200
17.9300
18.2600
19.0800
18.9200
20.6500
21.6100
21.0600
21.7200
22.9400
23.1100
23.1900
23.4200
23.4100
22.8600
22.6400
22.3700
22.7300
22.5900
22.6700
22.8600
22.7700
21.1900
20.8100
20.6100
20.4300
19.8100
19.3200
19.4500
18.7800
18.5700
19.2100
20.8900
20.7000
21.6100
21.5600
22.3400
22.3500
21.3100
20.7700
20.8600
20.1300
19.9400
19.5900
19.0900
19.3300
19.3100
19.0700
19.3100
18.9900
18.8800
19.7200
19.8300
20.3700
21.1000
20.7800
21.5100
21.1900
21.4600
22.1300
22.8300
22.8600
22.1500
22.9100
21.9000
21.6700
21.4100
21.1500
20.3900
21.5500
20.8400
21.1300
22.2600
21.5600
21.1500
21.1000
21.5300
21.3100
20.3700
20.1400
20.0600
21.1500
21.0800
21.7000
21.6400
21.6100
21.2600
21.7400
21.7800
21.5600
21.3700
21.6600
22.0600
22.0000
21.7700
21.8500
22.4100
22.1600
22.3300
23.8500
24.0200
24.4300
24.4300
24.6200
23.9400
24.0600
24.2600
23.6400
23.0300
23.8500
25.8900
25.4200
25.7000
25.7100
25.0100
25.4600
25.7300
24.8800
24.3800
24.7400
24.5200
24.7000
24.7700