27.3400
27.1600
27.2800
27.2000
27.2200
27.4400
27.0900
26.6900
26.7500
26.7000
26.8200
26.5900
26.6000
26.6000
26.5200
27.0800
27.4100
26.9800
26.5500
26.6000
26.6000
26.3500
26.5200
26.4100
26.5600
26.5800
26.5700
26.5000
26.4400
26.4000
26.2200
26.3500
26.3600
26.4300
26.4800
26.4800
26.4800
26.5300
26.4100
26.4900
26.3900
26.3200
26.4400
26.2500
26.3500
26.5100
26.6900
27.0400
27.1300
26.6200
26.3900
26.4000
26.2300
26.3100
26.2700
26.2600
26.1800
26.3700
26.4700
26.2900
26.3800
26.4700
26.5800
26.7600
26.6300
26.4800
26.3900
26.0600
26.0000
26.1500
26.0200
26.3900
26.5100
26.3700
26.3100
26.7600
26.5000
26.7100
26.9300
26.9500
27.0700
27.0600
27.0600
26.9100
26.9100
26.9800
26.9300
27.2900
27.1800
27.5000
27.5000
27.4900
27.1700
27.4500
27.2500
27.2600
27.3200
27.8000
27.7000
27.7800
27.8000
27.8700
27.6000
28.0200
27.9600
28.1200
28.2800
28.5400
28.4100
28.4300
28.5700
28.4300
28.4600
28.7500
28.8700
29.0200
28.6500
28.1500
27.8500
27.8700
27.8500
27.7800
28.0300
28.0600
28.4100
28.7300
28.7200
28.6400
28.5900
28.6500
28.6400
28.8000
28.7600
28.8900
28.8800
29.0400
29.1600
29.0300
29.2000
28.9200
28.7200
28.6800
29.1300
29.4500
29.5800
29.3000
29.2400
28.9500
29.3200
29.2800
28.9500
28.8700
28.7300
28.8600
28.7500
28.7700
28.6200
28.5700
28.4900
28.4800
28.2700
28.1800
27.6500
27.9300
27.9700
27.9500
27.9500
27.8400
27.8900
28.0800
28.0300
28.3400
28.1000
28.1100
28.0100
27.9300
28.3300
28.1400
27.8500
27.4500
27.4200
27.4300
27.3200
27.5900
27.6500
27.7500
27.4500
27.7100
27.4700
27.6500
27.8300
27.9700
27.9400
27.9500
27.8400
27.7100
27.7200
27.6200
27.7400
27.8300
28.2100
28.2700
28.0400
28.0000
27.8900
27.6500
28.0300
27.9900
28.2500
28.1300
27.9000
27.5000
27.4900
26.9600
26.7800
26.5000
26.1100
26.2500
26.3600
26.0300
26.2700
26.1400
26.1100
26.1300
26.0200
26.3100
26.4500
26.5300
26.7200
27.0500
26.9400
26.7400
27.2400
27.1600
27.1200
27.2300
27.2800
27.2100
27.1700
26.9400
27.3400
27.6200
27.3700
27.4500
27.2100
26.9100
26.5700
26.5600
26.2500
26.7100
27.3800
27.3000
27.4000
27.1100
27.1600
27.2000
27.2000
27.1700
27.0800
27.0500
26.9100
26.9700
27.0100