20.1800
19.7200
19.8000
19.9300
19.7900
20.2900
20.2400
20.5700
20.2600
20.1200
20.0600
19.9100
20.3900
20.5000
20.4200
20.7300
20.6600
20.3000
20.0300
20.2700
20.9100
21.1000
21.0200
20.9800
21.2300
20.9700
21.0100
19.2700
19.0600
19.3100
19.5100
19.9600
19.9400
20.2600
20.0500
20.2200
20.0800
20.3200
20.6100
20.8000
20.9700
21.0200
20.8600
20.2200
20.6000
21.0000
21.2200
21.2500
21.7600
21.7600
21.8800
21.8700
21.5700
21.5200
21.1800
20.8200
21.1300
21.6700
21.3100
21.4600
21.4000
21.6900
21.9100
21.5400
21.3400
21.6600
21.3100
20.9900
21.1800
21.4700
20.8100
21.2200
21.0800
20.8900
21.3700
21.3800
21.0300
21.2600
21.6400
22.0600
21.7200
21.5100
21.7900
21.6000
21.3400
21.1400
21.2200
21.3300
22.2500
22.0900
22.1200
21.7700
21.6300
21.2500
20.6100
20.3500
20.3300
20.3600
20.4400
20.4400
20.2500
20.5700
20.0400
20.4200
19.7000
19.6000
19.7600
20.4300
20.3600
20.3900
20.0500
20.2900
20.1200
20.2700
20.3500
20.0700
20.2800
20.4800
20.0300
20.1100
19.7100
19.8200
20.3000
20.4900
21.0400
21.0800
21.1700
20.9500
20.8300
20.5900
20.4900
20.5900
20.2900
20.4500
20.4400
20.7200
20.8800
20.8400
20.4100
20.4700
20.2800
20.5600
20.5600
20.8800
20.9800
20.6500
20.7000
20.6800
21.2000
21.2900
21.3700
22.7800
23.1000
22.9800
22.7300
23.0600
23.1500
23.4600
23.4500
23.4000
23.3700
23.2600
23.1000
23.2300
23.2000
23.0700
23.0500
22.9400
23.1200
23.2400
23.0200
23.4600
23.7600
23.7500
23.8200
23.8200
24.4500
24.6800
24.4800
24.2700
24.3100
24.2800
24.2000
24.1600
23.9300
23.9400
24.0700
24.0300
24.3000
24.5400
24.5500
24.7100
24.8600
24.9400
24.8500
25.0500
25.3200
24.9800
25.2800
25.2300
25.4600
25.7600
25.4300
25.5600
25.2300
25.1700
25.0800
24.7700
24.7400
24.6700
24.0100
24.2200
24.5400
23.9300
24.1200
24.0000
24.0000
23.7500
23.3200
23.5300
23.7100
24.1200
23.8900
24.1500
24.3600
24.1500
23.9000
24.2000
24.2000
24.3300
24.3100
24.3400
25.0400
25.0300
25.0900
25.3300
24.9900
24.9000
24.3600
24.2900
24.8400
25.0800
24.8000
24.8800
24.5600
24.8300
24.7700
24.7900
24.6900
25.0600
25.3300
25.3800
26.0100
25.9700
25.8500
26.4400
26.5600
26.6000
26.4400
26.8500
26.7700
26.9900
27.2200