32.4400
32.1000
32.3800
32.1700
32.8700
32.9300
32.8500
33.4600
32.9900
33.3500
35.3000
35.6400
35.7700
35.6800
36.0600
35.5200
35.8400
35.9900
35.8600
35.8500
36.2800
36.2000
36.9200
36.3100
36.4000
36.6000
36.8500
36.3300
36.2600
36.5300
36.4500
37.1500
37.2800
36.8900
36.8400
36.8900
37.2300
37.0000
37.4500
36.9300
36.6800
36.4800
35.7200
36.0700
36.1300
36.4100
36.4400
36.1800
36.9400
36.6500
36.8800
37.2700
37.1200
36.0300
36.4800
36.2300
36.0700
36.6100
36.4200
36.1700
36.2900
36.4800
36.7200
36.1400
35.3900
35.5200
35.1400
34.8500
35.4400
36.0100
35.2000
35.2700
35.5400
35.3700
35.0400
34.4000
33.9200
33.5300
34.3300
36.6500
36.5000
36.3800
35.5100
35.3300
34.7400
34.0600
33.9200
33.8100
33.8000
33.3300
33.2400
32.9600
32.7800
32.3000
31.8500
31.3100
32.0100
31.8200
32.0700
31.6100
31.9800
32.5500
32.2400
31.9700
31.0000
31.0400
31.9000
32.4800
32.1400
32.8400
32.1800
32.6500
32.3500
32.0800
32.5500
32.8100
33.0400
33.0800
31.9000
32.6600
31.5600
31.7700
32.2900
32.3700
33.5700
33.2000
33.5000
33.4500
32.4400
32.2700
31.9300
31.8700
31.2000
31.4500
31.3700
30.8900
32.0100
31.3000
31.1400
30.7300
30.6300
31.3300
32.2400
32.9000
32.6200
32.4000
32.8100
32.6200
33.3600
33.1500
33.7900
33.7200
33.7200
33.7100
33.6500
33.3600
33.5900
34.1100
33.9600
33.9800
34.2800
33.8400
33.5400
33.9000
33.6000
33.8500
33.7100
33.4700
33.9100
33.7900
33.3900
34.7100
34.8700
34.6300
34.8800
34.9500
34.8700
35.2300
35.1200
35.3100
35.0700
34.9500
34.9500
34.3600
33.8100
33.4700
33.7400
33.4100
33.5800
33.8400
33.7600
34.0300
34.0600
33.7200
33.2500
32.6500
32.7900
32.6800
33.1500
33.7400
33.9600
33.6700
33.0600
33.1300
33.0600
32.1700
32.5500
32.8300
32.7700
33.4700
33.1900
33.4400
34.0600
33.9300
33.6400
33.5900
33.5300
33.1800
33.6800
32.8900
32.5600
33.5000
33.6300
33.7000
34.1900
34.2800
34.0900
34.5300
34.2600
34.6500
34.3600
34.3400
34.4000
34.4700
34.8600
35.0800
35.6700
35.6900
35.3200
35.3700
35.4800
35.9700
36.0500
36.3000
36.1000
35.9600
35.8300
35.7800
35.3100
35.8600
37.0900
37.0200
36.5000
36.3500
35.6100
35.8900
36.0000
35.8000
35.8400
35.7200
36.2000
36.4400
37.1700