86.0000
86.0200
85.7600
85.1200
85.5000
85.7200
85.0800
84.7400
84.8800
85.6900
86.4500
87.0300
87.4900
87.4700
87.1800
87.2200
86.7700
85.8300
85.4900
83.7400
83.9700
83.5300
84.9200
85.7500
86.3400
85.3200
84.8800
83.8000
84.4200
84.6700
84.1200
85.4100
85.6200
86.5700
86.9200
87.0200
87.3400
87.2300
87.1400
86.5000
86.8300
86.3300
87.0100
85.8600
85.8300
84.8300
84.3000
85.5500
86.8600
86.0200
86.0900
86.4400
86.9900
86.6000
86.0100
85.3300
85.5500
87.0300
86.6200
85.8600
86.0800
86.7300
87.0700
85.8300
84.9800
84.8200
83.8800
82.1700
82.7000
83.6000
82.9500
84.0100
85.4500
85.7500
85.2800
85.3000
85.6900
86.3100
86.8500
86.0700
86.0800
86.3400
87.0400
86.2000
85.6500
84.5700
84.4800
84.0200
83.3100
82.8400
83.1000
82.1200
81.7900
82.1700
81.9100
81.4700
82.0400
81.9500
82.0400
82.6100
82.0800
81.9300
79.7900
78.6300
77.9200
77.8300
77.6000
80.1800
80.6900
80.8400
80.2700
81.2600
80.6300
82.1300
83.2200
83.1100
84.4800
84.9700
82.1100
82.1100
81.2400
82.4000
83.2000
83.1000
85.5700
85.3400
86.2800
85.5700
84.8000
83.6500
83.1100
84.3800
84.1200
85.4700
85.0500
85.7300
86.2100
86.2100
85.9500
85.2100
84.5800
85.2400
86.5200
87.4500
87.5600
86.8500
86.9100
85.8800
87.5500
87.4500
87.9200
88.2800
88.2000
88.4400
88.1400
88.2000
88.0000
88.6700
88.4000
87.9500
87.4600
87.7300
87.3100
88.0500
87.7400
88.1000
87.9000
87.2000
87.3000
87.1200
87.3300
88.9900
89.9200
89.4800
89.6200
89.5500
91.2300
92.3000
91.9100
91.6500
90.5700
91.5200
91.9200
91.8800
91.7400
91.2300
91.8000
91.4500
91.8000
91.7200
91.7000
92.2200
92.5500
92.6800
92.1300
91.0300
91.1700
91.0300
91.5100
92.3800
93.3900
93.4800
92.1500
92.1900
90.1800
89.8800
90.4300
90.6200
91.1700
91.6000
90.2700
90.6300
91.6100
88.1800
87.0700
87.2100
87.3200
86.4700
86.0700
86.1400
86.4500
87.6700
87.5000
88.0100
89.0900
88.6200
87.3500
88.1000
88.1200
88.1400
87.6100
87.1900
87.7300
88.0000
88.6000
88.4100
88.9900
89.4500
88.5800
88.0800
88.8700
89.5600
88.4400
88.8900
87.2300
86.9200
87.0700
86.8600
85.1000
86.5500
88.7100
88.5500
88.9600
87.9300
88.4800
88.1400
89.1000
89.6100
89.5800
89.5300
89.4700
90.2000
90.8000