8.2000
8.1500
8.1000
8.1000
8.0900
8.1100
8.1900
8.1300
8.0800
8.0800
8.4800
8.7100
8.7600
8.7300
8.6700
7.8100
7.8500
7.8800
7.7300
7.7500
7.7800
7.7900
7.9600
7.9400
7.9700
8.0100
8.0200
7.9200
8.0200
8.3700
8.3300
8.3800
8.3000
8.1700
8.1500
8.3400
8.3600
8.3700
8.3000
8.2300
8.4000
8.2700
8.3400
8.0600
8.0900
8.2500
8.2500
8.2800
8.4200
8.4600
8.4400
8.3200
8.3300
8.2500
8.2600
8.2100
8.2200
8.3800
8.3700
8.2500
8.1300
8.0800
8.1500
8.0600
7.9000
7.8700
7.8000
7.7300
7.8500
7.9600
7.8400
7.8900
8.0000
7.9600
7.9100
7.8700
7.8800
7.9200
7.9600
7.9100
7.8300
7.7800
7.9300
7.8300
7.7100
7.6200
7.7300
7.6800
7.6400
7.6400
7.6300
7.6900
7.4000
7.1900
7.2700
7.1500
7.2000
7.1900
7.1900
6.9400
7.0700
7.3100
7.2400
7.2200
7.1200
7.0900
7.1900
7.4400
7.5000
7.7100
7.5200
7.5700
7.6300
7.6200
7.7900
7.7100
7.8100
7.8100
7.6200
7.8100
7.5300
7.5900
7.6500
7.7300
7.8700
7.8700
7.9400
7.8400
7.7900
7.6700
7.5700
7.6200
7.4000
7.2700
7.2600
7.2400
7.1900
7.1900
6.7000
6.7300
6.4900
6.3800
6.6400
6.8400
6.9100
6.9300
6.7900
6.6500
6.9300
6.9800
7.1000
7.1300
7.1700
7.1800
7.1900
7.1800
7.2400
7.3400
7.4100
7.4200
7.4200
7.2900
7.3000
7.3800
7.3000
7.3800
7.3900
7.3300
7.3700
7.2600
7.4200
7.6800
7.6800
7.4600
7.4900
7.6600
7.7400
7.8600
7.7000
7.6000
7.7900
7.8000
7.8000
7.7200
7.3200
7.2500
7.3800
7.3400
7.3500
7.3500
7.1700
7.2800
7.2700
7.2500
7.1600
7.0700
7.2200
7.0800
7.1600
7.3900
7.3200
7.3600
6.9800
7.0300
6.6700
6.4800
6.5000
6.4900
6.4400
6.6500
6.4700
6.5900
6.6700
6.3600
6.3400
6.3400
6.3300
6.4200
6.2900
6.2800
6.2300
6.4200
6.4200
6.4600
6.6600
6.5800
6.5300
6.6700
6.7900
6.8100
6.7900
6.9800
6.9700
7.0200
7.0900
7.0300
7.1200
7.0800
7.0400
6.9700
6.9400
7.1200
7.0600
7.1300
7.0500
6.9800
6.9000
6.7900
6.6900
6.8200
7.1900
7.1900
7.1100
7.2300
7.2200
7.2200
7.2900
7.2600
7.4000
7.4200
7.5800
7.5800
7.6400