16.2900
15.7800
15.6400
15.5200
15.4600
15.5100
15.5300
15.6600
15.4800
15.4300
15.9200
16.1200
15.9600
15.6800
15.6900
15.5600
15.5300
15.7400
15.5500
15.4700
15.7300
15.7200
15.9200
15.8200
15.8300
15.7800
16.0000
16.1400
16.1200
15.3700
15.1200
15.3600
15.0100
14.7500
14.5000
14.7800
14.8900
14.8600
14.9000
14.8300
14.9300
14.7200
14.6200
14.4200
14.6200
14.6200
14.6300
14.4900
14.5500
14.6300
14.8900
15.1800
15.1500
15.4100
15.5100
15.4900
15.3900
15.5400
15.4300
15.3200
15.3000
15.2200
15.4600
15.1800
15.2700
15.0700
15.1000
14.9900
14.8800
15.0600
14.8700
14.7900
15.0100
15.4900
15.4000
15.6000
15.3300
15.4300
15.5000
15.5300
15.5700
15.5400
15.6300
15.6700
15.4000
15.1500
15.3500
15.3600
15.3000
15.4400
15.1900
15.5000
15.4000
15.2800
14.8700
15.4200
15.5800
15.2900
15.3800
15.3500
15.3600
15.4700
15.2500
15.2400
14.9200
15.0100
15.1000
15.3600
15.3600
15.6500
15.3000
15.4700
15.3400
15.3600
15.3600
15.4900
15.6500
15.7400
15.5200
15.6100
15.4400
15.3500
15.5200
15.4500
15.8300
15.8400
15.9800
15.8500
15.7800
15.7500
15.8200
15.8000
15.6900
15.7400
15.6500
15.6000
15.7000
15.7300
15.9200
15.7600
15.4300
15.5000
15.8000
16.1100
15.9800
15.8400
15.9900
15.7500
15.9700
16.0400
16.2200
16.1700
16.0100
15.1500
15.0200
14.7300
14.7600
14.9900
15.0300
14.9600
14.9700
14.9200
14.8700
14.9200
14.8500
14.7200
14.8400
14.6700
14.6500
14.8900
15.0900
15.1100
15.2200
15.1100
15.1600
15.4000
15.6000
15.7700
15.6800
15.9100
15.8600
15.7900
15.7400
16.0000
15.6800
15.6100
16.0400
15.9800
15.8300
15.9400
16.2100
16.2700
16.0900
16.0300
15.8500
15.8300
15.9200
15.8800
15.6800
15.9200
16.0900
16.0000
15.8400
15.7700
16.6700
16.5500
16.6100
16.7900
16.8400
16.9500
17.1100
17.3700
17.4600
17.3900
17.2400
17.2600
17.5100
17.8500
17.8300
17.8900
17.8600
18.3600
18.2400
18.4000
18.5700
18.7600
18.9300
18.9100
18.8700
18.7700
18.5500
18.9300
18.8900
19.2000
19.2000
19.4300
19.5200
19.3800
19.3500
19.6400
19.6900
19.6200
19.6000
19.6900
19.3500
19.6500
19.5700
19.6000
19.5000
19.9000
20.0800
19.7800
19.8600
19.4000
19.6600
19.3200
18.9900
19.2900
19.4300
19.5200
20.0700
20.1300
20.0200