58.5700
58.9700
59.4200
59.8500
59.6200
59.9900
60.9200
60.8600
61.2300
61.8900
62.6600
62.4700
62.4800
62.2700
62.2700
62.6500
62.4800
62.8500
63.6800
63.3300
64.1800
63.7800
63.8400
63.1900
64.8500
64.4400
64.9100
64.7400
64.5800
63.9800
63.7200
64.7300
65.2500
65.5000
65.9000
65.8300
65.5400
65.5600
65.9600
66.2400
66.2200
66.2400
66.3600
65.4800
66.5100
66.9900
67.4100
66.9300
68.6300
68.6400
68.6200
68.4000
69.0600
70.2100
69.9200
70.7200
70.6400
71.4400
70.6200
70.4000
70.2900
71.1800
70.0000
70.7100
70.0600
70.6800
70.0000
68.4800
70.1100
70.8700
72.8600
72.2500
73.1900
72.9400
71.4100
73.9300
73.7800
72.2400
72.7500
72.8900
73.3200
72.7300
73.5500
73.6900
72.0000
71.1500
72.3800
71.8100
70.4400
71.3600
71.7000
69.8100
69.7600
70.1400
68.0200
67.4300
69.1100
70.4800
70.6900
70.4900
70.4000
71.4900
70.3400
70.3600
64.7000
64.2300
64.4000
66.7400
66.7700
64.5900
63.4500
63.5000
62.8600
64.4200
64.9900
65.8000
67.2500
66.2300
65.0100
66.1100
65.3000
65.4600
64.6300
63.8900
64.4200
63.9500
63.1900
64.7500
64.9200
63.4700
63.0500
61.9500
63.1400
64.7200
64.0400
64.4100
65.5500
65.8600
64.9500
63.1200
62.7600
63.5100
65.1100
66.7300
66.4000
64.8400
64.5600
65.6600
67.5300
67.3200
67.1100
66.5800
66.6100
66.8300
66.9700
66.2500
65.9000
66.1300
66.1000
65.1800
65.6000
65.2900
64.6700
64.0300
63.9200
63.7800
63.9000
63.3600
63.7200
62.9800
63.3400
64.0800
65.7500
66.1300
66.8500
66.7900
67.2100
66.5600
66.5400
66.8100
67.8300
68.1900
68.5200
68.2400
66.7200
66.5400
67.6300
66.3400
67.4200
66.4500
66.4200
66.4700
66.0000
66.9400
66.0400
70.9900
69.9300
69.4500
70.8200
70.9500
71.3500
72.0900
70.0900
70.1900
70.0100
69.9300
70.1900
69.9000
70.1100
72.8200
72.1200
72.2900
73.1500
71.8800
71.1400
71.9700
72.7600
72.7000
71.3100
71.1100
71.8900
73.3200
72.3900
73.5300
74.0000
73.6300
73.8000
73.8900
74.4700
67.0800
66.7900
65.8900
65.9000
66.9200
66.3000
66.2500
67.5200
67.6400
67.8000
67.9000
69.0700
69.0500
67.1600
66.4900
63.8800
65.0100
65.0400
65.4600
64.7200
66.4000
67.1600
67.5800
68.3200
67.8900
65.0400
64.8200
66.2500
66.8700
66.1500
66.3700
65.9500
65.4000
65.1500