16.7700
17.1400
17.6200
17.6400
17.8800
18.1700
18.5000
18.6500
18.5000
18.4000
18.7900
18.7000
18.8500
18.5500
17.1500
17.5200
16.5800
16.8900
16.7100
16.8300
17.0200
17.3100
18.0300
18.0700
18.3500
18.5700
18.5100
18.3700
18.5500
18.4200
18.5100
19.1600
19.8600
19.5000
18.7900
18.9100
19.0000
19.0700
19.2200
19.0000
18.9900
18.8600
18.5500
17.9500
18.3300
18.6900
18.9900
18.7100
19.5300
21.5800
22.1300
22.2800
22.6400
22.2000
22.0700
21.4800
21.7300
21.9700
21.6600
21.8000
21.6500
21.4600
21.4300
21.5100
21.0800
21.0800
20.6000
20.2800
20.8400
21.1400
20.5300
20.8000
21.1700
21.1700
20.9300
20.5400
20.8100
20.0600
20.1900
20.4200
20.6500
20.3900
20.6600
20.4000
20.0400
19.7700
20.0900
20.0900
19.8000
19.8900
20.1200
19.4900
19.0800
18.8100
18.4300
18.2700
18.5900
18.7600
19.1200
18.8000
18.8700
19.1900
18.7400
19.0300
18.2200
17.6100
17.8100
18.3500
18.3100
18.4000
17.7200
18.0700
17.9100
18.3600
18.7000
18.8400
19.4700
19.6200
18.9800
19.1300
18.4500
18.7900
19.2000
18.9900
19.4200
19.6300
19.7000
19.4200
19.3900
19.1000
18.7800
18.9300
18.6400
19.0200
19.0500
19.4300
19.4500
19.2400
18.7300
18.5700
17.9600
17.8800
18.0800
18.4800
18.3000
18.2000
18.2800
18.0500
18.9300
18.8200
19.0500
19.0300
19.0400
18.8700
18.7300
18.8100
19.1600
19.2300
19.7000
19.5000
19.4800
19.3300
19.0100
19.1400
19.0600
19.2100
19.3000
19.2100
19.2500
19.3300
19.3600
19.7300
20.3000
20.0100
20.0300
20.4400
20.9400
21.3500
21.2000
21.0700
21.1500
20.8000
20.8700
21.0200
20.3300
20.3700
20.6300
20.6600
20.7900
20.8100
21.1700
21.7600
21.9800
21.8200
21.7600
21.8600
22.5200
21.9800
22.2000
21.9000
22.0600
21.4800
21.4500
21.4500
21.1500
21.3100
21.4400
21.2200
21.4800
21.7800
21.4200
21.4600
21.6600
20.4100
20.0800
20.0300
20.0200
19.6400
19.3300
19.2500
19.5500
19.7100
20.0300
20.1800
20.6600
20.7100
19.9600
20.0400
20.2200
20.0700
19.7900
19.6100
19.5700
19.5400
19.8400
19.9500
20.4800
20.6000
20.6100
20.6000
21.2000
21.5900
21.5400
21.9200
21.4900
21.4100
21.2500
21.2600
21.1300
21.4000
21.9900
22.0200
22.6500
22.5400
22.0900
21.8500
21.9500
21.7500
21.8600
22.0500
22.3100
22.5000
22.5500