53.9400
53.2100
53.8400
53.9800
54.3800
55.5200
55.3000
55.0600
55.0400
55.1900
55.5500
56.1400
56.0500
56.0600
56.5500
57.7500
59.6100
60.5000
60.9500
60.7500
60.8500
61.3600
62.5100
62.5900
62.3600
62.4700
61.0300
60.8400
61.2500
61.7900
61.5600
61.5400
61.5300
61.2500
61.0100
61.4000
62.2100
62.0100
61.4200
60.7500
60.3700
60.2400
60.4400
59.8400
60.3300
60.9500
61.5600
61.4600
62.9900
62.7300
63.8700
64.1000
64.3200
63.8500
63.6200
63.1600
63.4900
64.4300
64.2500
63.6200
63.2900
64.2800
65.2500
65.1200
64.5700
64.7200
64.1500
63.1500
63.1900
64.2200
63.3700
63.2100
64.6500
64.2900
63.0600
63.0800
62.1300
62.3900
63.4300
62.0700
63.0200
62.9300
64.4900
63.7700
64.0200
63.1500
63.4900
62.7600
62.0800
62.1300
61.9000
61.3600
60.8100
60.7600
59.5000
58.8600
60.1700
60.1400
60.0000
61.9000
62.0400
62.2800
61.0800
60.6500
58.9300
58.7400
59.5400
59.9500
60.1700
60.9600
60.0200
60.4700
59.9600
60.6300
63.2000
62.7500
63.3000
63.0700
61.7400
63.1700
61.8700
61.6600
62.5600
62.3700
64.3600
64.4900
64.6900
63.7900
62.7200
63.8200
63.3300
63.2600
62.8100
63.3500
62.9800
64.4800
64.6900
64.3200
62.6400
61.9100
60.8400
61.0000
58.7200
58.8400
58.7000
58.9300
59.1600
57.9500
59.0200
59.7800
61.0300
61.0900
60.9000
61.3700
61.3800
61.4800
61.8500
61.8600
61.9300
62.5000
62.1200
61.6300
61.0300
61.2700
61.0600
61.2800
62.0200
61.9100
61.7800
63.0000
62.6000
64.0500
65.2200
64.9700
65.5100
65.4700
66.6300
66.9000
66.9300
67.1900
67.1400
66.7600
67.4500
67.5400
66.8500
66.4800
67.1600
67.6200
67.8700
67.3200
67.2900
67.2700
66.8800
66.8200
63.7500
62.6100
62.9000
62.2600
63.1700
63.7600
63.9000
63.9200
62.6900
63.4700
62.1400
62.2800
63.9800
63.5500
64.2100
65.5500
65.0500
65.6800
66.0100
64.8300
64.6700
64.6900
64.7000
64.4400
64.3400
64.2500
64.4400
65.8200
66.3000
66.0300
66.8400
66.1500
66.0200
66.1000
66.3600
65.9700
65.4500
65.8400
65.6300
65.7100
65.4900
65.5000
67.0600
67.5500
67.3500
67.2600
68.1200
68.7200
68.2400
68.8000
67.6400
67.1000
66.5800
66.7300
65.5400
66.6600
67.7000
68.6700
69.0200
69.1900
69.2900
70.5700
70.7100
71.1700
71.0500
71.0600
71.9100
73.0000
73.6100